2.732000000000000053e-02
2.743000000000000299e-02
2.768000000000000321e-02
2.768000000000000321e-02
2.770000000000000240e-02
2.798000000000000140e-02
2.798000000000000140e-02
2.805000000000000202e-02
2.806000000000000161e-02
2.806000000000000161e-02
2.809000000000000385e-02
2.810000000000000345e-02
2.811000000000000304e-02
2.811000000000000304e-02
2.813000000000000222e-02
2.814000000000000182e-02
2.815000000000000141e-02
2.816000000000000100e-02
2.816000000000000100e-02
2.817000000000000060e-02
2.817000000000000060e-02
2.818000000000000366e-02
2.818000000000000366e-02
2.818000000000000366e-02
2.818000000000000366e-02
2.818000000000000366e-02
2.818000000000000366e-02
2.818000000000000366e-02
2.818000000000000366e-02
2.819000000000000325e-02
2.820000000000000284e-02
2.820000000000000284e-02
2.821000000000000243e-02
2.822000000000000203e-02
2.822000000000000203e-02
2.822000000000000203e-02
2.822000000000000203e-02
2.824000000000000121e-02
2.824000000000000121e-02
2.825000000000000080e-02
2.825000000000000080e-02
2.827000000000000346e-02
2.827000000000000346e-02
2.829000000000000264e-02
2.829000000000000264e-02
2.830000000000000224e-02
2.830000000000000224e-02
2.830000000000000224e-02
2.832000000000000142e-02
2.832000000000000142e-02
2.833000000000000101e-02
2.836000000000000326e-02
2.836000000000000326e-02
2.836000000000000326e-02
2.837000000000000285e-02
2.837000000000000285e-02
2.837000000000000285e-02
2.839000000000000204e-02
2.839000000000000204e-02
2.839000000000000204e-02
2.840000000000000163e-02
2.840000000000000163e-02
2.840000000000000163e-02
2.841000000000000122e-02
2.841000000000000122e-02
2.841000000000000122e-02
2.842000000000000082e-02
2.842000000000000082e-02
2.842000000000000082e-02
2.842000000000000082e-02
2.842000000000000082e-02
2.842000000000000082e-02
2.842000000000000082e-02
2.842000000000000082e-02
2.842000000000000082e-02
2.842000000000000082e-02
2.842000000000000082e-02
2.842000000000000082e-02
2.844000000000000347e-02
2.844000000000000347e-02
2.845000000000000306e-02
2.846000000000000266e-02
2.849000000000000143e-02
2.851000000000000062e-02
2.852000000000000368e-02
2.854000000000000287e-02
2.855000000000000246e-02
2.855000000000000246e-02
2.857000000000000164e-02
2.857000000000000164e-02
2.859000000000000083e-02
2.859000000000000083e-02
2.859000000000000083e-02
2.860000000000000389e-02
2.860000000000000389e-02
2.860000000000000389e-02
2.860000000000000389e-02
2.863000000000000267e-02
2.866000000000000145e-02
2.870000000000000329e-02
2.870000000000000329e-02
2.871000000000000288e-02
2.872000000000000247e-02
2.872000000000000247e-02
2.874000000000000166e-02
2.875000000000000125e-02
2.875000000000000125e-02
2.878000000000000350e-02
2.879000000000000309e-02
2.880000000000000268e-02
2.884000000000000105e-02
2.884000000000000105e-02
2.885000000000000064e-02
2.885000000000000064e-02
2.886000000000000371e-02
2.886000000000000371e-02
2.887000000000000330e-02
2.887000000000000330e-02
2.888000000000000289e-02
2.889000000000000248e-02
2.893000000000000085e-02
2.893000000000000085e-02
2.894000000000000392e-02
2.895000000000000351e-02
2.898000000000000229e-02
2.900000000000000147e-02
2.901000000000000106e-02
2.902000000000000066e-02
2.902000000000000066e-02
2.902000000000000066e-02
2.902000000000000066e-02
2.904000000000000331e-02
2.909000000000000127e-02
2.919000000000000067e-02
2.920000000000000373e-02
2.921000000000000332e-02
2.925000000000000169e-02
2.926000000000000129e-02
2.930000000000000313e-02
2.937000000000000374e-02
2.937000000000000374e-02
2.938000000000000334e-02
2.938000000000000334e-02
2.939000000000000293e-02
2.940000000000000252e-02
2.948000000000000273e-02
2.949000000000000232e-02
2.952000000000000110e-02
2.954000000000000375e-02
2.960000000000000131e-02
2.962000000000000396e-02
2.989000000000000337e-02
2.990000000000000296e-02
3.002000000000000154e-02
3.002000000000000154e-02
3.013000000000000400e-02
3.014000000000000359e-02
3.018000000000000196e-02
3.028000000000000136e-02
3.037000000000000116e-02
3.041000000000000300e-02
3.049000000000000321e-02
3.062000000000000138e-02
3.065000000000000363e-02
3.068000000000000241e-02
3.070000000000000159e-02
3.074000000000000343e-02
3.079000000000000140e-02
3.080000000000000099e-02
3.087000000000000161e-02
3.088000000000000120e-02
3.089000000000000426e-02
3.090000000000000385e-02
3.092000000000000304e-02
3.094000000000000222e-02
3.096000000000000141e-02
3.100000000000000325e-02
3.106000000000000427e-02
3.114000000000000101e-02
3.118000000000000285e-02
3.120000000000000204e-02
3.122000000000000122e-02
3.123000000000000428e-02
3.124000000000000388e-02
3.129000000000000531e-02
3.133999999999999980e-02
3.135000000000000286e-02
3.135000000000000286e-02
3.140000000000000430e-02
3.142999999999999960e-02
3.142999999999999960e-02
3.147000000000000491e-02
3.149000000000000410e-02
3.151999999999999941e-02
3.151999999999999941e-02
3.155000000000000165e-02
3.162000000000000227e-02
3.172000000000000514e-02
3.176000000000000351e-02
3.176000000000000351e-02
3.176999999999999963e-02
3.181000000000000494e-02
3.188000000000000556e-02
3.189000000000000168e-02
3.194000000000000311e-02
3.196000000000000230e-02
3.197000000000000536e-02
3.198000000000000148e-02
3.199000000000000454e-02
3.201999999999999985e-02
3.201999999999999985e-02
3.201999999999999985e-02
3.210000000000000353e-02
3.210000000000000353e-02
3.210000000000000353e-02
3.212000000000000272e-02
3.214000000000000190e-02
3.216000000000000109e-02
3.217000000000000415e-02
3.219000000000000333e-02
3.219000000000000333e-02
3.221000000000000252e-02
3.221000000000000252e-02
3.222000000000000558e-02
3.223000000000000170e-02
3.225000000000000089e-02
3.225000000000000089e-02
3.226000000000000395e-02
3.227000000000000007e-02
3.227000000000000007e-02
3.228999999999999926e-02
3.230000000000000232e-02
3.231000000000000538e-02
3.231000000000000538e-02
3.231000000000000538e-02
3.233000000000000457e-02
3.233000000000000457e-02
3.235000000000000375e-02
3.235999999999999988e-02
3.238000000000000600e-02
3.240000000000000518e-02
3.240000000000000518e-02
3.241000000000000131e-02
3.242000000000000437e-02
3.243000000000000049e-02
3.244999999999999968e-02
3.246000000000000274e-02
3.250000000000000111e-02
3.259000000000000091e-02
3.262000000000000316e-02
3.264000000000000234e-02
3.264000000000000234e-02
3.266000000000000153e-02
3.268000000000000071e-02
3.268000000000000071e-02
3.269000000000000378e-02
3.269000000000000378e-02
3.274000000000000521e-02
3.275000000000000133e-02
3.276000000000000439e-02
3.284000000000000113e-02
3.286000000000000032e-02
3.290000000000000563e-02
3.290000000000000563e-02
3.291000000000000175e-02
3.292000000000000481e-02
3.299000000000000543e-02
3.302000000000000074e-02
3.302000000000000074e-02
3.302000000000000074e-02
3.303000000000000380e-02
3.321999999999999953e-02
3.324000000000000565e-02
3.326000000000000484e-02
3.344000000000000444e-02
3.361000000000000099e-02
3.362000000000000405e-02
3.364999999999999936e-02
3.366000000000000242e-02
3.369000000000000467e-02
3.377000000000000141e-02
3.379000000000000059e-02
3.420000000000000123e-02
3.422000000000000042e-02
3.438000000000000084e-02
3.452000000000000207e-02
3.453000000000000513e-02
3.454000000000000126e-02
3.457000000000000350e-02
3.457999999999999963e-02
3.461000000000000187e-02
3.465000000000000024e-02
3.466000000000000331e-02
3.466000000000000331e-02
3.468000000000000249e-02
3.468000000000000249e-02
3.474000000000000005e-02
3.475000000000000311e-02
3.476000000000000617e-02
3.477000000000000229e-02
3.478000000000000536e-02
3.484000000000000291e-02
3.486000000000000210e-02
3.491999999999999965e-02
3.493000000000000271e-02
3.497000000000000108e-02
3.498000000000000415e-02
3.502000000000000252e-02
3.503000000000000558e-02
3.509000000000000313e-02
3.514000000000000457e-02
3.515000000000000069e-02
3.519000000000000600e-02
3.519000000000000600e-02
3.520000000000000212e-02
3.521000000000000518e-02
3.522000000000000131e-02
3.525000000000000355e-02
3.527000000000000274e-02
3.529000000000000192e-02
3.531000000000000111e-02
3.531000000000000111e-02
3.532000000000000417e-02
3.538000000000000173e-02
3.540000000000000091e-02
3.541000000000000397e-02
3.542000000000000010e-02
3.542000000000000010e-02
3.543000000000000316e-02
3.549000000000000071e-02
3.550000000000000377e-02
3.553000000000000602e-02
3.571000000000000563e-02
3.573000000000000481e-02
3.574000000000000093e-02
3.576000000000000012e-02
3.577000000000000318e-02
3.578000000000000624e-02
3.580000000000000543e-02
3.583000000000000074e-02
3.588000000000000217e-02
3.588000000000000217e-02
3.590000000000000135e-02
3.596000000000000585e-02
3.596000000000000585e-02
3.602000000000000340e-02
3.602000000000000340e-02
3.602000000000000340e-02
3.602000000000000340e-02
3.602000000000000340e-02
3.602000000000000340e-02
3.604000000000000259e-02
3.606000000000000177e-02
3.610000000000000014e-02
3.611000000000000321e-02
3.613000000000000239e-02
3.614000000000000545e-02
3.615000000000000158e-02
3.616000000000000464e-02
3.617000000000000076e-02
3.618000000000000382e-02
3.621000000000000607e-02
3.621000000000000607e-02
3.623000000000000526e-02
3.624000000000000138e-02
3.624000000000000138e-02
3.624000000000000138e-02
3.627000000000000363e-02
3.627000000000000363e-02
3.627000000000000363e-02
3.627000000000000363e-02
3.627999999999999975e-02
3.630000000000000587e-02
3.631000000000000200e-02
3.632000000000000506e-02
3.634000000000000424e-02
3.635000000000000037e-02
3.636999999999999955e-02
3.636999999999999955e-02
3.636999999999999955e-02
3.638000000000000261e-02
3.638000000000000261e-02
3.639000000000000568e-02
3.639000000000000568e-02
3.642000000000000098e-02
3.642000000000000098e-02
3.643000000000000405e-02
3.643000000000000405e-02
3.643000000000000405e-02
3.644000000000000017e-02
3.645000000000000323e-02
3.647000000000000242e-02
3.648000000000000548e-02
3.649000000000000160e-02
3.650000000000000466e-02
3.650000000000000466e-02
3.652000000000000385e-02
3.652000000000000385e-02
3.652999999999999997e-02
3.655000000000000610e-02
3.657000000000000528e-02
3.658000000000000140e-02
3.663000000000000284e-02
3.664000000000000590e-02
3.664000000000000590e-02
3.665000000000000202e-02
3.667000000000000121e-02
3.673000000000000570e-02
3.675000000000000488e-02
3.675000000000000488e-02
3.680000000000000632e-02
3.681000000000000244e-02
3.684000000000000469e-02
3.684000000000000469e-02
3.688000000000000306e-02
3.710000000000000103e-02
3.727000000000000451e-02
3.728000000000000064e-02
3.819000000000000172e-02
3.840999999999999970e-02
3.846000000000000113e-02
3.861000000000000543e-02
3.865000000000000380e-02
3.867000000000000298e-02
3.872000000000000441e-02
3.878000000000000197e-02
3.880000000000000115e-02
3.894000000000000239e-02
3.894000000000000239e-02
3.916000000000000036e-02
3.920000000000000567e-02
3.925000000000000017e-02
3.929000000000000548e-02
3.929000000000000548e-02
3.930000000000000160e-02
3.931000000000000466e-02
3.933000000000000385e-02
3.933999999999999997e-02
3.937000000000000222e-02
3.938000000000000528e-02
3.940000000000000446e-02
3.942000000000000365e-02
3.944000000000000283e-02
3.944000000000000283e-02
3.947000000000000508e-02
3.949000000000000427e-02
3.951000000000000345e-02
3.955000000000000182e-02
3.955000000000000182e-02
3.956000000000000488e-02
3.956000000000000488e-02
3.965000000000000469e-02
3.966000000000000081e-02
3.967000000000000387e-02
3.969000000000000306e-02
3.970000000000000612e-02
3.972000000000000530e-02
3.973000000000000143e-02
3.976000000000000367e-02
3.976999999999999980e-02
3.978000000000000286e-02
3.982000000000000123e-02
3.986000000000000654e-02
4.002000000000000002e-02
4.010000000000000370e-02
4.014000000000000207e-02
4.015000000000000513e-02
4.019000000000000350e-02
4.023000000000000187e-02
4.028000000000000330e-02
4.028000000000000330e-02
4.032000000000000167e-02
4.032000000000000167e-02
4.032000000000000167e-02
4.035000000000000392e-02
4.046000000000000291e-02
4.049000000000000515e-02
4.051000000000000434e-02
4.051000000000000434e-02
4.053000000000000352e-02
4.054000000000000659e-02
4.057000000000000189e-02
4.063000000000000639e-02
4.065000000000000557e-02
4.075000000000000150e-02
4.077000000000000068e-02
4.081000000000000599e-02
4.082000000000000212e-02
4.085000000000000436e-02
4.088000000000000661e-02
4.089000000000000273e-02
4.090000000000000580e-02
4.093000000000000110e-02
4.095000000000000029e-02
4.099000000000000560e-02
4.100000000000000172e-02
4.101000000000000478e-02
4.106000000000000622e-02
4.113000000000000683e-02
4.114000000000000296e-02
4.116000000000000214e-02
4.119000000000000439e-02
4.121000000000000357e-02
4.121000000000000357e-02
4.122000000000000663e-02
4.122000000000000663e-02
4.123000000000000276e-02
4.123000000000000276e-02
4.124000000000000582e-02
4.130000000000000338e-02
4.130000000000000338e-02
4.130000000000000338e-02
4.137000000000000399e-02
4.139000000000000318e-02
4.141000000000000236e-02
4.141000000000000236e-02
4.141000000000000236e-02
4.148000000000000298e-02
4.149000000000000604e-02
4.156000000000000666e-02
4.162000000000000421e-02
4.170000000000000095e-02
4.178000000000000463e-02
4.185000000000000525e-02
4.202000000000000179e-02
4.202000000000000179e-02
4.202000000000000179e-02
4.208000000000000629e-02
4.211000000000000160e-02
4.214000000000000384e-02
4.215000000000000691e-02
4.217000000000000609e-02
4.220000000000000140e-02
4.221000000000000446e-02
4.222000000000000058e-02
4.222000000000000058e-02
4.223000000000000365e-02
4.226000000000000589e-02
4.231000000000000039e-02
4.233000000000000651e-02
4.234000000000000263e-02
4.234000000000000263e-02
4.238000000000000100e-02
4.240000000000000019e-02
4.242000000000000631e-02
4.243000000000000244e-02
4.244000000000000550e-02
4.244000000000000550e-02
4.251000000000000612e-02
4.254000000000000142e-02
4.258000000000000673e-02
4.260000000000000592e-02
4.263000000000000123e-02
4.264000000000000429e-02
4.267000000000000653e-02
4.269000000000000572e-02
4.269000000000000572e-02
4.270000000000000184e-02
4.279000000000000165e-02
4.280000000000000471e-02
4.290000000000000063e-02
4.291000000000000369e-02
4.292000000000000676e-02
4.293000000000000288e-02
4.299000000000000044e-02
4.306000000000000105e-02
4.311000000000000248e-02
4.311000000000000248e-02
4.314000000000000473e-02
4.322000000000000147e-02
4.326000000000000678e-02
4.329000000000000209e-02
4.331000000000000127e-02
4.335000000000000658e-02
4.340000000000000108e-02
4.340000000000000108e-02
4.341000000000000414e-02
4.344000000000000639e-02
4.353000000000000619e-02
4.376000000000000029e-02
4.446000000000000646e-02
4.446000000000000646e-02
4.467000000000000137e-02
4.467000000000000137e-02
4.470000000000000362e-02
4.472000000000000280e-02
4.478000000000000036e-02
4.484000000000000485e-02
4.485000000000000098e-02
4.491000000000000547e-02
4.498000000000000609e-02
4.506000000000000283e-02
4.510000000000000120e-02
4.513000000000000345e-02
4.513000000000000345e-02
4.515000000000000263e-02
4.515000000000000263e-02
4.516000000000000569e-02
4.518000000000000488e-02
4.519000000000000100e-02
4.519000000000000100e-02
4.519000000000000100e-02
4.522000000000000325e-02
4.525000000000000550e-02
4.527000000000000468e-02
4.530000000000000693e-02
4.531000000000000305e-02
4.531000000000000305e-02
4.531000000000000305e-02
4.532000000000000611e-02
4.532000000000000611e-02
4.533000000000000224e-02
4.535000000000000142e-02
4.537000000000000061e-02
4.541000000000000592e-02
4.546000000000000041e-02
4.553000000000000103e-02
4.554000000000000409e-02
4.560000000000000164e-02
4.564000000000000695e-02
4.566000000000000614e-02
4.567000000000000226e-02
4.571000000000000063e-02
4.571000000000000063e-02
4.576000000000000206e-02
4.578000000000000125e-02
4.580000000000000043e-02
4.586000000000000493e-02
4.599000000000000310e-02
4.600000000000000616e-02
4.600000000000000616e-02
4.602000000000000535e-02
4.603000000000000147e-02
4.603000000000000147e-02
4.609000000000000596e-02
4.617000000000000270e-02
4.626000000000000251e-02
4.628000000000000169e-02
4.634000000000000619e-02
4.635000000000000231e-02
4.639000000000000068e-02
4.639000000000000068e-02
4.643000000000000599e-02
4.643000000000000599e-02
4.644000000000000211e-02
4.646000000000000130e-02
4.647000000000000436e-02
4.648000000000000048e-02
4.651000000000000273e-02
4.653000000000000191e-02
4.655000000000000110e-02
4.656000000000000416e-02
4.659000000000000641e-02
4.661000000000000559e-02
4.661000000000000559e-02
4.662000000000000172e-02
4.670000000000000540e-02
4.670000000000000540e-02
4.677000000000000601e-02
4.679000000000000520e-02
4.694000000000000256e-02
4.704000000000000542e-02
4.715000000000000441e-02
4.717000000000000359e-02
4.718000000000000665e-02
4.721000000000000196e-02
4.723000000000000115e-02
4.724000000000000421e-02
4.729000000000000564e-02
4.739000000000000157e-02
4.743000000000000688e-02
4.744000000000000300e-02
4.744000000000000300e-02
4.755000000000000199e-02
4.760000000000000342e-02
4.772000000000000547e-02
4.786000000000000670e-02
4.797000000000000569e-02
4.811000000000000693e-02
4.827000000000000735e-02
4.838000000000000633e-02
4.841000000000000164e-02
4.843000000000000083e-02
4.852000000000000063e-02
4.855000000000000288e-02
4.856000000000000594e-02
4.859000000000000125e-02
4.865000000000000574e-02
4.869000000000000411e-02
4.870000000000000717e-02
4.875000000000000167e-02
4.879000000000000697e-02
4.880000000000000310e-02
4.882000000000000228e-02
4.899000000000000576e-02
4.900000000000000189e-02
4.901000000000000495e-02
4.903000000000000413e-02
4.909000000000000169e-02
4.910000000000000475e-02
4.912000000000000394e-02
4.920000000000000068e-02
4.922000000000000680e-02
4.931000000000000660e-02
4.932000000000000273e-02
4.932000000000000273e-02
4.938000000000000722e-02
4.938000000000000722e-02
4.940000000000000641e-02
4.941000000000000253e-02
4.941000000000000253e-02
4.952000000000000152e-02
4.952000000000000152e-02
4.954000000000000070e-02
4.955000000000000376e-02
4.956000000000000683e-02
4.958000000000000601e-02
4.960000000000000520e-02
4.962000000000000438e-02
4.965000000000000663e-02
4.966000000000000275e-02
4.968000000000000194e-02
4.969000000000000500e-02
4.974000000000000643e-02
4.980000000000000399e-02
4.994000000000000522e-02
4.997000000000000747e-02
5.008000000000000645e-02
5.020000000000000157e-02
5.022000000000000075e-02
5.029000000000000137e-02
5.034000000000000280e-02
5.035000000000000586e-02
5.035000000000000586e-02
5.039000000000000423e-02
5.041000000000000342e-02
5.045000000000000179e-02
5.051000000000000628e-02
5.055000000000000465e-02
5.055000000000000465e-02
5.058000000000000690e-02
5.058000000000000690e-02
5.065000000000000752e-02
5.065000000000000752e-02
5.069000000000000589e-02
5.075000000000000344e-02
5.076000000000000650e-02
5.077000000000000263e-02
5.098000000000000448e-02
5.100000000000000366e-02
5.100000000000000366e-02
5.110000000000000653e-02
5.112000000000000571e-02
5.113000000000000184e-02
5.115000000000000102e-02
5.126000000000000695e-02
5.128000000000000613e-02
5.130000000000000532e-02
5.136000000000000287e-02
5.139000000000000512e-02
5.151000000000000717e-02
5.151000000000000717e-02
5.151000000000000717e-02
5.152000000000000329e-02
5.155000000000000554e-02
5.155000000000000554e-02
5.160000000000000697e-02
5.168000000000000371e-02
5.169000000000000677e-02
5.170000000000000290e-02
5.183000000000000107e-02
5.184000000000000413e-02
5.190000000000000169e-02
5.194000000000000700e-02
5.202000000000000374e-02
5.202000000000000374e-02
5.202000000000000374e-02
5.208000000000000129e-02
5.215000000000000191e-02
5.215000000000000191e-02
5.218000000000000416e-02
5.219000000000000722e-02
5.219000000000000722e-02
5.225000000000000477e-02
5.231000000000000233e-02
5.232000000000000539e-02
5.238000000000000295e-02
5.245000000000000356e-02
5.248000000000000581e-02
5.248000000000000581e-02
5.249000000000000193e-02
5.250000000000000500e-02
5.254000000000000337e-02
5.256000000000000255e-02
5.263000000000000317e-02
5.267000000000000154e-02
5.268000000000000460e-02
5.277000000000000440e-02
5.282000000000000584e-02
5.284000000000000502e-02
5.287000000000000727e-02
5.289000000000000645e-02
5.295000000000000401e-02
5.302000000000000463e-02
5.302000000000000463e-02
5.310000000000000137e-02
5.314000000000000667e-02
5.319000000000000117e-02
5.330000000000000709e-02
5.332000000000000628e-02
5.333000000000000240e-02
5.334000000000000546e-02
5.337000000000000771e-02
5.339000000000000690e-02
5.345000000000000445e-02
5.346000000000000751e-02
5.351000000000000201e-02
5.382000000000000672e-02
5.386000000000000509e-02
5.408000000000000307e-02
5.419000000000000206e-02
5.422000000000000430e-02
5.431000000000000411e-02
5.433000000000000329e-02
5.441000000000000697e-02
5.445000000000000534e-02
5.446000000000000146e-02
5.448000000000000759e-02
5.449000000000000371e-02
5.458000000000000351e-02
5.458000000000000351e-02
5.464000000000000107e-02
5.468000000000000638e-02
5.479000000000000536e-02
5.480000000000000149e-02
5.482000000000000761e-02
5.483000000000000373e-02
5.491000000000000741e-02
5.496000000000000191e-02
5.501000000000000334e-02
5.502000000000000640e-02
5.502000000000000640e-02
5.502000000000000640e-02
5.502000000000000640e-02
5.507000000000000783e-02
5.509000000000000702e-02
5.512000000000000233e-02
5.514000000000000151e-02
5.515000000000000457e-02
5.516000000000000764e-02
5.517000000000000376e-02
5.517000000000000376e-02
5.519000000000000294e-02
5.520000000000000601e-02
5.521000000000000213e-02
5.521000000000000213e-02
5.522000000000000519e-02
5.528000000000000275e-02
5.530000000000000193e-02
5.531000000000000499e-02
5.531000000000000499e-02
5.532000000000000112e-02
5.532000000000000112e-02
5.538000000000000561e-02
5.538000000000000561e-02
5.538000000000000561e-02
5.540000000000000480e-02
5.542000000000000398e-02
5.543000000000000704e-02
5.544000000000000317e-02
5.546000000000000235e-02
5.548000000000000154e-02
5.553000000000000297e-02
5.556000000000000522e-02
5.556000000000000522e-02
5.558000000000000440e-02
5.561000000000000665e-02
5.561000000000000665e-02
5.565000000000000502e-02
5.570000000000000645e-02
5.570000000000000645e-02
5.571000000000000257e-02
5.571000000000000257e-02
5.572000000000000564e-02
5.578000000000000319e-02
5.579000000000000625e-02
5.581000000000000544e-02
5.589000000000000218e-02
5.593000000000000749e-02
5.610000000000000403e-02
5.611000000000000709e-02
5.613000000000000628e-02
5.621000000000000302e-02
5.622000000000000608e-02
5.627000000000000751e-02
5.631000000000000588e-02
5.633000000000000507e-02
5.641000000000000181e-02
5.647000000000000630e-02
5.648000000000000242e-02
5.648000000000000242e-02
5.649000000000000549e-02
5.654000000000000692e-02
5.657000000000000223e-02
5.657000000000000223e-02
5.658000000000000529e-02
5.664000000000000284e-02
5.669000000000000428e-02
5.671000000000000346e-02
5.684000000000000163e-02
5.687000000000000388e-02
5.690000000000000613e-02
5.692000000000000531e-02
5.699000000000000593e-02
5.702000000000000124e-02
5.702000000000000124e-02
5.707000000000000267e-02
5.734000000000000208e-02
5.749000000000000637e-02
5.767000000000000598e-02
5.781000000000000721e-02
5.781000000000000721e-02
5.792000000000000620e-02
5.809000000000000274e-02
5.812000000000000499e-02
5.819000000000000561e-02
5.820000000000000173e-02
5.821000000000000479e-02
5.824000000000000704e-02
5.825000000000000316e-02
5.830000000000000460e-02
5.832000000000000378e-02
5.835000000000000603e-02
5.840000000000000746e-02
5.840000000000000746e-02
5.842000000000000665e-02
5.843000000000000277e-02
5.844000000000000583e-02
5.845000000000000195e-02
5.845000000000000195e-02
5.845000000000000195e-02
5.846000000000000502e-02
5.847000000000000808e-02
5.848000000000000420e-02
5.850000000000000339e-02
5.851000000000000645e-02
5.851000000000000645e-02
5.851000000000000645e-02
5.853000000000000563e-02
5.854000000000000176e-02
5.855000000000000482e-02
5.855000000000000482e-02
5.858000000000000707e-02
5.860000000000000625e-02
5.867000000000000687e-02
5.867000000000000687e-02
5.867000000000000687e-02
5.868000000000000299e-02
5.871000000000000524e-02
5.871000000000000524e-02
5.874000000000000749e-02
5.876000000000000667e-02
5.877000000000000279e-02
5.883000000000000729e-02
5.887000000000000566e-02
5.888000000000000178e-02
5.895000000000000240e-02
5.900000000000000383e-02
5.901000000000000689e-02
5.908000000000000751e-02
5.908000000000000751e-02
5.912000000000000588e-02
5.913000000000000200e-02
5.916000000000000425e-02
5.917000000000000731e-02
5.919000000000000650e-02
5.921000000000000568e-02
5.927000000000000324e-02
5.930000000000000548e-02
5.934000000000000385e-02
5.939000000000000529e-02
5.941000000000000447e-02
5.953000000000000652e-02
5.955000000000000571e-02
5.960000000000000714e-02
5.961000000000000326e-02
5.963000000000000245e-02
5.967000000000000776e-02
5.976000000000000756e-02
5.977000000000000368e-02
5.984000000000000430e-02
6.005000000000000615e-02
6.006000000000000227e-02
6.007000000000000534e-02
6.012000000000000677e-02
6.023000000000000576e-02
6.031000000000000250e-02
6.032000000000000556e-02
6.052000000000000435e-02
6.076000000000000151e-02
6.125000000000000583e-02
6.157000000000000667e-02
6.176000000000000240e-02
6.187000000000000832e-02
6.191000000000000669e-02
6.196000000000000812e-02
6.197000000000000425e-02
6.204000000000000486e-02
6.211000000000000548e-02
6.213000000000000467e-02
6.213000000000000467e-02
6.214000000000000773e-02
6.215000000000000385e-02
6.216000000000000691e-02
6.218000000000000610e-02
6.219000000000000222e-02
6.220000000000000528e-02
6.221000000000000835e-02
6.222000000000000447e-02
6.222000000000000447e-02
6.224000000000000365e-02
6.224000000000000365e-02
6.224000000000000365e-02
6.224000000000000365e-02
6.225000000000000672e-02
6.225000000000000672e-02
6.226000000000000284e-02
6.231000000000000427e-02
6.231000000000000427e-02
6.235000000000000264e-02
6.235000000000000264e-02
6.235000000000000264e-02
6.237000000000000183e-02
6.238000000000000489e-02
6.238000000000000489e-02
6.239000000000000795e-02
6.241000000000000714e-02
6.242000000000000326e-02
6.244000000000000244e-02
6.246000000000000857e-02
6.247000000000000469e-02
6.247000000000000469e-02
6.248000000000000775e-02
6.248000000000000775e-02
6.248000000000000775e-02
6.249000000000000388e-02
6.249000000000000388e-02
6.251000000000001000e-02
6.252000000000000612e-02
6.252000000000000612e-02
6.253999999999999837e-02
6.253999999999999837e-02
6.258000000000001062e-02
6.258000000000001062e-02
6.259000000000000674e-02
6.260000000000000286e-02
6.260000000000000286e-02
6.260999999999999899e-02
6.262000000000000899e-02
6.267000000000000348e-02
6.267999999999999960e-02
6.269000000000000961e-02
6.271000000000000185e-02
6.275000000000000022e-02
6.275000000000000022e-02
6.278999999999999859e-02
6.280000000000000859e-02
6.280000000000000859e-02
6.284000000000000696e-02
6.285999999999999921e-02
6.287000000000000921e-02
6.288000000000000533e-02
6.289000000000000146e-02
6.302000000000000657e-02
6.303000000000000269e-02
6.314000000000000168e-02
6.321999999999999842e-02
6.328000000000000291e-02
6.332000000000000128e-02
6.333000000000001128e-02
6.346999999999999864e-02
6.352000000000000701e-02
6.352000000000000701e-02
6.353000000000000314e-02
6.364000000000000212e-02
6.389999999999999847e-02
6.394000000000001072e-02
6.399000000000000521e-02
6.409000000000000807e-02
6.414999999999999869e-02
6.419000000000001094e-02
6.432000000000000217e-02
6.436000000000000054e-02
6.445000000000000728e-02
6.446999999999999953e-02
6.486000000000000099e-02
6.489999999999999936e-02
6.502000000000000834e-02
6.522000000000000020e-02
6.528000000000000469e-02
6.536000000000000143e-02
6.546000000000000429e-02
6.546000000000000429e-02
6.547000000000000042e-02
6.549000000000000654e-02
6.549000000000000654e-02
6.560000000000000553e-02
6.580000000000001126e-02
6.595000000000000862e-02
6.596000000000000474e-02
6.602000000000000923e-02
6.605000000000001148e-02
6.609000000000000985e-02
6.610000000000000597e-02
6.611000000000000210e-02
6.613000000000000822e-02
6.617000000000000659e-02
6.617000000000000659e-02
6.618000000000000271e-02
6.618999999999999884e-02
6.620000000000000884e-02
6.620000000000000884e-02
6.622000000000000108e-02
6.624000000000000721e-02
6.625000000000000333e-02
6.628000000000000558e-02
6.634000000000001007e-02
6.634000000000001007e-02
6.634000000000001007e-02
6.635000000000000620e-02
6.636000000000000232e-02
6.636000000000000232e-02
6.637000000000001232e-02
6.642000000000000681e-02
6.643999999999999906e-02
6.646000000000000518e-02
6.648000000000001131e-02
6.649000000000000743e-02
6.655000000000001192e-02
6.660000000000000642e-02
6.661999999999999866e-02
6.663000000000000866e-02
6.664000000000000479e-02
6.664000000000000479e-02
6.668000000000000316e-02
6.670000000000000928e-02
6.673000000000001153e-02
6.674000000000000765e-02
6.675000000000000377e-02
6.675000000000000377e-02
6.675000000000000377e-02
6.678000000000000602e-02
6.678000000000000602e-02
6.682000000000000439e-02
6.683000000000000052e-02
6.686000000000000276e-02
6.686999999999999889e-02
6.696000000000000563e-02
6.697000000000000175e-02
6.697000000000000175e-02
6.702000000000001012e-02
6.702000000000001012e-02
6.704000000000000237e-02
6.718999999999999972e-02
6.720000000000000973e-02
6.720000000000000973e-02
6.729999999999999871e-02
6.736999999999999933e-02
6.738000000000000933e-02
6.754000000000000281e-02
6.754000000000000281e-02
6.757000000000000506e-02
6.759000000000001118e-02
6.761999999999999955e-02
6.766000000000001180e-02
6.777000000000001079e-02
6.778000000000000691e-02
6.781000000000000916e-02
6.800000000000000488e-02
6.800000000000000488e-02
6.806000000000000938e-02
6.814000000000000612e-02
6.821000000000000674e-02
6.845000000000001084e-02
6.849000000000000921e-02
6.849000000000000921e-02
6.861000000000000432e-02
6.862000000000000044e-02
6.871000000000000718e-02
6.875000000000000555e-02
6.917000000000000925e-02
6.922999999999999987e-02
6.926000000000000212e-02
6.933999999999999886e-02
6.937000000000000111e-02
6.940999999999999948e-02
6.940999999999999948e-02
6.943000000000000560e-02
6.965000000000000357e-02
6.972000000000000419e-02
6.973000000000000032e-02
6.981000000000001093e-02
6.993000000000000604e-02
7.003000000000000891e-02
7.016000000000000014e-02
7.017000000000001014e-02
7.031000000000001138e-02
7.032000000000000750e-02
7.035000000000000975e-02
7.035000000000000975e-02
7.046000000000000874e-02
7.049000000000001098e-02
7.049000000000001098e-02
7.050000000000000711e-02
7.051000000000000323e-02
7.055000000000000160e-02
7.061000000000000609e-02
7.062000000000000222e-02
7.065000000000000446e-02
7.080000000000000182e-02
7.086000000000000631e-02
7.093000000000000693e-02
7.096000000000000918e-02
7.105000000000000204e-02
7.117000000000001103e-02
7.128000000000001002e-02
7.129000000000000614e-02
7.140000000000000513e-02
7.158000000000000473e-02
7.158000000000000473e-02
7.162000000000000310e-02
7.165000000000000535e-02
7.172000000000000597e-02
7.180000000000000271e-02
7.201000000000000456e-02
7.225000000000000866e-02
7.230000000000000315e-02
7.257000000000000950e-02
7.261000000000000787e-02
7.263000000000000012e-02
7.265000000000000624e-02
7.273999999999999910e-02
7.319000000000000505e-02
7.319000000000000505e-02
7.327000000000000179e-02
7.331000000000000016e-02
7.332000000000001017e-02
7.336000000000000854e-02
7.337000000000000466e-02
7.345000000000000140e-02
7.348999999999999977e-02
7.354000000000000814e-02
7.359000000000000263e-02
7.378000000000001224e-02
7.390000000000000735e-02
7.401000000000000634e-02
7.407000000000001083e-02
7.426000000000000656e-02
7.426000000000000656e-02
7.430000000000000493e-02
7.438000000000000167e-02
7.439000000000001167e-02
7.440000000000000779e-02
7.441000000000000392e-02
7.443000000000001004e-02
7.451000000000000678e-02
7.452000000000000290e-02
7.452000000000000290e-02
7.454000000000000903e-02
7.456000000000000127e-02
7.463000000000000189e-02
7.466000000000000414e-02
7.468000000000001026e-02
7.476000000000000700e-02
7.476000000000000700e-02
7.486000000000000987e-02
7.500000000000001110e-02
7.506000000000000172e-02
7.537000000000000643e-02
7.541000000000000481e-02
7.548000000000000542e-02
7.551000000000000767e-02
7.577000000000000401e-02
7.581000000000000238e-02
7.582000000000001239e-02
7.587000000000000688e-02
7.674000000000000266e-02
7.758000000000001006e-02
7.804000000000001214e-02
7.836000000000001298e-02
7.841000000000000747e-02
7.922000000000001263e-02
7.923000000000000875e-02
7.926000000000001100e-02
7.926000000000001100e-02
7.935000000000000386e-02
7.935999999999999999e-02
7.938000000000000611e-02
7.943000000000000060e-02
7.943000000000000060e-02
7.946000000000000285e-02
7.950000000000000122e-02
7.952000000000000735e-02
7.953000000000000347e-02
7.958000000000001184e-02
7.958000000000001184e-02
7.964000000000000246e-02
7.968000000000000083e-02
7.968000000000000083e-02
7.970000000000000695e-02
7.971000000000000307e-02
7.976000000000001144e-02
7.984000000000000818e-02
7.986000000000000043e-02
7.986000000000000043e-02
7.988000000000000655e-02
7.994000000000001105e-02
7.996000000000000330e-02
7.997000000000001330e-02
7.997000000000001330e-02
7.997000000000001330e-02
7.998000000000000942e-02
8.001000000000001167e-02
8.002000000000000779e-02
8.002000000000000779e-02
8.002000000000000779e-02
8.009000000000000841e-02
8.010000000000000453e-02
8.013000000000000678e-02
8.013000000000000678e-02
8.017000000000000515e-02
8.018000000000000127e-02
8.018000000000000127e-02
8.020000000000000739e-02
8.021000000000000352e-02
8.021000000000000352e-02
8.021000000000000352e-02
8.021999999999999964e-02
8.028000000000000413e-02
8.029000000000000026e-02
8.030000000000001026e-02
8.030000000000001026e-02
8.033000000000001251e-02
8.033000000000001251e-02
8.034000000000000863e-02
8.035000000000000475e-02
8.037000000000001088e-02
8.039000000000000312e-02
8.040000000000001312e-02
8.040000000000001312e-02
8.041000000000000925e-02
8.043000000000000149e-02
8.044000000000001149e-02
8.046999999999999986e-02
8.046999999999999986e-02
8.048000000000000986e-02
8.049000000000000599e-02
8.052000000000000823e-02
8.054000000000000048e-02
8.056000000000000660e-02
8.058000000000001273e-02
8.058000000000001273e-02
8.060000000000000497e-02
8.061000000000000110e-02
8.062000000000001110e-02
8.070000000000000784e-02
8.089999999999999969e-02
8.089999999999999969e-02
8.091000000000000969e-02
8.154000000000000137e-02
8.171000000000000485e-02
8.218000000000000305e-02
8.477000000000001201e-02
8.637000000000000233e-02
8.655000000000000193e-02
8.668000000000000704e-02
8.709000000000000075e-02
8.738000000000001322e-02
8.744000000000000383e-02
8.881000000000001393e-02
8.899000000000001354e-02
8.924000000000001376e-02
8.967000000000001358e-02
8.999000000000000055e-02
9.048000000000000487e-02
9.051000000000000711e-02
9.060000000000001386e-02
9.089000000000001245e-02
9.101000000000000756e-02
9.120000000000000329e-02
9.132000000000001227e-02
9.137000000000000677e-02
9.162000000000000699e-02
9.250000000000001277e-02
9.304000000000001158e-02
9.328000000000000180e-02
9.340000000000001079e-02
9.347000000000001141e-02
9.381000000000000449e-02
9.481000000000000538e-02
9.652000000000000857e-02
9.805000000000001215e-02
9.875000000000000444e-02
9.920000000000001039e-02
9.985000000000000819e-02
1.008700000000000013e-01
1.008900000000000075e-01
1.011100000000000054e-01
1.014100000000000140e-01
1.014900000000000108e-01
1.015000000000000069e-01
1.017200000000000049e-01
1.017300000000000149e-01
1.018300000000000038e-01
1.019400000000000028e-01
1.022400000000000114e-01
1.023300000000000043e-01
1.023700000000000027e-01
1.026100000000000068e-01
1.026100000000000068e-01
1.026400000000000090e-01
1.028300000000000047e-01
1.028800000000000131e-01
1.029800000000000021e-01
1.031000000000000111e-01
1.032500000000000084e-01
1.034100000000000019e-01
1.034200000000000119e-01
1.034500000000000142e-01
1.035000000000000087e-01
1.035400000000000070e-01
1.036000000000000115e-01
1.036400000000000099e-01
1.037500000000000089e-01
1.037800000000000111e-01
1.038200000000000095e-01
1.038800000000000140e-01
1.039700000000000069e-01
1.044600000000000112e-01
1.051300000000000151e-01
1.051800000000000096e-01
1.057600000000000068e-01
1.061100000000000099e-01
1.061300000000000021e-01
1.061700000000000144e-01
1.062000000000000027e-01
1.063500000000000140e-01
1.063800000000000023e-01
1.064100000000000046e-01
1.064700000000000091e-01
1.066900000000000071e-01
1.070100000000000079e-01
1.075400000000000106e-01
1.077900000000000108e-01
1.079200000000000020e-01
1.080300000000000149e-01
1.081600000000000061e-01
1.084400000000000086e-01
1.091600000000000070e-01
1.093500000000000028e-01
1.095400000000000124e-01
1.096300000000000052e-01
1.098700000000000093e-01
1.099500000000000061e-01
1.099700000000000122e-01
1.100300000000000028e-01
1.103100000000000053e-01
1.109600000000000031e-01
1.110600000000000059e-01
1.113300000000000123e-01
1.113500000000000045e-01
1.113900000000000029e-01
1.117300000000000099e-01
1.118800000000000072e-01
1.122100000000000042e-01
1.123100000000000070e-01
1.126000000000000056e-01
1.127100000000000046e-01
1.127300000000000108e-01
1.127400000000000069e-01
1.128700000000000120e-01
1.129900000000000071e-01
1.131600000000000106e-01
1.137400000000000078e-01
1.139200000000000074e-01
1.144200000000000078e-01
1.145000000000000046e-01
1.145800000000000152e-01
1.146600000000000119e-01
1.146700000000000080e-01
1.147800000000000070e-01
1.149000000000000160e-01
1.149800000000000127e-01
1.149900000000000089e-01
1.153700000000000142e-01
1.156300000000000106e-01
1.157300000000000134e-01
1.160400000000000043e-01
1.163500000000000090e-01
1.171900000000000164e-01
1.181100000000000066e-01
1.183300000000000046e-01
1.184500000000000136e-01
1.190800000000000053e-01
1.202500000000000097e-01
1.256700000000000039e-01
1.272900000000000142e-01
1.276000000000000190e-01
1.276600000000000235e-01
1.294600000000000195e-01
1.296800000000000175e-01
1.296899999999999997e-01
1.299500000000000099e-01
1.300000000000000044e-01
1.310000000000000053e-01
1.312200000000000033e-01
1.312800000000000078e-01
1.313500000000000223e-01
1.314700000000000035e-01
1.323000000000000009e-01
1.325300000000000089e-01
1.325500000000000012e-01
1.325600000000000112e-01
1.325700000000000212e-01
1.329100000000000004e-01
1.329200000000000104e-01
1.329400000000000026e-01
1.329500000000000126e-01
1.334600000000000231e-01
1.335600000000000120e-01
1.337900000000000200e-01
1.338900000000000090e-01
1.360400000000000220e-01
1.387800000000000145e-01
1.399600000000000011e-01
1.402700000000000058e-01
1.429200000000000192e-01
1.433400000000000230e-01
1.433700000000000252e-01
1.438100000000000211e-01
1.444000000000000006e-01
1.452000000000000235e-01
1.457100000000000062e-01
1.459100000000000119e-01
1.460300000000000209e-01
1.463800000000000101e-01
1.465400000000000036e-01
1.465700000000000058e-01
1.466300000000000103e-01
1.467600000000000016e-01
1.468000000000000138e-01
1.468600000000000183e-01
1.468700000000000006e-01
1.468700000000000006e-01
1.469600000000000073e-01
1.469700000000000173e-01
1.471000000000000085e-01
1.471100000000000185e-01
1.472800000000000220e-01
1.473100000000000243e-01
1.473200000000000065e-01
1.473300000000000165e-01
1.474100000000000132e-01
1.474300000000000055e-01
1.474400000000000155e-01
1.474700000000000177e-01
1.474700000000000177e-01
1.474900000000000100e-01
1.475100000000000022e-01
1.475400000000000045e-01
1.475899999999999990e-01
1.476000000000000090e-01
1.476400000000000212e-01
1.476600000000000135e-01
1.476700000000000235e-01
1.476900000000000157e-01
1.476900000000000157e-01
1.477100000000000080e-01
1.478000000000000147e-01
1.478300000000000169e-01
1.478399999999999992e-01
1.478600000000000192e-01
1.480899999999999994e-01
1.481400000000000217e-01
1.483300000000000174e-01
1.483399999999999996e-01
1.484800000000000009e-01
1.488300000000000178e-01
1.488400000000000001e-01
1.488600000000000201e-01
1.489600000000000091e-01
1.490300000000000236e-01
1.498300000000000187e-01
1.498300000000000187e-01
1.513200000000000101e-01
1.519800000000000040e-01
1.556800000000000128e-01
1.557200000000000251e-01
1.557200000000000251e-01
1.557600000000000096e-01
1.559200000000000030e-01
1.559999999999999998e-01
1.560500000000000220e-01
1.561800000000000133e-01
1.562000000000000055e-01
1.562600000000000100e-01
1.564300000000000135e-01
1.564500000000000057e-01
1.565000000000000002e-01
1.565100000000000102e-01
1.565900000000000070e-01
1.567600000000000104e-01
1.569400000000000239e-01
1.570200000000000207e-01
1.570700000000000152e-01
1.572500000000000009e-01
1.573000000000000231e-01
1.574400000000000244e-01
1.575200000000000211e-01
1.575200000000000211e-01
1.576300000000000201e-01
1.577199999999999991e-01
1.577300000000000091e-01
1.578300000000000258e-01
1.581000000000000183e-01
1.596900000000000264e-01
1.601000000000000201e-01
1.603000000000000258e-01
1.613400000000000112e-01
1.617800000000000071e-01
1.623200000000000198e-01
1.627800000000000080e-01
1.631800000000000195e-01
1.632000000000000117e-01
1.632400000000000240e-01
1.633200000000000207e-01
1.633500000000000230e-01
1.633700000000000152e-01
1.633700000000000152e-01
1.634300000000000197e-01
1.635000000000000064e-01
1.635200000000000264e-01
1.636400000000000077e-01
1.636400000000000077e-01
1.636500000000000177e-01
1.636500000000000177e-01
1.637100000000000222e-01
1.637700000000000267e-01
1.638300000000000034e-01
1.638500000000000234e-01
1.638700000000000156e-01
1.638900000000000079e-01
1.639000000000000179e-01
1.639200000000000101e-01
1.640000000000000069e-01
1.640000000000000069e-01
1.640500000000000014e-01
1.640500000000000014e-01
1.640600000000000114e-01
1.640700000000000214e-01
1.641000000000000236e-01
1.641700000000000104e-01
1.641900000000000026e-01
1.641900000000000026e-01
1.642400000000000249e-01
1.642400000000000249e-01
1.642400000000000249e-01
1.642800000000000094e-01
1.643100000000000116e-01
1.643800000000000261e-01
1.643800000000000261e-01
1.644200000000000106e-01
1.645000000000000073e-01
1.647000000000000131e-01
1.647300000000000153e-01
1.647300000000000153e-01
1.650200000000000000e-01
1.654100000000000015e-01
1.655400000000000205e-01
1.666100000000000081e-01
1.667100000000000248e-01
1.674100000000000033e-01
1.675800000000000067e-01
1.676800000000000235e-01
1.677200000000000080e-01
1.677400000000000002e-01
1.680300000000000127e-01
1.681500000000000217e-01
1.683100000000000152e-01
1.683300000000000074e-01
1.683800000000000019e-01
1.684200000000000141e-01
1.684200000000000141e-01
1.684600000000000264e-01
1.684800000000000186e-01
1.685400000000000231e-01
1.686300000000000021e-01
1.686400000000000121e-01
1.686400000000000121e-01
1.686700000000000144e-01
1.687300000000000189e-01
1.687900000000000234e-01
1.688100000000000156e-01
1.688700000000000201e-01
1.689500000000000168e-01
1.690700000000000258e-01
1.691300000000000026e-01
1.691400000000000126e-01
1.691500000000000226e-01
1.691600000000000048e-01
1.691700000000000148e-01
1.692100000000000271e-01
1.692600000000000215e-01
1.692600000000000215e-01
1.692700000000000038e-01
1.692700000000000038e-01
1.693400000000000183e-01
1.693500000000000005e-01
1.693700000000000205e-01
1.694000000000000228e-01
1.694100000000000050e-01
1.694500000000000173e-01
1.694600000000000273e-01
1.694600000000000273e-01
1.694800000000000195e-01
1.695600000000000163e-01
1.695600000000000163e-01
1.697000000000000175e-01
1.697600000000000220e-01
1.697600000000000220e-01
1.698400000000000187e-01
1.698600000000000110e-01
1.698800000000000032e-01
1.698800000000000032e-01
1.698800000000000032e-01
1.699300000000000255e-01
1.699300000000000255e-01
1.699800000000000200e-01
1.699900000000000022e-01
1.700400000000000245e-01
1.700700000000000267e-01
1.701100000000000112e-01
1.701300000000000034e-01
1.701300000000000034e-01
1.701400000000000134e-01
1.701600000000000057e-01
1.701900000000000079e-01
1.702400000000000024e-01
1.702400000000000024e-01
1.702600000000000224e-01
1.702900000000000247e-01
1.703300000000000092e-01
1.703400000000000192e-01
1.703400000000000192e-01
1.704100000000000059e-01
1.704500000000000182e-01
1.704800000000000204e-01
1.704900000000000027e-01
1.705200000000000049e-01
1.705300000000000149e-01
1.705500000000000071e-01
1.706100000000000116e-01
1.706800000000000261e-01
1.707000000000000184e-01
1.707600000000000229e-01
1.707700000000000051e-01
1.708000000000000074e-01
1.709700000000000109e-01
1.710100000000000231e-01
1.710400000000000253e-01
1.710400000000000253e-01
1.710700000000000276e-01
1.711100000000000121e-01
1.711200000000000221e-01
1.712400000000000033e-01
1.712500000000000133e-01
1.714300000000000268e-01
1.714400000000000091e-01
1.715600000000000180e-01
1.718000000000000083e-01
1.718100000000000183e-01
1.742800000000000182e-01
1.808300000000000185e-01
1.861800000000000122e-01
1.865100000000000091e-01
1.865900000000000059e-01
1.866700000000000026e-01
1.866800000000000126e-01
1.878600000000000270e-01
1.880100000000000104e-01
1.889300000000000146e-01
1.890500000000000236e-01
1.921900000000000275e-01
1.922700000000000242e-01
1.931200000000000139e-01
1.931800000000000184e-01
1.940200000000000258e-01
1.940300000000000080e-01
1.941900000000000293e-01
1.942000000000000115e-01
1.942000000000000115e-01
1.942300000000000137e-01
1.942400000000000237e-01
1.942400000000000237e-01
1.942400000000000237e-01
1.942600000000000160e-01
1.942800000000000082e-01
1.943000000000000282e-01
1.943200000000000205e-01
1.943500000000000227e-01
1.943600000000000050e-01
1.943700000000000150e-01
1.943800000000000250e-01
1.944000000000000172e-01
1.944100000000000272e-01
1.944100000000000272e-01
1.944200000000000095e-01
1.944300000000000195e-01
1.944500000000000117e-01
1.944500000000000117e-01
1.944500000000000117e-01
1.944900000000000240e-01
1.945200000000000262e-01
1.945300000000000085e-01
1.945400000000000185e-01
1.945500000000000285e-01
1.945700000000000207e-01
1.946000000000000230e-01
1.946200000000000152e-01
1.946200000000000152e-01
1.946300000000000252e-01
1.946400000000000075e-01
1.946600000000000275e-01
1.946700000000000097e-01
1.946900000000000297e-01
1.947000000000000119e-01
1.947300000000000142e-01
1.947600000000000164e-01
1.947800000000000087e-01
1.948100000000000109e-01
1.948700000000000154e-01
1.949000000000000177e-01
1.949700000000000044e-01
1.950100000000000167e-01
1.950200000000000267e-01
1.950200000000000267e-01
1.950200000000000267e-01
1.950700000000000212e-01
1.950900000000000134e-01
1.951600000000000279e-01
1.952100000000000224e-01
1.953200000000000214e-01
1.953400000000000136e-01
1.954200000000000104e-01
1.954400000000000026e-01
1.954500000000000126e-01
1.955400000000000194e-01
1.956600000000000283e-01
1.956700000000000106e-01
1.957800000000000096e-01
1.958400000000000141e-01
1.959400000000000031e-01
1.960400000000000198e-01
1.961300000000000265e-01
1.965300000000000102e-01
1.969700000000000062e-01
1.969800000000000162e-01
1.969800000000000162e-01
1.974100000000000299e-01
1.975600000000000134e-01
1.976700000000000124e-01
1.981800000000000228e-01
1.984300000000000230e-01
1.985700000000000243e-01
1.985700000000000243e-01
1.986300000000000288e-01
1.987700000000000300e-01
1.987900000000000222e-01
1.988100000000000145e-01
1.989200000000000135e-01
1.989500000000000157e-01
1.989700000000000080e-01
1.991100000000000092e-01
1.991400000000000114e-01
1.991600000000000037e-01
1.991700000000000137e-01
1.991900000000000059e-01
1.991900000000000059e-01
1.991900000000000059e-01
1.992200000000000082e-01
1.992400000000000282e-01
1.992500000000000104e-01
1.992700000000000027e-01
1.992900000000000227e-01
1.993200000000000249e-01
1.993500000000000272e-01
1.993900000000000117e-01
1.993900000000000117e-01
1.994100000000000039e-01
1.994400000000000062e-01
1.994700000000000084e-01
1.994800000000000184e-01
1.995000000000000107e-01
1.995100000000000207e-01
1.995100000000000207e-01
1.995200000000000029e-01
1.995300000000000129e-01
1.995300000000000129e-01
1.995500000000000052e-01
1.995500000000000052e-01
1.995900000000000174e-01
1.996000000000000274e-01
1.996200000000000196e-01
1.996700000000000141e-01
1.997000000000000164e-01
1.997100000000000264e-01
1.997100000000000264e-01
1.997100000000000264e-01
1.997200000000000086e-01
1.997300000000000186e-01
1.997300000000000186e-01
1.997500000000000109e-01
1.997800000000000131e-01
1.998100000000000154e-01
1.998300000000000076e-01
1.998600000000000099e-01
1.998800000000000299e-01
1.999000000000000221e-01
1.999200000000000144e-01
1.999200000000000144e-01
1.999400000000000066e-01
2.000200000000000033e-01
2.000700000000000256e-01
2.000800000000000078e-01
2.001500000000000223e-01
2.002200000000000091e-01
2.002200000000000091e-01
2.002500000000000113e-01
2.002500000000000113e-01
2.003400000000000181e-01
2.003500000000000281e-01
2.003700000000000203e-01
2.004100000000000048e-01
2.005900000000000183e-01
2.006600000000000050e-01
2.007600000000000218e-01
2.008000000000000063e-01
2.009200000000000153e-01
2.009800000000000197e-01
2.010000000000000120e-01
2.012600000000000222e-01
2.012700000000000045e-01
2.015000000000000124e-01
2.016800000000000259e-01
2.019600000000000284e-01
2.030100000000000238e-01
2.052000000000000213e-01
2.080900000000000249e-01
2.096700000000000230e-01
2.101300000000000112e-01
2.104400000000000159e-01
2.254600000000000215e-01
2.261000000000000232e-01
2.266100000000000059e-01
2.267400000000000249e-01
2.274800000000000155e-01
2.278900000000000092e-01
2.282000000000000139e-01
2.283400000000000152e-01
2.287900000000000211e-01
2.317700000000000315e-01
2.326600000000000057e-01
2.326900000000000079e-01
2.344100000000000072e-01
2.344600000000000295e-01
2.351700000000000179e-01
2.351700000000000179e-01
2.352800000000000169e-01
2.352900000000000269e-01
2.353000000000000091e-01
2.353100000000000191e-01
2.353100000000000191e-01
2.353200000000000292e-01
2.353300000000000114e-01
2.353600000000000136e-01
2.353900000000000159e-01
2.354200000000000181e-01
2.354600000000000304e-01
2.354600000000000304e-01
2.354700000000000126e-01
2.355600000000000194e-01
2.355700000000000294e-01
2.356800000000000284e-01
2.357000000000000206e-01
2.357200000000000129e-01
2.357300000000000229e-01
2.357700000000000073e-01
2.358000000000000096e-01
2.361100000000000143e-01
2.361500000000000266e-01
2.363500000000000323e-01
2.371800000000000297e-01
2.373000000000000109e-01
2.400600000000000234e-01
2.447700000000000153e-01
2.450100000000000333e-01
2.457800000000000262e-01
2.459100000000000175e-01
2.461200000000000332e-01
