2.732000000000000053e-02
2.743000000000000299e-02
2.766000000000000056e-02
2.766000000000000056e-02
2.770000000000000240e-02
2.801000000000000364e-02
2.802000000000000324e-02
2.802000000000000324e-02
2.804000000000000242e-02
2.807000000000000120e-02
2.807000000000000120e-02
2.808000000000000079e-02
2.809000000000000385e-02
2.809000000000000385e-02
2.811000000000000304e-02
2.812000000000000263e-02
2.812000000000000263e-02
2.813000000000000222e-02
2.813000000000000222e-02
2.813000000000000222e-02
2.814000000000000182e-02
2.815000000000000141e-02
2.815000000000000141e-02
2.816000000000000100e-02
2.817000000000000060e-02
2.817000000000000060e-02
2.818000000000000366e-02
2.818000000000000366e-02
2.818000000000000366e-02
2.818000000000000366e-02
2.819000000000000325e-02
2.819000000000000325e-02
2.820000000000000284e-02
2.821000000000000243e-02
2.821000000000000243e-02
2.821000000000000243e-02
2.821000000000000243e-02
2.821000000000000243e-02
2.822000000000000203e-02
2.822000000000000203e-02
2.823000000000000162e-02
2.825000000000000080e-02
2.825000000000000080e-02
2.827000000000000346e-02
2.828000000000000305e-02
2.828000000000000305e-02
2.830000000000000224e-02
2.830000000000000224e-02
2.830000000000000224e-02
2.831000000000000183e-02
2.831000000000000183e-02
2.831000000000000183e-02
2.831000000000000183e-02
2.831000000000000183e-02
2.831000000000000183e-02
2.831000000000000183e-02
2.831000000000000183e-02
2.832000000000000142e-02
2.832000000000000142e-02
2.832000000000000142e-02
2.832000000000000142e-02
2.832000000000000142e-02
2.832000000000000142e-02
2.833000000000000101e-02
2.833000000000000101e-02
2.833000000000000101e-02
2.834000000000000061e-02
2.835000000000000367e-02
2.835000000000000367e-02
2.836000000000000326e-02
2.836000000000000326e-02
2.836000000000000326e-02
2.839000000000000204e-02
2.839000000000000204e-02
2.839000000000000204e-02
2.839000000000000204e-02
2.840000000000000163e-02
2.840000000000000163e-02
2.840000000000000163e-02
2.841000000000000122e-02
2.841000000000000122e-02
2.844000000000000347e-02
2.845000000000000306e-02
2.845000000000000306e-02
2.846000000000000266e-02
2.847000000000000225e-02
2.847000000000000225e-02
2.848000000000000184e-02
2.848000000000000184e-02
2.849000000000000143e-02
2.852000000000000368e-02
2.852000000000000368e-02
2.853000000000000327e-02
2.853000000000000327e-02
2.855000000000000246e-02
2.859000000000000083e-02
2.859000000000000083e-02
2.861000000000000348e-02
2.862000000000000308e-02
2.862000000000000308e-02
2.862000000000000308e-02
2.862000000000000308e-02
2.863000000000000267e-02
2.866000000000000145e-02
2.867000000000000104e-02
2.868000000000000063e-02
2.868000000000000063e-02
2.869000000000000369e-02
2.873000000000000206e-02
2.874000000000000166e-02
2.874000000000000166e-02
2.875000000000000125e-02
2.878000000000000350e-02
2.880000000000000268e-02
2.881000000000000227e-02
2.882000000000000187e-02
2.886000000000000371e-02
2.888000000000000289e-02
2.896000000000000310e-02
2.900000000000000147e-02
2.902000000000000066e-02
2.904000000000000331e-02
2.907000000000000209e-02
2.907000000000000209e-02
2.908000000000000168e-02
2.909000000000000127e-02
2.913000000000000311e-02
2.915000000000000230e-02
2.915000000000000230e-02
2.922000000000000292e-02
2.925000000000000169e-02
2.939000000000000293e-02
2.946000000000000354e-02
2.948000000000000273e-02
2.956000000000000294e-02
2.957000000000000253e-02
2.963000000000000356e-02
3.006000000000000338e-02
3.023000000000000340e-02
3.038000000000000075e-02
3.043000000000000219e-02
3.046000000000000096e-02
3.055000000000000077e-02
3.056000000000000383e-02
3.060000000000000220e-02
3.061000000000000179e-02
3.068000000000000241e-02
3.068000000000000241e-02
3.081000000000000405e-02
3.081000000000000405e-02
3.082000000000000364e-02
3.086000000000000201e-02
3.086000000000000201e-02
3.087000000000000161e-02
3.097000000000000100e-02
3.099000000000000365e-02
3.103000000000000203e-02
3.103000000000000203e-02
3.104000000000000162e-02
3.105000000000000121e-02
3.118000000000000285e-02
3.119000000000000244e-02
3.120000000000000204e-02
3.123000000000000428e-02
3.123000000000000428e-02
3.126000000000000306e-02
3.131000000000000449e-02
3.132000000000000062e-02
3.135000000000000286e-02
3.135000000000000286e-02
3.139000000000000123e-02
3.141000000000000042e-02
3.142000000000000348e-02
3.142999999999999960e-02
3.146000000000000185e-02
3.147000000000000491e-02
3.147000000000000491e-02
3.148000000000000104e-02
3.151000000000000328e-02
3.151000000000000328e-02
3.151999999999999941e-02
3.158000000000000390e-02
3.159000000000000002e-02
3.164000000000000146e-02
3.170000000000000595e-02
3.171000000000000207e-02
3.172000000000000514e-02
3.176000000000000351e-02
3.176999999999999963e-02
3.178000000000000269e-02
3.184000000000000025e-02
3.184000000000000025e-02
3.185000000000000331e-02
3.185999999999999943e-02
3.189000000000000168e-02
3.190000000000000474e-02
3.191000000000000086e-02
3.194999999999999923e-02
3.201000000000000373e-02
3.201999999999999985e-02
3.201999999999999985e-02
3.201999999999999985e-02
3.208000000000000435e-02
3.209000000000000047e-02
3.212000000000000272e-02
3.212000000000000272e-02
3.215000000000000496e-02
3.217000000000000415e-02
3.217000000000000415e-02
3.218000000000000027e-02
3.219000000000000333e-02
3.219999999999999946e-02
3.221000000000000252e-02
3.222000000000000558e-02
3.222000000000000558e-02
3.223000000000000170e-02
3.225000000000000089e-02
3.226000000000000395e-02
3.226000000000000395e-02
3.227000000000000007e-02
3.228000000000000314e-02
3.228999999999999926e-02
3.232000000000000151e-02
3.237000000000000294e-02
3.237000000000000294e-02
3.237000000000000294e-02
3.239000000000000212e-02
3.239000000000000212e-02
3.241000000000000131e-02
3.241000000000000131e-02
3.241000000000000131e-02
3.242000000000000437e-02
3.243000000000000049e-02
3.244000000000000355e-02
3.244000000000000355e-02
3.246000000000000274e-02
3.248000000000000193e-02
3.248000000000000193e-02
3.248000000000000193e-02
3.250000000000000111e-02
3.251000000000000417e-02
3.252000000000000030e-02
3.253000000000000336e-02
3.253999999999999948e-02
3.255000000000000254e-02
3.260000000000000397e-02
3.265000000000000541e-02
3.267000000000000459e-02
3.269000000000000378e-02
3.269000000000000378e-02
3.275000000000000133e-02
3.278999999999999970e-02
3.280000000000000276e-02
3.283000000000000501e-02
3.284000000000000113e-02
3.285000000000000420e-02
3.295000000000000012e-02
3.296000000000000318e-02
3.296000000000000318e-02
3.296000000000000318e-02
3.296999999999999931e-02
3.299000000000000543e-02
3.302000000000000074e-02
3.311000000000000054e-02
3.316000000000000197e-02
3.321000000000000341e-02
3.321000000000000341e-02
3.321999999999999953e-02
3.330000000000000321e-02
3.384000000000000202e-02
3.427000000000000185e-02
3.435000000000000553e-02
3.440000000000000002e-02
3.441000000000000308e-02
3.445000000000000145e-02
3.452000000000000207e-02
3.453000000000000513e-02
3.457000000000000350e-02
3.461000000000000187e-02
3.462000000000000494e-02
3.465000000000000024e-02
3.466999999999999943e-02
3.472000000000000086e-02
3.472000000000000086e-02
3.478000000000000536e-02
3.478000000000000536e-02
3.482999999999999985e-02
3.485000000000000597e-02
3.486000000000000210e-02
3.487000000000000516e-02
3.487000000000000516e-02
3.488000000000000128e-02
3.500999999999999945e-02
3.502000000000000252e-02
3.508000000000000007e-02
3.509000000000000313e-02
3.511000000000000232e-02
3.511000000000000232e-02
3.512000000000000538e-02
3.512000000000000538e-02
3.518000000000000294e-02
3.523000000000000437e-02
3.524000000000000049e-02
3.534000000000000336e-02
3.536000000000000254e-02
3.539000000000000479e-02
3.539000000000000479e-02
3.541000000000000397e-02
3.547000000000000153e-02
3.550999999999999990e-02
3.550999999999999990e-02
3.555000000000000521e-02
3.559000000000000358e-02
3.564000000000000501e-02
3.570000000000000256e-02
3.574000000000000093e-02
3.579000000000000237e-02
3.589000000000000523e-02
3.601000000000000034e-02
3.601000000000000034e-02
3.602000000000000340e-02
3.602000000000000340e-02
3.602000000000000340e-02
3.611000000000000321e-02
3.614000000000000545e-02
3.616000000000000464e-02
3.617000000000000076e-02
3.618999999999999995e-02
3.618999999999999995e-02
3.618999999999999995e-02
3.620000000000000301e-02
3.620000000000000301e-02
3.620000000000000301e-02
3.621000000000000607e-02
3.623000000000000526e-02
3.623000000000000526e-02
3.624000000000000138e-02
3.625000000000000444e-02
3.625000000000000444e-02
3.625000000000000444e-02
3.626000000000000056e-02
3.627999999999999975e-02
3.627999999999999975e-02
3.629000000000000281e-02
3.629000000000000281e-02
3.630000000000000587e-02
3.631000000000000200e-02
3.632000000000000506e-02
3.634000000000000424e-02
3.634000000000000424e-02
3.636999999999999955e-02
3.638000000000000261e-02
3.638000000000000261e-02
3.643000000000000405e-02
3.644000000000000017e-02
3.646000000000000629e-02
3.648000000000000548e-02
3.652000000000000385e-02
3.652000000000000385e-02
3.652000000000000385e-02
3.652999999999999997e-02
3.654000000000000303e-02
3.654000000000000303e-02
3.654000000000000303e-02
3.655000000000000610e-02
3.655000000000000610e-02
3.657000000000000528e-02
3.658000000000000140e-02
3.659000000000000447e-02
3.661000000000000365e-02
3.661999999999999977e-02
3.661999999999999977e-02
3.663000000000000284e-02
3.664000000000000590e-02
3.665000000000000202e-02
3.666000000000000508e-02
3.668000000000000427e-02
3.669000000000000039e-02
3.680000000000000632e-02
3.681000000000000244e-02
3.681000000000000244e-02
3.684000000000000469e-02
3.686000000000000387e-02
3.687000000000000000e-02
3.687000000000000000e-02
3.689000000000000612e-02
3.695999999999999980e-02
3.699000000000000205e-02
3.702000000000000429e-02
3.702000000000000429e-02
3.702000000000000429e-02
3.723000000000000614e-02
3.724000000000000227e-02
3.724000000000000227e-02
3.728000000000000064e-02
3.729999999999999982e-02
3.741000000000000575e-02
3.748000000000000637e-02
3.757000000000000617e-02
3.768000000000000516e-02
3.782000000000000639e-02
3.790000000000000313e-02
3.803000000000000130e-02
3.811000000000000498e-02
3.819000000000000172e-02
3.840999999999999970e-02
3.842000000000000276e-02
3.844000000000000195e-02
3.855000000000000093e-02
3.855000000000000093e-02
3.856000000000000399e-02
3.856000000000000399e-02
3.856000000000000399e-02
3.857000000000000012e-02
3.868000000000000604e-02
3.873000000000000054e-02
3.874000000000000360e-02
3.879000000000000503e-02
3.883000000000000340e-02
3.885000000000000259e-02
3.886000000000000565e-02
3.895000000000000545e-02
3.898000000000000076e-02
3.899999999999999994e-02
3.902000000000000607e-02
3.902000000000000607e-02
3.907000000000000056e-02
3.915000000000000424e-02
3.918000000000000649e-02
3.921000000000000180e-02
3.921000000000000180e-02
3.922000000000000486e-02
3.927000000000000629e-02
3.928000000000000241e-02
3.928000000000000241e-02
3.930000000000000160e-02
3.932000000000000078e-02
3.932000000000000078e-02
3.933999999999999997e-02
3.933999999999999997e-02
3.936000000000000609e-02
3.937000000000000222e-02
3.937000000000000222e-02
3.938000000000000528e-02
3.942000000000000365e-02
3.942999999999999977e-02
3.946000000000000202e-02
3.947000000000000508e-02
3.949000000000000427e-02
3.949000000000000427e-02
3.949000000000000427e-02
3.950000000000000039e-02
3.950000000000000039e-02
3.952000000000000651e-02
3.954000000000000570e-02
3.954000000000000570e-02
3.954000000000000570e-02
3.957000000000000101e-02
3.958000000000000407e-02
3.958000000000000407e-02
3.963000000000000550e-02
3.967000000000000387e-02
3.976000000000000367e-02
3.978000000000000286e-02
3.978000000000000286e-02
3.978000000000000286e-02
3.979000000000000592e-02
3.981000000000000510e-02
3.983000000000000429e-02
3.984000000000000041e-02
3.989000000000000185e-02
3.989000000000000185e-02
3.997000000000000552e-02
3.999000000000000471e-02
4.002000000000000002e-02
4.002000000000000002e-02
4.002000000000000002e-02
4.002000000000000002e-02
4.003000000000000308e-02
4.008000000000000451e-02
4.009000000000000064e-02
4.014000000000000207e-02
4.014000000000000207e-02
4.016000000000000125e-02
4.016000000000000125e-02
4.018000000000000044e-02
4.021000000000000268e-02
4.022000000000000575e-02
4.024000000000000493e-02
4.027000000000000024e-02
4.028000000000000330e-02
4.030000000000000249e-02
4.032000000000000167e-02
4.033000000000000473e-02
4.034000000000000086e-02
4.038000000000000617e-02
4.044999999999999984e-02
4.046000000000000291e-02
4.047000000000000597e-02
4.051000000000000434e-02
4.053000000000000352e-02
4.059000000000000108e-02
4.063000000000000639e-02
4.068000000000000088e-02
4.070000000000000007e-02
4.076000000000000456e-02
4.077000000000000068e-02
4.091000000000000192e-02
4.100000000000000172e-02
4.111000000000000071e-02
4.116000000000000214e-02
4.120000000000000051e-02
4.124000000000000582e-02
4.135000000000000481e-02
4.136000000000000093e-02
4.150000000000000216e-02
4.154000000000000054e-02
4.157000000000000278e-02
4.158000000000000584e-02
4.159000000000000197e-02
4.162000000000000421e-02
4.162000000000000421e-02
4.165000000000000646e-02
4.173000000000000320e-02
4.179000000000000076e-02
4.181000000000000688e-02
4.202000000000000179e-02
4.209000000000000241e-02
4.212000000000000466e-02
4.213000000000000078e-02
4.214000000000000384e-02
4.214000000000000384e-02
4.218000000000000221e-02
4.220000000000000140e-02
4.220000000000000140e-02
4.220000000000000140e-02
4.221000000000000446e-02
4.221000000000000446e-02
4.222000000000000058e-02
4.223000000000000365e-02
4.223000000000000365e-02
4.224000000000000671e-02
4.233000000000000651e-02
4.234000000000000263e-02
4.234000000000000263e-02
4.236000000000000182e-02
4.236000000000000182e-02
4.238000000000000100e-02
4.240000000000000019e-02
4.241000000000000325e-02
4.241000000000000325e-02
4.242000000000000631e-02
4.249000000000000693e-02
4.250000000000000305e-02
4.253000000000000530e-02
4.253000000000000530e-02
4.255000000000000449e-02
4.258000000000000673e-02
4.259000000000000286e-02
4.261000000000000204e-02
4.262000000000000510e-02
4.263000000000000123e-02
4.264000000000000429e-02
4.265000000000000041e-02
4.267000000000000653e-02
4.267000000000000653e-02
4.276000000000000634e-02
4.276000000000000634e-02
4.278000000000000552e-02
4.281000000000000083e-02
4.284000000000000308e-02
4.286000000000000226e-02
4.287000000000000532e-02
4.288000000000000145e-02
4.290000000000000063e-02
4.300000000000000350e-02
4.305000000000000493e-02
4.306000000000000105e-02
4.308000000000000024e-02
4.309000000000000330e-02
4.314000000000000473e-02
4.316000000000000392e-02
4.322000000000000147e-02
4.323000000000000453e-02
4.326000000000000678e-02
4.330000000000000515e-02
4.332000000000000434e-02
4.338000000000000189e-02
4.346000000000000557e-02
4.347000000000000169e-02
4.347000000000000169e-02
4.350000000000000394e-02
4.354000000000000231e-02
4.369000000000000661e-02
4.370000000000000273e-02
4.377000000000000335e-02
4.389000000000000540e-02
4.389000000000000540e-02
4.393000000000000377e-02
4.427000000000000379e-02
4.445000000000000340e-02
4.456000000000000238e-02
4.482000000000000567e-02
4.485000000000000098e-02
4.493000000000000466e-02
4.499000000000000221e-02
4.502000000000000446e-02
4.502000000000000446e-02
4.502000000000000446e-02
4.508000000000000201e-02
4.510000000000000120e-02
4.512000000000000038e-02
4.513000000000000345e-02
4.513000000000000345e-02
4.513000000000000345e-02
4.515000000000000263e-02
4.518000000000000488e-02
4.519000000000000100e-02
4.521000000000000713e-02
4.523000000000000631e-02
4.525000000000000550e-02
4.528000000000000080e-02
4.529000000000000387e-02
4.533000000000000224e-02
4.535000000000000142e-02
4.538000000000000367e-02
4.539000000000000673e-02
4.539000000000000673e-02
4.540000000000000285e-02
4.540000000000000285e-02
4.544000000000000122e-02
4.551000000000000184e-02
4.552000000000000490e-02
4.553000000000000103e-02
4.556000000000000327e-02
4.560000000000000164e-02
4.560000000000000164e-02
4.566000000000000614e-02
4.568000000000000532e-02
4.568000000000000532e-02
4.574000000000000288e-02
4.576000000000000206e-02
4.577000000000000512e-02
4.578000000000000125e-02
4.579000000000000431e-02
4.582000000000000656e-02
4.582000000000000656e-02
4.587000000000000105e-02
4.589000000000000717e-02
4.597000000000000391e-02
4.597000000000000391e-02
4.602000000000000535e-02
4.602000000000000535e-02
4.605000000000000066e-02
4.609000000000000596e-02
4.610000000000000209e-02
4.621000000000000107e-02
4.623000000000000720e-02
4.625000000000000638e-02
4.625000000000000638e-02
4.626000000000000251e-02
4.626000000000000251e-02
4.627000000000000557e-02
4.629000000000000475e-02
4.641000000000000680e-02
4.652000000000000579e-02
4.654000000000000498e-02
4.656000000000000416e-02
4.657000000000000722e-02
4.658000000000000335e-02
4.659000000000000641e-02
4.662000000000000172e-02
4.668000000000000621e-02
4.671000000000000152e-02
4.677000000000000601e-02
4.679000000000000520e-02
4.680000000000000132e-02
4.686000000000000582e-02
4.697000000000000480e-02
4.697000000000000480e-02
4.719000000000000278e-02
4.722000000000000502e-02
4.725000000000000727e-02
4.736000000000000626e-02
4.745000000000000606e-02
4.752000000000000668e-02
4.753000000000000280e-02
4.755000000000000199e-02
4.757000000000000117e-02
4.762000000000000260e-02
4.762000000000000260e-02
4.776000000000000384e-02
4.780000000000000221e-02
4.783000000000000446e-02
4.786000000000000670e-02
4.802000000000000712e-02
4.806000000000000549e-02
4.820000000000000673e-02
4.822000000000000591e-02
4.827000000000000735e-02
4.833000000000000490e-02
4.852000000000000063e-02
4.859000000000000125e-02
4.860000000000000431e-02
4.861000000000000737e-02
4.862000000000000349e-02
4.864000000000000268e-02
4.867000000000000492e-02
4.868000000000000105e-02
4.879000000000000697e-02
4.881000000000000616e-02
4.888000000000000678e-02
4.891000000000000208e-02
4.894000000000000433e-02
4.897000000000000658e-02
4.903000000000000413e-02
4.908000000000000557e-02
4.914000000000000312e-02
4.916000000000000231e-02
4.923000000000000292e-02
4.923000000000000292e-02
4.925000000000000211e-02
4.927000000000000129e-02
4.929000000000000742e-02
4.937000000000000416e-02
4.939000000000000334e-02
4.939000000000000334e-02
4.941000000000000253e-02
4.942000000000000559e-02
4.944000000000000478e-02
4.948000000000000315e-02
4.951000000000000539e-02
4.956000000000000683e-02
4.960000000000000520e-02
4.965000000000000663e-02
4.965000000000000663e-02
4.967000000000000581e-02
4.967000000000000581e-02
4.969000000000000500e-02
4.970000000000000112e-02
4.976000000000000562e-02
4.979000000000000092e-02
4.984000000000000236e-02
4.986000000000000154e-02
4.989000000000000379e-02
4.998000000000000359e-02
4.999000000000000665e-02
5.013000000000000095e-02
5.019000000000000544e-02
5.022000000000000075e-02
5.027000000000000218e-02
5.029000000000000137e-02
5.035000000000000586e-02
5.036000000000000199e-02
5.036000000000000199e-02
5.038000000000000117e-02
5.038000000000000117e-02
5.039000000000000423e-02
5.041000000000000342e-02
5.048000000000000403e-02
5.053000000000000547e-02
5.057000000000000384e-02
5.065000000000000752e-02
5.065000000000000752e-02
5.070000000000000201e-02
5.074000000000000732e-02
5.074000000000000732e-02
5.077000000000000263e-02
5.079000000000000181e-02
5.079000000000000181e-02
5.083000000000000712e-02
5.085000000000000631e-02
5.089000000000000468e-02
5.091000000000000386e-02
5.095000000000000223e-02
5.095000000000000223e-02
5.105000000000000510e-02
5.115000000000000102e-02
5.117000000000000715e-02
5.119000000000000633e-02
5.124000000000000082e-02
5.130000000000000532e-02
5.133000000000000757e-02
5.133000000000000757e-02
5.133000000000000757e-02
5.136000000000000287e-02
5.137000000000000594e-02
5.138000000000000206e-02
5.139000000000000512e-02
5.156000000000000166e-02
5.165000000000000147e-02
5.174000000000000127e-02
5.174000000000000127e-02
5.176000000000000739e-02
5.182000000000000495e-02
5.195000000000000312e-02
5.202000000000000374e-02
5.202000000000000374e-02
5.202000000000000374e-02
5.211000000000000354e-02
5.220000000000000334e-02
5.221000000000000640e-02
5.228000000000000702e-02
5.229000000000000314e-02
5.231000000000000233e-02
5.234000000000000458e-02
5.235000000000000764e-02
5.235000000000000764e-02
5.236000000000000376e-02
5.237000000000000682e-02
5.238000000000000295e-02
5.239000000000000601e-02
5.240000000000000213e-02
5.241000000000000519e-02
5.241000000000000519e-02
5.241000000000000519e-02
5.251000000000000112e-02
5.252000000000000418e-02
5.260000000000000092e-02
5.261000000000000398e-02
5.263000000000000317e-02
5.265000000000000235e-02
5.266000000000000542e-02
5.266000000000000542e-02
5.267000000000000154e-02
5.267000000000000154e-02
5.283000000000000196e-02
5.283000000000000196e-02
5.288000000000000339e-02
5.302000000000000463e-02
5.302000000000000463e-02
5.304000000000000381e-02
5.306000000000000300e-02
5.315000000000000280e-02
5.317000000000000198e-02
5.330000000000000709e-02
5.332000000000000628e-02
5.333000000000000240e-02
5.333000000000000240e-02
5.347000000000000364e-02
5.360000000000000181e-02
5.361000000000000487e-02
5.380000000000000754e-02
5.380000000000000754e-02
5.383000000000000285e-02
5.389000000000000734e-02
5.397000000000000408e-02
5.398000000000000714e-02
5.403000000000000164e-02
5.411000000000000532e-02
5.418000000000000593e-02
5.420000000000000512e-02
5.427000000000000574e-02
5.428000000000000186e-02
5.433000000000000329e-02
5.442000000000000309e-02
5.444000000000000228e-02
5.447000000000000453e-02
5.455000000000000127e-02
5.462000000000000188e-02
5.476000000000000312e-02
5.488000000000000517e-02
5.489000000000000129e-02
5.502000000000000640e-02
5.503000000000000252e-02
5.504000000000000559e-02
5.514000000000000151e-02
5.517000000000000376e-02
5.519000000000000294e-02
5.521000000000000213e-02
5.524000000000000438e-02
5.531000000000000499e-02
5.533000000000000418e-02
5.539000000000000173e-02
5.539000000000000173e-02
5.544000000000000317e-02
5.546000000000000235e-02
5.546000000000000235e-02
5.547000000000000541e-02
5.548000000000000154e-02
5.548000000000000154e-02
5.549000000000000460e-02
5.554000000000000603e-02
5.559000000000000746e-02
5.559000000000000746e-02
5.560000000000000359e-02
5.563000000000000583e-02
5.564000000000000196e-02
5.566000000000000114e-02
5.567000000000000420e-02
5.567000000000000420e-02
5.568000000000000727e-02
5.568000000000000727e-02
5.575000000000000788e-02
5.575000000000000788e-02
5.582000000000000156e-02
5.586000000000000687e-02
5.587000000000000299e-02
5.592000000000000443e-02
5.595000000000000667e-02
5.600000000000000117e-02
5.619000000000000383e-02
5.621000000000000302e-02
5.621000000000000302e-02
5.636000000000000731e-02
5.652000000000000773e-02
5.667000000000000509e-02
5.681000000000000633e-02
5.683000000000000551e-02
5.683000000000000551e-02
5.700000000000000205e-02
5.717000000000000554e-02
5.731000000000000677e-02
5.745000000000000800e-02
5.746000000000000413e-02
5.757000000000000312e-02
5.760000000000000536e-02
5.761000000000000149e-02
5.777000000000000191e-02
5.788000000000000783e-02
5.814000000000000418e-02
5.815000000000000724e-02
5.820000000000000173e-02
5.822000000000000786e-02
5.823000000000000398e-02
5.823000000000000398e-02
5.826000000000000623e-02
5.827000000000000235e-02
5.832000000000000378e-02
5.833000000000000684e-02
5.834000000000000297e-02
5.835000000000000603e-02
5.839000000000000440e-02
5.843000000000000277e-02
5.845000000000000195e-02
5.850000000000000339e-02
5.851000000000000645e-02
5.857000000000000400e-02
5.857000000000000400e-02
5.859000000000000319e-02
5.861000000000000237e-02
5.861000000000000237e-02
5.861000000000000237e-02
5.862000000000000544e-02
5.863000000000000156e-02
5.863000000000000156e-02
5.865000000000000768e-02
5.872000000000000136e-02
5.880000000000000504e-02
5.883000000000000729e-02
5.883000000000000729e-02
5.885000000000000647e-02
5.888000000000000178e-02
5.889000000000000484e-02
5.892000000000000709e-02
5.894000000000000627e-02
5.896000000000000546e-02
5.900000000000000383e-02
5.900000000000000383e-02
5.902000000000000302e-02
5.905000000000000526e-02
5.906000000000000139e-02
5.907000000000000445e-02
5.914000000000000506e-02
5.918000000000000344e-02
5.920000000000000262e-02
5.921000000000000568e-02
5.923000000000000487e-02
5.925000000000000405e-02
5.926000000000000711e-02
5.933000000000000773e-02
5.940000000000000141e-02
5.948000000000000509e-02
5.951000000000000734e-02
5.952000000000000346e-02
5.953000000000000652e-02
5.953000000000000652e-02
5.957000000000000489e-02
5.960000000000000714e-02
5.963000000000000245e-02
5.967000000000000776e-02
5.968000000000000388e-02
5.976000000000000756e-02
5.986000000000000348e-02
5.996000000000000635e-02
6.016000000000000514e-02
6.027000000000000413e-02
6.051000000000000822e-02
6.086000000000000437e-02
6.100000000000000561e-02
6.120000000000000440e-02
6.135000000000000175e-02
6.147000000000000380e-02
6.158000000000000279e-02
6.161000000000000504e-02
6.164000000000000729e-02
6.169000000000000178e-02
6.176000000000000240e-02
6.180000000000000770e-02
6.188000000000000445e-02
6.201000000000000262e-02
6.206000000000000405e-02
6.206000000000000405e-02
6.207000000000000711e-02
6.209000000000000630e-02
6.212000000000000854e-02
6.216000000000000691e-02
6.216000000000000691e-02
6.218000000000000610e-02
6.219000000000000222e-02
6.220000000000000528e-02
6.221000000000000835e-02
6.222000000000000447e-02
6.223000000000000753e-02
6.227000000000000590e-02
6.227000000000000590e-02
6.228000000000000203e-02
6.230000000000000815e-02
6.233000000000000346e-02
6.233000000000000346e-02
6.233000000000000346e-02
6.236000000000000570e-02
6.238000000000000489e-02
6.239000000000000795e-02
6.242000000000000326e-02
6.242000000000000326e-02
6.246000000000000857e-02
6.247000000000000469e-02
6.248000000000000775e-02
6.249000000000000388e-02
6.251000000000001000e-02
6.252000000000000612e-02
6.253999999999999837e-02
6.253999999999999837e-02
6.255000000000000837e-02
6.260000000000000286e-02
6.260999999999999899e-02
6.262000000000000899e-02
6.267000000000000348e-02
6.274000000000000410e-02
6.276000000000001022e-02
6.278000000000000247e-02
6.285000000000000309e-02
6.285000000000000309e-02
6.294000000000000983e-02
6.295000000000000595e-02
6.302000000000000657e-02
6.302000000000000657e-02
6.302000000000000657e-02
6.305000000000000882e-02
6.310000000000000331e-02
6.314000000000000168e-02
6.314000000000000168e-02
6.314000000000000168e-02
6.316000000000000780e-02
6.317000000000000393e-02
6.324000000000000454e-02
6.327000000000000679e-02
6.328000000000000291e-02
6.328000000000000291e-02
6.335000000000000353e-02
6.335999999999999965e-02
6.335999999999999965e-02
6.339000000000000190e-02
6.339000000000000190e-02
6.343000000000000027e-02
6.346000000000000252e-02
6.348000000000000864e-02
6.351000000000001089e-02
6.351000000000001089e-02
6.360999999999999988e-02
6.364000000000000212e-02
6.386000000000000010e-02
6.389000000000000234e-02
6.413000000000000644e-02
6.416000000000000869e-02
6.423000000000000931e-02
6.439000000000000279e-02
6.446999999999999953e-02
6.473000000000000975e-02
6.510000000000000508e-02
6.538000000000000755e-02
6.538000000000000755e-02
6.541000000000000980e-02
6.543000000000000205e-02
6.547000000000000042e-02
6.550000000000000266e-02
6.553000000000000491e-02
6.556000000000000716e-02
6.556000000000000716e-02
6.563000000000000778e-02
6.571000000000000452e-02
6.596000000000000474e-02
6.599000000000000699e-02
6.603000000000000536e-02
6.606000000000000760e-02
6.607999999999999985e-02
6.607999999999999985e-02
6.609000000000000985e-02
6.625999999999999945e-02
6.629000000000000170e-02
6.631000000000000782e-02
6.633000000000000007e-02
6.648000000000001131e-02
6.657000000000000417e-02
6.660000000000000642e-02
6.667000000000000703e-02
6.668000000000000316e-02
6.681000000000000827e-02
6.681000000000000827e-02
6.684000000000001052e-02
6.702000000000001012e-02
6.722000000000000197e-02
6.729000000000000259e-02
6.731000000000000871e-02
6.740000000000000158e-02
6.741000000000001158e-02
6.745000000000000995e-02
6.756000000000000894e-02
6.758000000000000118e-02
6.768000000000000405e-02
6.771000000000000629e-02
6.775000000000000466e-02
6.779000000000000303e-02
6.779999999999999916e-02
6.782000000000000528e-02
6.789000000000000590e-02
6.794000000000000039e-02
6.802000000000001101e-02
6.806000000000000938e-02
6.809000000000001163e-02
6.818000000000000449e-02
6.831000000000000960e-02
6.841000000000001247e-02
6.842000000000000859e-02
6.844000000000000083e-02
6.849000000000000921e-02
6.853000000000000758e-02
6.864000000000000656e-02
6.864000000000000656e-02
6.877000000000001168e-02
6.880000000000000004e-02
6.927000000000001212e-02
6.944000000000000172e-02
6.948000000000000009e-02
6.952000000000001234e-02
6.972000000000000419e-02
6.973000000000000032e-02
6.973000000000000032e-02
6.976000000000000256e-02
6.987000000000000155e-02
7.007000000000000728e-02
7.012000000000000177e-02
7.021000000000000851e-02
7.031000000000001138e-02
7.032000000000000750e-02
7.040000000000000424e-02
7.040000000000000424e-02
7.047000000000000486e-02
7.050000000000000711e-02
7.053000000000000935e-02
7.060000000000000997e-02
7.061000000000000609e-02
7.064000000000000834e-02
7.065000000000000446e-02
7.076000000000000345e-02
7.086000000000000631e-02
7.088000000000001244e-02
7.103000000000000980e-02
7.104000000000000592e-02
7.108000000000000429e-02
7.109000000000000041e-02
7.112000000000000266e-02
7.114000000000000878e-02
7.132000000000000839e-02
7.162000000000000310e-02
7.175000000000000822e-02
7.177000000000000046e-02
7.191000000000000170e-02
7.201000000000000456e-02
7.217000000000001192e-02
7.242000000000001214e-02
7.245000000000000051e-02
7.246000000000001051e-02
7.257000000000000950e-02
7.266000000000000236e-02
7.287000000000000421e-02
7.298999999999999932e-02
7.317000000000001281e-02
7.323000000000000342e-02
7.334000000000000241e-02
7.338000000000000078e-02
7.343000000000000915e-02
7.348000000000000365e-02
7.351000000000000589e-02
7.352000000000000202e-02
7.357000000000001039e-02
7.362000000000000488e-02
7.366999999999999937e-02
7.372000000000000774e-02
7.377000000000000224e-02
7.377000000000000224e-02
7.382000000000001061e-02
7.387000000000000510e-02
7.393000000000000960e-02
7.393000000000000960e-02
7.398000000000000409e-02
7.402000000000000246e-02
7.419000000000000594e-02
7.420000000000000207e-02
7.420000000000000207e-02
7.422000000000000819e-02
7.423000000000000431e-02
7.424000000000000044e-02
7.426000000000000656e-02
7.427000000000000268e-02
7.430000000000000493e-02
7.430000000000000493e-02
7.431000000000000105e-02
7.432000000000001105e-02
7.434000000000000330e-02
7.434999999999999942e-02
7.441000000000000392e-02
7.444000000000000616e-02
7.453000000000001291e-02
7.453000000000001291e-02
7.464000000000001189e-02
7.465000000000000802e-02
7.467000000000000026e-02
7.468000000000001026e-02
7.469000000000000639e-02
7.474000000000000088e-02
7.475000000000001088e-02
7.475000000000001088e-02
7.476000000000000700e-02
7.477000000000000313e-02
7.483000000000000762e-02
7.497000000000000886e-02
7.509000000000000397e-02
7.534000000000000419e-02
7.536000000000001031e-02
7.540000000000000868e-02
7.545000000000000318e-02
7.545000000000000318e-02
7.548000000000000542e-02
7.552000000000000379e-02
7.555000000000000604e-02
7.562000000000000666e-02
7.574000000000000177e-02
7.580000000000000626e-02
7.583000000000000851e-02
7.584000000000000463e-02
7.592000000000000137e-02
7.608000000000000873e-02
7.625000000000001221e-02
7.626000000000000834e-02
7.633000000000000895e-02
7.637000000000000732e-02
7.652000000000000468e-02
7.665000000000000979e-02
7.705000000000000737e-02
7.733000000000000984e-02
7.742000000000000270e-02
7.760000000000000231e-02
7.766000000000000680e-02
7.793000000000001315e-02
7.793000000000001315e-02
7.803000000000000214e-02
7.825000000000000011e-02
7.829000000000001236e-02
7.836000000000001298e-02
7.841000000000000747e-02
7.847000000000001196e-02
7.853000000000000258e-02
7.855000000000000870e-02
7.856000000000000483e-02
7.859000000000000707e-02
7.861000000000001320e-02
7.871000000000000218e-02
7.878000000000000280e-02
7.880000000000000893e-02
7.880000000000000893e-02
7.897000000000001241e-02
7.899000000000000465e-02
7.901000000000001078e-02
7.905000000000000915e-02
7.922000000000001263e-02
7.924000000000000488e-02
7.933000000000001162e-02
7.941000000000000836e-02
7.943000000000000060e-02
7.944000000000001060e-02
7.947000000000001285e-02
7.951000000000001122e-02
7.953999999999999959e-02
7.953999999999999959e-02
7.955000000000000959e-02
7.959000000000000796e-02
7.963000000000000633e-02
7.969000000000001083e-02
7.970000000000000695e-02
7.973000000000000920e-02
7.977000000000000757e-02
7.978000000000000369e-02
7.984000000000000818e-02
7.988000000000000655e-02
7.988000000000000655e-02
7.988000000000000655e-02
7.990000000000001268e-02
7.998000000000000942e-02
8.002000000000000779e-02
8.012000000000001065e-02
8.015000000000001290e-02
8.023000000000000964e-02
8.023000000000000964e-02
8.023000000000000964e-02
8.030000000000001026e-02
8.032000000000000250e-02
8.034000000000000863e-02
8.037000000000001088e-02
8.038000000000000700e-02
8.039000000000000312e-02
8.046999999999999986e-02
8.050000000000000211e-02
8.055000000000001048e-02
8.056000000000000660e-02
8.061000000000000110e-02
8.068000000000000171e-02
8.068000000000000171e-02
8.073000000000001009e-02
8.074000000000000621e-02
8.085000000000000520e-02
8.094000000000001194e-02
8.101000000000001255e-02
8.110000000000000542e-02
8.114000000000000379e-02
8.123000000000001053e-02
8.131000000000000727e-02
8.137000000000001176e-02
8.138000000000000789e-02
8.141000000000001013e-02
8.157999999999999974e-02
8.179000000000000159e-02
8.182000000000000384e-02
8.194000000000001283e-02
8.196000000000000507e-02
8.203000000000000569e-02
8.235000000000000653e-02
8.257000000000000450e-02
8.268000000000000349e-02
8.275000000000000411e-02
8.316000000000001169e-02
8.358000000000000151e-02
8.384000000000001174e-02
8.390000000000000235e-02
8.393000000000000460e-02
8.397000000000000297e-02
8.404000000000000359e-02
8.404000000000000359e-02
8.413000000000001033e-02
8.426000000000000156e-02
8.433000000000000218e-02
8.436000000000000443e-02
8.543000000000000593e-02
8.551000000000000267e-02
8.574000000000001065e-02
8.642000000000001070e-02
8.672000000000000541e-02
8.716000000000000136e-02
8.731000000000001260e-02
8.731000000000001260e-02
8.754000000000000670e-02
8.764000000000000956e-02
8.776000000000000467e-02
8.784000000000000141e-02
8.798000000000000265e-02
8.812000000000000388e-02
8.835000000000001186e-02
8.849000000000001309e-02
8.854000000000000759e-02
8.861000000000000820e-02
8.882000000000001005e-02
8.887000000000000455e-02
8.897000000000000741e-02
8.924000000000001376e-02
8.925000000000000988e-02
8.945000000000000173e-02
8.974000000000001420e-02
8.977000000000000257e-02
8.978000000000001257e-02
8.994000000000000605e-02
9.002000000000000279e-02
9.019000000000000627e-02
9.020000000000000240e-02
9.022000000000000852e-02
9.026000000000000689e-02
9.029000000000000914e-02
9.033000000000000751e-02
9.037000000000000588e-02
9.040000000000000813e-02
9.041000000000000425e-02
9.046000000000001262e-02
9.053000000000001324e-02
9.055000000000000548e-02
9.055000000000000548e-02
9.055000000000000548e-02
9.058000000000000773e-02
9.059000000000000385e-02
9.063000000000000222e-02
9.066000000000000447e-02
9.067000000000000060e-02
9.069000000000000672e-02
9.070000000000000284e-02
9.071000000000001284e-02
9.074000000000000121e-02
9.076000000000000734e-02
9.076000000000000734e-02
9.076000000000000734e-02
9.077000000000000346e-02
9.096000000000001307e-02
9.097000000000000919e-02
9.105000000000000593e-02
9.110000000000001430e-02
9.112000000000000655e-02
9.114000000000001267e-02
9.114000000000001267e-02
9.115000000000000879e-02
9.116000000000000492e-02
9.119000000000000716e-02
9.123000000000000553e-02
9.125000000000001166e-02
9.128000000000001390e-02
9.136000000000001064e-02
9.140000000000000902e-02
9.149000000000000188e-02
9.150000000000001188e-02
9.151000000000000800e-02
9.175000000000001210e-02
9.179000000000001047e-02
9.186000000000001109e-02
9.194000000000000783e-02
9.198000000000000620e-02
9.199000000000000232e-02
9.238000000000000378e-02
9.250000000000001277e-02
9.269000000000000850e-02
9.410000000000000309e-02
9.460000000000000353e-02
9.461000000000001353e-02
9.489000000000000212e-02
9.520000000000000684e-02
9.530000000000000970e-02
9.543000000000000094e-02
9.551000000000001156e-02
9.556000000000000605e-02
9.566000000000000891e-02
9.582000000000000239e-02
9.585000000000000464e-02
9.590000000000001301e-02
9.594000000000001138e-02
9.610000000000000486e-02
9.615000000000001323e-02
9.629000000000001447e-02
9.648000000000001020e-02
9.648000000000001020e-02
9.650000000000000244e-02
9.679000000000000103e-02
9.682000000000000328e-02
9.685000000000000553e-02
9.714000000000000412e-02
9.716000000000001025e-02
9.721000000000000474e-02
9.736000000000000210e-02
9.744000000000001271e-02
9.749000000000000721e-02
9.755000000000001170e-02
9.771000000000000518e-02
9.801000000000001378e-02
9.814000000000000501e-02
9.822000000000000175e-02
9.828000000000000624e-02
9.848000000000001197e-02
9.869000000000001382e-02
9.879000000000000281e-02
9.897000000000000242e-02
9.908000000000000140e-02
9.928000000000000713e-02
9.936000000000000387e-02
9.937000000000001387e-02
9.945000000000001061e-02
9.973000000000001308e-02
9.989000000000000656e-02
1.000200000000000117e-01
1.001400000000000068e-01
1.002300000000000135e-01
1.002700000000000119e-01
1.003800000000000109e-01
1.004200000000000093e-01
1.004300000000000054e-01
1.005200000000000121e-01
1.006500000000000034e-01
1.007000000000000117e-01
1.009100000000000136e-01
1.009200000000000097e-01
1.012300000000000144e-01
1.012400000000000105e-01
1.012900000000000050e-01
1.013200000000000073e-01
1.013600000000000056e-01
1.014000000000000040e-01
1.014300000000000063e-01
1.014800000000000146e-01
1.015200000000000130e-01
1.015600000000000114e-01
1.015800000000000036e-01
1.016100000000000059e-01
1.017000000000000126e-01
1.019000000000000045e-01
1.019400000000000028e-01
1.021000000000000102e-01
1.021000000000000102e-01
1.022100000000000092e-01
1.022300000000000014e-01
1.022800000000000098e-01
1.022800000000000098e-01
1.023500000000000104e-01
1.023700000000000027e-01
1.026100000000000068e-01
1.026200000000000029e-01
1.026700000000000113e-01
1.027100000000000096e-01
1.027200000000000057e-01
1.027600000000000041e-01
1.027700000000000141e-01
1.027900000000000064e-01
1.030300000000000105e-01
1.033700000000000035e-01
1.034900000000000125e-01
1.036600000000000021e-01
1.037100000000000105e-01
1.039000000000000062e-01
1.043000000000000038e-01
1.044800000000000034e-01
1.053500000000000131e-01
1.053700000000000053e-01
1.056500000000000078e-01
1.057700000000000029e-01
1.059900000000000148e-01
1.065200000000000036e-01
1.070200000000000040e-01
1.076400000000000134e-01
1.076800000000000118e-01
1.078700000000000075e-01
1.082300000000000068e-01
1.083800000000000041e-01
1.085200000000000053e-01
1.085500000000000076e-01
1.085900000000000060e-01
1.091200000000000087e-01
1.093200000000000144e-01
1.093600000000000128e-01
1.093700000000000089e-01
1.094300000000000134e-01
1.094400000000000095e-01
1.096000000000000030e-01
1.097200000000000120e-01
1.097500000000000142e-01
1.097700000000000065e-01
1.098700000000000093e-01
1.101500000000000118e-01
1.105500000000000094e-01
1.107000000000000067e-01
1.107600000000000112e-01
1.111500000000000127e-01
1.127500000000000030e-01
1.131600000000000106e-01
1.132000000000000089e-01
1.133200000000000041e-01
1.133300000000000141e-01
1.133800000000000086e-01
1.134300000000000030e-01
1.135100000000000137e-01
1.135200000000000098e-01
1.136700000000000071e-01
1.137100000000000055e-01
1.137600000000000139e-01
1.137700000000000100e-01
1.138000000000000123e-01
1.138200000000000045e-01
1.139200000000000074e-01
1.139600000000000057e-01
1.139600000000000057e-01
1.140200000000000102e-01
1.140500000000000125e-01
1.141300000000000092e-01
1.142900000000000027e-01
1.143600000000000033e-01
1.143600000000000033e-01
1.143600000000000033e-01
1.145000000000000046e-01
1.145100000000000146e-01
1.145800000000000152e-01
1.145900000000000113e-01
1.145900000000000113e-01
1.146800000000000042e-01
1.146800000000000042e-01
1.147200000000000025e-01
1.147600000000000148e-01
1.148600000000000038e-01
1.149200000000000083e-01
1.150000000000000050e-01
1.151400000000000062e-01
1.151600000000000124e-01
1.152600000000000152e-01
1.153100000000000097e-01
1.153800000000000103e-01
1.154000000000000026e-01
1.154900000000000093e-01
1.156400000000000067e-01
1.156800000000000050e-01
1.160100000000000159e-01
1.161400000000000071e-01
1.161700000000000094e-01
1.163100000000000106e-01
1.163800000000000112e-01
1.163900000000000073e-01
1.164300000000000057e-01
1.164800000000000141e-01
1.165200000000000125e-01
1.165600000000000108e-01
1.165600000000000108e-01
1.165600000000000108e-01
1.166700000000000098e-01
1.166900000000000159e-01
1.169700000000000045e-01
1.170400000000000051e-01
1.170700000000000074e-01
1.171100000000000058e-01
1.182300000000000156e-01
1.195800000000000057e-01
1.199500000000000149e-01
1.203100000000000142e-01
1.203200000000000103e-01
1.205700000000000105e-01
1.206400000000000111e-01
1.206600000000000034e-01
1.208700000000000052e-01
1.211500000000000077e-01
1.212600000000000067e-01
1.213200000000000112e-01
1.214200000000000140e-01
1.214900000000000146e-01
1.215100000000000069e-01
1.215700000000000114e-01
1.217800000000000132e-01
1.218200000000000116e-01
1.218200000000000116e-01
1.219400000000000067e-01
1.219600000000000128e-01
1.220800000000000080e-01
1.221400000000000124e-01
1.222000000000000031e-01
1.222300000000000053e-01
1.222400000000000153e-01
1.223500000000000143e-01
1.224200000000000149e-01
1.225400000000000100e-01
1.225600000000000162e-01
1.228000000000000064e-01
1.228200000000000125e-01
1.229200000000000154e-01
1.232600000000000084e-01
1.232900000000000107e-01
1.238800000000000040e-01
1.239000000000000101e-01
1.239000000000000101e-01
1.239400000000000085e-01
1.240300000000000152e-01
1.246500000000000108e-01
1.246600000000000069e-01
1.247900000000000120e-01
1.248300000000000104e-01
1.249100000000000071e-01
1.253700000000000092e-01
1.256600000000000217e-01
1.257600000000000107e-01
1.259100000000000219e-01
1.262100000000000166e-01
1.265300000000000036e-01
1.265500000000000236e-01
1.265799999999999981e-01
1.266100000000000003e-01
1.266400000000000026e-01
1.266899999999999971e-01
1.267199999999999993e-01
1.267800000000000038e-01
1.268400000000000083e-01
1.268800000000000205e-01
1.270600000000000063e-01
1.272500000000000020e-01
1.273000000000000242e-01
1.273400000000000087e-01
1.273600000000000010e-01
1.273700000000000110e-01
1.273700000000000110e-01
1.273800000000000210e-01
1.274200000000000055e-01
1.274300000000000155e-01
1.274300000000000155e-01
1.274700000000000000e-01
1.274900000000000200e-01
1.275700000000000167e-01
1.275799999999999990e-01
1.276400000000000035e-01
1.277000000000000079e-01
1.277000000000000079e-01
1.277100000000000180e-01
1.277300000000000102e-01
1.277500000000000024e-01
1.279900000000000204e-01
1.280300000000000049e-01
1.282300000000000106e-01
1.282800000000000051e-01
1.282999999999999974e-01
1.283400000000000096e-01
1.283400000000000096e-01
1.283800000000000219e-01
1.285100000000000131e-01
1.285100000000000131e-01
1.285900000000000098e-01
1.286000000000000199e-01
1.286100000000000021e-01
1.286200000000000121e-01
1.287300000000000111e-01
1.288600000000000023e-01
1.288900000000000046e-01
1.289399999999999991e-01
1.289600000000000191e-01
1.289800000000000113e-01
1.290200000000000236e-01
1.290700000000000180e-01
1.291400000000000048e-01
1.292000000000000093e-01
1.295400000000000162e-01
1.295700000000000185e-01
1.295800000000000007e-01
1.297100000000000197e-01
1.297600000000000142e-01
1.300000000000000044e-01
1.302100000000000202e-01
1.302100000000000202e-01
1.303200000000000192e-01
1.304800000000000126e-01
1.305600000000000094e-01
1.306300000000000239e-01
1.308500000000000218e-01
1.310199999999999976e-01
1.311100000000000043e-01
1.311200000000000143e-01
1.311700000000000088e-01
1.312600000000000156e-01
1.313900000000000068e-01
1.314400000000000013e-01
1.314500000000000113e-01
1.314600000000000213e-01
1.315100000000000158e-01
1.315300000000000080e-01
1.315800000000000025e-01
1.316000000000000225e-01
1.316800000000000193e-01
1.318000000000000005e-01
1.318000000000000005e-01
1.319200000000000095e-01
1.319300000000000195e-01
1.319700000000000040e-01
1.320000000000000062e-01
1.320400000000000185e-01
1.320800000000000030e-01
1.321700000000000097e-01
1.321800000000000197e-01
1.323700000000000154e-01
1.324099999999999999e-01
1.324600000000000222e-01
1.324600000000000222e-01
1.324800000000000144e-01
1.324800000000000144e-01
1.324900000000000244e-01
1.325500000000000012e-01
1.326299999999999979e-01
1.326400000000000079e-01
1.326500000000000179e-01
1.327100000000000224e-01
1.328500000000000236e-01
1.329600000000000226e-01
1.330100000000000171e-01
1.331900000000000028e-01
1.332200000000000051e-01
1.332699999999999996e-01
1.334200000000000108e-01
1.336000000000000243e-01
1.337800000000000100e-01
1.338600000000000068e-01
1.339100000000000013e-01
1.339500000000000135e-01
1.340800000000000047e-01
1.341200000000000170e-01
1.341400000000000092e-01
1.343400000000000150e-01
1.345000000000000084e-01
1.345800000000000052e-01
1.346400000000000097e-01
1.346600000000000019e-01
1.351700000000000124e-01
1.354200000000000126e-01
1.354600000000000248e-01
1.359599999999999975e-01
1.361600000000000033e-01
1.364900000000000002e-01
1.367500000000000104e-01
1.383600000000000108e-01
1.384100000000000052e-01
1.385000000000000120e-01
1.387500000000000122e-01
1.387500000000000122e-01
1.390500000000000069e-01
1.390600000000000169e-01
1.392400000000000027e-01
1.395900000000000196e-01
1.396400000000000141e-01
1.396799999999999986e-01
1.397100000000000009e-01
1.404700000000000115e-01
1.409100000000000075e-01
1.411799999999999999e-01
1.418400000000000216e-01
1.420900000000000218e-01
1.423900000000000166e-01
1.425099999999999978e-01
1.429400000000000115e-01
1.433800000000000074e-01
1.452500000000000180e-01
1.453600000000000170e-01
1.453699999999999992e-01
1.453900000000000192e-01
1.454100000000000115e-01
1.454100000000000115e-01
1.454200000000000215e-01
1.454200000000000215e-01
1.454300000000000037e-01
1.455700000000000049e-01
1.455800000000000149e-01
1.456000000000000072e-01
1.456100000000000172e-01
1.456500000000000017e-01
1.456900000000000139e-01
1.457000000000000239e-01
1.457700000000000107e-01
1.458100000000000229e-01
1.458699999999999997e-01
1.458699999999999997e-01
1.458800000000000097e-01
1.459900000000000087e-01
1.460500000000000131e-01
1.461600000000000121e-01
1.463200000000000056e-01
1.464799999999999991e-01
1.464900000000000091e-01
1.469700000000000173e-01
1.470899999999999985e-01
1.476800000000000057e-01
1.488700000000000023e-01
1.505500000000000171e-01
1.506400000000000239e-01
1.510500000000000176e-01
1.518600000000000227e-01
1.523900000000000254e-01
1.530299999999999994e-01
1.569300000000000139e-01
1.570600000000000052e-01
1.575500000000000234e-01
1.577199999999999991e-01
1.577300000000000091e-01
1.581400000000000028e-01
1.586000000000000187e-01
1.586400000000000032e-01
1.594900000000000206e-01
1.595799999999999996e-01
1.597900000000000154e-01
1.599200000000000066e-01
1.601500000000000146e-01
1.602900000000000158e-01
1.615900000000000114e-01
1.616400000000000059e-01
1.657200000000000062e-01
1.658200000000000229e-01
1.658200000000000229e-01
1.659700000000000064e-01
1.660600000000000132e-01
1.662300000000000166e-01
1.664200000000000124e-01
1.664900000000000269e-01
1.665800000000000058e-01
1.667700000000000016e-01
1.700300000000000145e-01
1.702300000000000202e-01
1.786700000000000232e-01
1.789300000000000057e-01
1.790000000000000202e-01
1.790500000000000147e-01
1.791400000000000214e-01
1.792600000000000027e-01
1.793100000000000249e-01
1.797200000000000186e-01
1.800500000000000156e-01
1.801800000000000068e-01
1.805000000000000215e-01
1.806500000000000050e-01
1.808200000000000085e-01
1.808300000000000185e-01
1.874100000000000210e-01
1.874600000000000155e-01
1.874600000000000155e-01
1.875000000000000278e-01
1.875200000000000200e-01
1.876200000000000090e-01
1.877800000000000025e-01
1.880900000000000072e-01
1.882000000000000062e-01
1.882300000000000084e-01
1.882800000000000029e-01
1.883000000000000229e-01
1.883300000000000252e-01
1.884100000000000219e-01
1.884400000000000241e-01
1.884500000000000064e-01
1.885300000000000031e-01
1.886000000000000176e-01
1.886100000000000276e-01
1.887400000000000189e-01
1.888200000000000156e-01
1.888400000000000079e-01
1.888800000000000201e-01
1.889300000000000146e-01
1.889500000000000068e-01
1.890700000000000158e-01
1.917300000000000115e-01
1.968800000000000272e-01
1.976700000000000124e-01
1.984000000000000208e-01
1.985400000000000220e-01
1.987000000000000155e-01
1.988400000000000167e-01
1.993900000000000117e-01
1.994300000000000239e-01
2.003600000000000103e-01
2.008200000000000263e-01
