2.739000000000000115e-02
2.754000000000000198e-02
2.769000000000000281e-02
2.769000000000000281e-02
2.771000000000000199e-02
2.804000000000000242e-02
2.805000000000000202e-02
2.806000000000000161e-02
2.807000000000000120e-02
2.808000000000000079e-02
2.809000000000000385e-02
2.810000000000000345e-02
2.811000000000000304e-02
2.812000000000000263e-02
2.813000000000000222e-02
2.813000000000000222e-02
2.814000000000000182e-02
2.814000000000000182e-02
2.815000000000000141e-02
2.816000000000000100e-02
2.817000000000000060e-02
2.818000000000000366e-02
2.819000000000000325e-02
2.820000000000000284e-02
2.820000000000000284e-02
2.823000000000000162e-02
2.824000000000000121e-02
2.824000000000000121e-02
2.824000000000000121e-02
2.825000000000000080e-02
2.826000000000000387e-02
2.826000000000000387e-02
2.827000000000000346e-02
2.828000000000000305e-02
2.828000000000000305e-02
2.829000000000000264e-02
2.829000000000000264e-02
2.830000000000000224e-02
2.831000000000000183e-02
2.832000000000000142e-02
2.833000000000000101e-02
2.834000000000000061e-02
2.834000000000000061e-02
2.834000000000000061e-02
2.835000000000000367e-02
2.836000000000000326e-02
2.836000000000000326e-02
2.837000000000000285e-02
2.838000000000000245e-02
2.839000000000000204e-02
2.840000000000000163e-02
2.841000000000000122e-02
2.842000000000000082e-02
2.843000000000000388e-02
2.851000000000000062e-02
2.851000000000000062e-02
2.863000000000000267e-02
2.870000000000000329e-02
2.893000000000000085e-02
2.898000000000000229e-02
2.898000000000000229e-02
2.907000000000000209e-02
3.046000000000000096e-02
3.055000000000000077e-02
3.055000000000000077e-02
3.057000000000000342e-02
3.059000000000000261e-02
3.063000000000000098e-02
3.065000000000000363e-02
3.067000000000000282e-02
3.069000000000000200e-02
3.073000000000000384e-02
3.074000000000000343e-02
3.074000000000000343e-02
3.081000000000000405e-02
3.081000000000000405e-02
3.084000000000000283e-02
3.086000000000000201e-02
3.090000000000000385e-02
3.091000000000000345e-02
3.104000000000000162e-02
3.122000000000000122e-02
3.136000000000000593e-02
3.141000000000000042e-02
3.147000000000000491e-02
3.167000000000000370e-02
3.179000000000000575e-02
3.201999999999999985e-02
3.201999999999999985e-02
3.205000000000000210e-02
3.208000000000000435e-02
3.210000000000000353e-02
3.210999999999999965e-02
3.213000000000000578e-02
3.215000000000000496e-02
3.216000000000000109e-02
3.218000000000000027e-02
3.219000000000000333e-02
3.219999999999999946e-02
3.222000000000000558e-02
3.223000000000000170e-02
3.225000000000000089e-02
3.228000000000000314e-02
3.231000000000000538e-02
3.235999999999999988e-02
3.241000000000000131e-02
3.246000000000000274e-02
3.248000000000000193e-02
3.252000000000000030e-02
3.255000000000000254e-02
3.259000000000000091e-02
3.259000000000000091e-02
3.260000000000000397e-02
3.260000000000000397e-02
3.268000000000000071e-02
3.274000000000000521e-02
3.276000000000000439e-02
3.278999999999999970e-02
3.287000000000000338e-02
3.287999999999999950e-02
3.294000000000000400e-02
3.302000000000000074e-02
3.312999999999999973e-02
3.316000000000000197e-02
3.328000000000000402e-02
3.349000000000000588e-02
3.436000000000000165e-02
3.440000000000000002e-02
3.444000000000000533e-02
3.447000000000000064e-02
3.448999999999999982e-02
3.450000000000000289e-02
3.453000000000000513e-02
3.453000000000000513e-02
3.457999999999999963e-02
3.457999999999999963e-02
3.461000000000000187e-02
3.465000000000000024e-02
3.474000000000000005e-02
3.475000000000000311e-02
3.481000000000000066e-02
3.488000000000000128e-02
3.495000000000000190e-02
3.499000000000000027e-02
3.512000000000000538e-02
3.525000000000000355e-02
3.525999999999999968e-02
3.529000000000000192e-02
3.554000000000000214e-02
3.554000000000000214e-02
3.561000000000000276e-02
3.606000000000000177e-02
3.612000000000000627e-02
3.613000000000000239e-02
3.620000000000000301e-02
3.623000000000000526e-02
3.624000000000000138e-02
3.629000000000000281e-02
3.630000000000000587e-02
3.635000000000000037e-02
3.636999999999999955e-02
3.642000000000000098e-02
3.645000000000000323e-02
3.670999999999999958e-02
3.678000000000000019e-02
3.697000000000000286e-02
3.700000000000000511e-02
3.702000000000000429e-02
3.761000000000000454e-02
3.791000000000000619e-02
3.819000000000000172e-02
3.828000000000000153e-02
3.845000000000000501e-02
3.846000000000000113e-02
3.847000000000000419e-02
3.859000000000000624e-02
3.864000000000000073e-02
3.867000000000000298e-02
3.871000000000000135e-02
3.874999999999999972e-02
3.878000000000000197e-02
3.879000000000000503e-02
3.884000000000000646e-02
3.889000000000000096e-02
3.889000000000000096e-02
3.895000000000000545e-02
3.895000000000000545e-02
3.901000000000000301e-02
3.907000000000000056e-02
3.908999999999999975e-02
3.917000000000000343e-02
3.928000000000000241e-02
3.933000000000000385e-02
3.936000000000000609e-02
3.941000000000000059e-02
3.967000000000000387e-02
3.971000000000000224e-02
3.974000000000000449e-02
3.975000000000000061e-02
3.979000000000000592e-02
3.994000000000000328e-02
3.998000000000000165e-02
4.001000000000000389e-02
4.002000000000000002e-02
4.003000000000000308e-02
4.005000000000000226e-02
4.007000000000000145e-02
4.010000000000000370e-02
4.015000000000000513e-02
4.020000000000000656e-02
4.028000000000000330e-02
4.031000000000000555e-02
4.033000000000000473e-02
4.038000000000000617e-02
4.047000000000000597e-02
4.048000000000000209e-02
4.048000000000000209e-02
4.062000000000000333e-02
4.069000000000000394e-02
4.072000000000000619e-02
4.072000000000000619e-02
4.076000000000000456e-02
4.085000000000000436e-02
4.085000000000000436e-02
4.093000000000000110e-02
4.102000000000000091e-02
4.113000000000000683e-02
4.119000000000000439e-02
4.127000000000000113e-02
4.133000000000000562e-02
4.146000000000000379e-02
4.213000000000000078e-02
4.234000000000000263e-02
4.235000000000000570e-02
4.239000000000000407e-02
4.240000000000000019e-02
4.241000000000000325e-02
4.244000000000000550e-02
4.248000000000000387e-02
4.250000000000000305e-02
4.252000000000000224e-02
4.260000000000000592e-02
4.261000000000000204e-02
4.279000000000000165e-02
4.298000000000000431e-02
4.325000000000000372e-02
4.327000000000000290e-02
4.331000000000000127e-02
4.339000000000000495e-02
4.349000000000000088e-02
4.350000000000000394e-02
4.386000000000000315e-02
4.397000000000000214e-02
4.433000000000000135e-02
4.449000000000000177e-02
4.450000000000000483e-02
4.459000000000000463e-02
4.469000000000000056e-02
4.473000000000000587e-02
4.476000000000000117e-02
4.477000000000000424e-02
4.480000000000000648e-02
4.484000000000000485e-02
4.487000000000000710e-02
4.489000000000000629e-02
4.493000000000000466e-02
4.498000000000000609e-02
4.502000000000000446e-02
4.502000000000000446e-02
4.502000000000000446e-02
4.502000000000000446e-02
4.509000000000000508e-02
4.509000000000000508e-02
4.512000000000000038e-02
4.513000000000000345e-02
4.519000000000000100e-02
4.531000000000000305e-02
4.532000000000000611e-02
4.533000000000000224e-02
4.537000000000000061e-02
4.541000000000000592e-02
4.544000000000000122e-02
4.546000000000000041e-02
4.547000000000000347e-02
4.566000000000000614e-02
4.599000000000000310e-02
4.602000000000000535e-02
4.602000000000000535e-02
4.604000000000000453e-02
4.608000000000000290e-02
4.617000000000000270e-02
4.622000000000000414e-02
4.624000000000000332e-02
4.631000000000000394e-02
4.655000000000000110e-02
4.673000000000000070e-02
4.673000000000000070e-02
4.689000000000000112e-02
4.689000000000000112e-02
4.699000000000000399e-02
4.702000000000000624e-02
4.720000000000000584e-02
4.720000000000000584e-02
4.735000000000000320e-02
4.741000000000000075e-02
4.744000000000000300e-02
4.772000000000000547e-02
4.785000000000000364e-02
4.802000000000000712e-02
4.832000000000000184e-02
4.837000000000000327e-02
4.865000000000000574e-02
4.869000000000000411e-02
4.899000000000000576e-02
4.908000000000000557e-02
4.917000000000000537e-02
4.917000000000000537e-02
4.920000000000000068e-02
4.921000000000000374e-02
4.931000000000000660e-02
4.931000000000000660e-02
4.935000000000000497e-02
4.939000000000000334e-02
4.940000000000000641e-02
4.940000000000000641e-02
4.941000000000000253e-02
4.945000000000000090e-02
4.949000000000000621e-02
4.949000000000000621e-02
4.949000000000000621e-02
4.954000000000000070e-02
4.960000000000000520e-02
4.967000000000000581e-02
4.967000000000000581e-02
4.968000000000000194e-02
4.971000000000000418e-02
4.975000000000000255e-02
4.978000000000000480e-02
4.983000000000000623e-02
4.989000000000000379e-02
4.991000000000000297e-02
5.002000000000000196e-02
5.002000000000000196e-02
5.002000000000000196e-02
5.010000000000000564e-02
5.013000000000000095e-02
5.022000000000000075e-02
5.064000000000000445e-02
5.066000000000000364e-02
5.077000000000000263e-02
5.091000000000000386e-02
5.123000000000000470e-02
5.131000000000000144e-02
5.134000000000000369e-02
5.135000000000000675e-02
5.144000000000000655e-02
5.178000000000000658e-02
5.180000000000000576e-02
5.197000000000000230e-02
5.202000000000000374e-02
5.202000000000000374e-02
5.202000000000000374e-02
5.206000000000000211e-02
5.217000000000000109e-02
5.220000000000000334e-02
5.221000000000000640e-02
5.221000000000000640e-02
5.223000000000000559e-02
5.225000000000000477e-02
5.231000000000000233e-02
5.237000000000000682e-02
5.246000000000000663e-02
5.270000000000000379e-02
5.281000000000000277e-02
5.281000000000000277e-02
5.315000000000000280e-02
5.317000000000000198e-02
5.322000000000000342e-02
5.330000000000000709e-02
5.352000000000000507e-02
5.402000000000000551e-02
5.447000000000000453e-02
5.447000000000000453e-02
5.450000000000000677e-02
5.451000000000000290e-02
5.452000000000000596e-02
5.455000000000000127e-02
5.457000000000000739e-02
5.474000000000000393e-02
5.478000000000000230e-02
5.487000000000000210e-02
5.499000000000000415e-02
5.509000000000000702e-02
5.510000000000000314e-02
5.516000000000000764e-02
5.516000000000000764e-02
5.520000000000000601e-02
5.528000000000000275e-02
5.533000000000000418e-02
5.537000000000000255e-02
5.541000000000000786e-02
5.542000000000000398e-02
5.562000000000000277e-02
5.581000000000000544e-02
5.588000000000000606e-02
5.604000000000000647e-02
5.605000000000000260e-02
5.611000000000000709e-02
5.621000000000000302e-02
5.622000000000000608e-02
5.652000000000000773e-02
5.670000000000000734e-02
5.693000000000000144e-02
5.737000000000000433e-02
5.749000000000000637e-02
5.753000000000000475e-02
5.759000000000000230e-02
5.763000000000000761e-02
5.767000000000000598e-02
5.775000000000000272e-02
5.802000000000000213e-02
5.802000000000000213e-02
5.802000000000000213e-02
5.806000000000000744e-02
5.817000000000000642e-02
5.817000000000000642e-02
5.822000000000000786e-02
5.825000000000000316e-02
5.828000000000000541e-02
5.829000000000000153e-02
5.829000000000000153e-02
5.831000000000000766e-02
5.833000000000000684e-02
5.834000000000000297e-02
5.836000000000000215e-02
5.838000000000000134e-02
5.839000000000000440e-02
5.839000000000000440e-02
5.841000000000000358e-02
5.843000000000000277e-02
5.844000000000000583e-02
5.846000000000000502e-02
5.846000000000000502e-02
5.848000000000000420e-02
5.849000000000000726e-02
5.849000000000000726e-02
5.851000000000000645e-02
5.853000000000000563e-02
5.853000000000000563e-02
5.855000000000000482e-02
5.858000000000000707e-02
5.859000000000000319e-02
5.862000000000000544e-02
5.865000000000000768e-02
5.865000000000000768e-02
5.869000000000000605e-02
5.872000000000000136e-02
5.874000000000000749e-02
5.875000000000000361e-02
5.876000000000000667e-02
5.876000000000000667e-02
5.879000000000000198e-02
5.886000000000000260e-02
5.895000000000000240e-02
5.897000000000000158e-02
5.898000000000000465e-02
5.952000000000000346e-02
5.976000000000000756e-02
6.004000000000000309e-02
6.116000000000000603e-02
6.120000000000000440e-02
6.121000000000000746e-02
6.123000000000000664e-02
6.125000000000000583e-02
6.128000000000000808e-02
6.130000000000000726e-02
6.131000000000000338e-02
6.132000000000000645e-02
6.135000000000000175e-02
6.135000000000000175e-02
6.137000000000000788e-02
6.140000000000000319e-02
6.142000000000000237e-02
6.143000000000000543e-02
6.146000000000000768e-02
6.149000000000000299e-02
6.150000000000000605e-02
6.154000000000000442e-02
6.160000000000000198e-02
6.161000000000000504e-02
6.166000000000000647e-02
6.167000000000000259e-02
6.168000000000000566e-02
6.173000000000000709e-02
6.174000000000000321e-02
6.188000000000000445e-02
6.202000000000000568e-02
6.215000000000000385e-02
6.219000000000000222e-02
6.224000000000000365e-02
6.233000000000000346e-02
6.233000000000000346e-02
6.238000000000000489e-02
6.240000000000000407e-02
6.241000000000000714e-02
6.244000000000000244e-02
6.246000000000000857e-02
6.248000000000000775e-02
6.250000000000000000e-02
6.252000000000000612e-02
6.253999999999999837e-02
6.256000000000000449e-02
6.257000000000000062e-02
6.258000000000001062e-02
6.259000000000000674e-02
6.260999999999999899e-02
6.264000000000000123e-02
6.266000000000000736e-02
6.267000000000000348e-02
6.270000000000000573e-02
6.272000000000001185e-02
6.276000000000001022e-02
6.282000000000000084e-02
6.288000000000000533e-02
6.296000000000000207e-02
6.299000000000000432e-02
6.318000000000000005e-02
6.338000000000000578e-02
6.341000000000000802e-02
6.349000000000000477e-02
6.366000000000000825e-02
6.421999999999999931e-02
6.424000000000000543e-02
6.455000000000001015e-02
6.510000000000000508e-02
6.524000000000000632e-02
6.525999999999999857e-02
6.529000000000000081e-02
6.531000000000000694e-02
6.549000000000000654e-02
6.591000000000001025e-02
6.602000000000000923e-02
6.606000000000000760e-02
6.607000000000000373e-02
6.632000000000000395e-02
6.633000000000000007e-02
6.642000000000000681e-02
6.642000000000000681e-02
6.650999999999999968e-02
6.654000000000000192e-02
6.657000000000000417e-02
6.661000000000000254e-02
6.670000000000000928e-02
6.693999999999999950e-02
6.709000000000001074e-02
6.753000000000000669e-02
6.783000000000000140e-02
6.791000000000001202e-02
6.801000000000000101e-02
6.802000000000001101e-02
6.827000000000001123e-02
6.861000000000000432e-02
6.861000000000000432e-02
6.869000000000000106e-02
6.871000000000000718e-02
6.874000000000000943e-02
6.877000000000001168e-02
6.879000000000000392e-02
6.882000000000000617e-02
6.884000000000001229e-02
6.886000000000000454e-02
6.887000000000000066e-02
6.890000000000000291e-02
6.893000000000000516e-02
6.896000000000000740e-02
6.897999999999999965e-02
6.901000000000000190e-02
6.902000000000001190e-02
6.902000000000001190e-02
6.908000000000000251e-02
6.909000000000001251e-02
6.915000000000000313e-02
6.918000000000000538e-02
6.927000000000001212e-02
6.950000000000000622e-02
7.012000000000000177e-02
7.019000000000000239e-02
7.025000000000000688e-02
7.032000000000000750e-02
7.042000000000001037e-02
7.042000000000001037e-02
7.043000000000000649e-02
7.060000000000000997e-02
7.082000000000000794e-02
7.084000000000000019e-02
7.094000000000000306e-02
7.094999999999999918e-02
7.131000000000001227e-02
7.132000000000000839e-02
7.160000000000001086e-02
7.185000000000001108e-02
7.192000000000001170e-02
7.202000000000000068e-02
7.244000000000000439e-02
7.245000000000000051e-02
7.249000000000001276e-02
7.252000000000000113e-02
7.255000000000000338e-02
7.255999999999999950e-02
7.258000000000000562e-02
7.261000000000000787e-02
7.265000000000000624e-02
7.267000000000001236e-02
7.269000000000000461e-02
7.272000000000000686e-02
7.276000000000000523e-02
7.282000000000000972e-02
7.287000000000000421e-02
7.294000000000000483e-02
7.304000000000000770e-02
7.316000000000000281e-02
7.320000000000000118e-02
7.329000000000000792e-02
7.331000000000000016e-02
7.331000000000000016e-02
7.334000000000000241e-02
7.337000000000000466e-02
7.341999999999999915e-02
7.344000000000000528e-02
7.388000000000000123e-02
7.408000000000000695e-02
7.413000000000000145e-02
7.421000000000001207e-02
7.428000000000001268e-02
7.431000000000000105e-02
7.434000000000000330e-02
7.436000000000000942e-02
7.438000000000000167e-02
7.439000000000001167e-02
7.441000000000000392e-02
7.443000000000001004e-02
7.446000000000001229e-02
7.449000000000000066e-02
7.452000000000000290e-02
7.454000000000000903e-02
7.456000000000000127e-02
7.459999999999999964e-02
7.463000000000000189e-02
7.468000000000001026e-02
7.475000000000001088e-02
7.479000000000000925e-02
7.479000000000000925e-02
7.480000000000000537e-02
7.484999999999999987e-02
7.488000000000000211e-02
7.504000000000000947e-02
7.574000000000000177e-02
7.674000000000000266e-02
7.676000000000000878e-02
7.686000000000001164e-02
7.691000000000000614e-02
7.695000000000000451e-02
7.699000000000000288e-02
7.702000000000000512e-02
7.706000000000000349e-02
7.735000000000000209e-02
7.748000000000000720e-02
7.758000000000001006e-02
7.760000000000000231e-02
7.770000000000000517e-02
7.774000000000000354e-02
7.780000000000000804e-02
7.799000000000000377e-02
7.812000000000000888e-02
7.845000000000000584e-02
7.849000000000000421e-02
7.932000000000000162e-02
7.937000000000000999e-02
7.942000000000000448e-02
7.946000000000000285e-02
7.948000000000000898e-02
7.949000000000000510e-02
7.950000000000000122e-02
7.953000000000000347e-02
7.955000000000000959e-02
7.961000000000000021e-02
7.970000000000000695e-02
8.002000000000000779e-02
8.018000000000000127e-02
8.039000000000000312e-02
8.046000000000000374e-02
8.048000000000000986e-02
8.051000000000001211e-02
8.056000000000000660e-02
8.059000000000000885e-02
8.063000000000000722e-02
8.089000000000000357e-02
8.102000000000000868e-02
8.103000000000000480e-02
8.104000000000000092e-02
8.106000000000000705e-02
8.108000000000001317e-02
8.110000000000000542e-02
8.112000000000001154e-02
8.114999999999999991e-02
8.117000000000000604e-02
8.130000000000001115e-02
8.161000000000000199e-02
8.165000000000000036e-02
8.201000000000001344e-02
8.238000000000000878e-02
8.243000000000000327e-02
8.312000000000001332e-02
8.341000000000001191e-02
8.355000000000001315e-02
8.361000000000000376e-02
8.382000000000000561e-02
8.398000000000001297e-02
8.403000000000000747e-02
8.422000000000000319e-02
8.425000000000000544e-02
8.427000000000001156e-02
8.449000000000000954e-02
8.466000000000001302e-02
8.536000000000000532e-02
8.557000000000000717e-02
8.564000000000000778e-02
8.633000000000000396e-02
8.660000000000001030e-02
8.661000000000000643e-02
8.664000000000000867e-02
8.667000000000001092e-02
8.668000000000000704e-02
8.670000000000001317e-02
8.673000000000000154e-02
8.676000000000000378e-02
8.679000000000000603e-02
8.682000000000000828e-02
8.685000000000001052e-02
8.689000000000000890e-02
8.694000000000000339e-02
8.700000000000000788e-02
8.704000000000000625e-02
8.707000000000000850e-02
8.711000000000000687e-02
8.714000000000000912e-02
8.714000000000000912e-02
8.717000000000001136e-02
8.721000000000000973e-02
8.734000000000000097e-02
8.736000000000000709e-02
8.738000000000001322e-02
8.740000000000000546e-02
8.741000000000000159e-02
8.742000000000001159e-02
8.743000000000000771e-02
8.744000000000000383e-02
8.745000000000001383e-02
8.745000000000001383e-02
8.746000000000000996e-02
8.746000000000000996e-02
8.747000000000000608e-02
8.748000000000000220e-02
8.749000000000001220e-02
8.750000000000000833e-02
8.751000000000000445e-02
8.752000000000000057e-02
8.753000000000001057e-02
8.754000000000000670e-02
8.755000000000000282e-02
8.755000000000000282e-02
8.756000000000001282e-02
8.757000000000000894e-02
8.758000000000000507e-02
8.759000000000000119e-02
8.760000000000001119e-02
8.761000000000000731e-02
8.763000000000001344e-02
8.764000000000000956e-02
8.765000000000000568e-02
8.767000000000001181e-02
8.768000000000000793e-02
8.770000000000001406e-02
8.770000000000001406e-02
8.772000000000000630e-02
8.773000000000000242e-02
8.773000000000000242e-02
8.775000000000000855e-02
8.776000000000000467e-02
8.778000000000001080e-02
8.778000000000001080e-02
8.781000000000001304e-02
8.783000000000000529e-02
8.783000000000000529e-02
8.786000000000000754e-02
8.789000000000000978e-02
8.793000000000000815e-02
8.797000000000000652e-02
8.802000000000000102e-02
8.809000000000000163e-02
8.820000000000000062e-02
8.822000000000000675e-02
8.830000000000000349e-02
8.848000000000000309e-02
8.849000000000001309e-02
8.852000000000000146e-02
8.929000000000000825e-02
8.959000000000000297e-02
8.969000000000000583e-02
8.990000000000000768e-02
9.019000000000000627e-02
9.099000000000000143e-02
9.127000000000000390e-02
9.154000000000001025e-02
9.155000000000000637e-02
9.155000000000000637e-02
9.159000000000000474e-02
9.163000000000000311e-02
9.164000000000001311e-02
9.169000000000000761e-02
9.171000000000001373e-02
9.171000000000001373e-02
9.172000000000000985e-02
9.176000000000000822e-02
9.182000000000001272e-02
9.186000000000001109e-02
9.196000000000001395e-02
9.202000000000000457e-02
9.210000000000000131e-02
9.211000000000001131e-02
9.215000000000000968e-02
9.218000000000001193e-02
9.223000000000000642e-02
9.226000000000000867e-02
9.230000000000000704e-02
9.238000000000000378e-02
9.245000000000000440e-02
9.248000000000000664e-02
9.251000000000000889e-02
9.251000000000000889e-02
9.254000000000001114e-02
9.255000000000000726e-02
9.270000000000000462e-02
9.273000000000000687e-02
9.273000000000000687e-02
9.283000000000000973e-02
9.302000000000000546e-02
9.314000000000001445e-02
9.340000000000001079e-02
9.360000000000000264e-02
9.365000000000001101e-02
9.416000000000000758e-02
9.427000000000000657e-02
9.432000000000000106e-02
9.433000000000001106e-02
9.456000000000000516e-02
9.459000000000000741e-02
9.462000000000000965e-02
9.465000000000001190e-02
9.468000000000001415e-02
9.470000000000000639e-02
9.473000000000000864e-02
9.477000000000000701e-02
9.482000000000000151e-02
9.487000000000000988e-02
9.495000000000000662e-02
9.503000000000000336e-02
9.508000000000001173e-02
9.517000000000000459e-02
9.539000000000000257e-02
9.549000000000000543e-02
9.550000000000000155e-02
9.608000000000001262e-02
9.664000000000000368e-02
9.665000000000001368e-02
9.667000000000000592e-02
9.669000000000001205e-02
9.671000000000000429e-02
9.673000000000001042e-02
9.675000000000000266e-02
9.677000000000000879e-02
9.679000000000000103e-02
9.681000000000000716e-02
9.683000000000001328e-02
9.685000000000000553e-02
9.688000000000000778e-02
9.691000000000001002e-02
9.694000000000001227e-02
9.697000000000001452e-02
9.701000000000001289e-02
9.706000000000000738e-02
9.712000000000001187e-02
9.715000000000001412e-02
9.720000000000000862e-02
9.735000000000000597e-02
9.738000000000000822e-02
9.749000000000000721e-02
9.752000000000000945e-02
9.773000000000001131e-02
9.777000000000000968e-02
9.795000000000000928e-02
9.817000000000000726e-02
9.839000000000000523e-02
9.848000000000001197e-02
9.936000000000000387e-02
9.955000000000001348e-02
9.990000000000000269e-02
9.999000000000000943e-02
1.000000000000000056e-01
1.000400000000000039e-01
1.003800000000000109e-01
1.006200000000000150e-01
1.006400000000000072e-01
1.006600000000000134e-01
1.006800000000000056e-01
1.006900000000000017e-01
1.007100000000000078e-01
1.007200000000000040e-01
1.007400000000000101e-01
1.007500000000000062e-01
1.007700000000000123e-01
1.007900000000000046e-01
1.008000000000000146e-01
1.008200000000000068e-01
1.008400000000000130e-01
1.008600000000000052e-01
1.008800000000000113e-01
1.009100000000000136e-01
1.009300000000000058e-01
1.009600000000000081e-01
1.009900000000000103e-01
1.010200000000000126e-01
1.010200000000000126e-01
1.010300000000000087e-01
1.010600000000000109e-01
1.010700000000000071e-01
1.011200000000000015e-01
1.011400000000000077e-01
1.011900000000000022e-01
1.012400000000000105e-01
1.012500000000000067e-01
1.013900000000000079e-01
1.014200000000000101e-01
1.014700000000000046e-01
1.015100000000000030e-01
1.015300000000000091e-01
1.016800000000000065e-01
1.018900000000000083e-01
1.019000000000000045e-01
1.019300000000000067e-01
1.019300000000000067e-01
1.021500000000000047e-01
1.032200000000000062e-01
1.033300000000000052e-01
1.034000000000000058e-01
1.034000000000000058e-01
1.034100000000000019e-01
1.034800000000000025e-01
1.044200000000000128e-01
1.054200000000000137e-01
1.056500000000000078e-01
1.056600000000000039e-01
1.056800000000000100e-01
1.056900000000000062e-01
1.057100000000000123e-01
1.057200000000000084e-01
1.057300000000000045e-01
1.057400000000000145e-01
1.057600000000000068e-01
1.057700000000000029e-01
1.057800000000000129e-01
1.057900000000000090e-01
1.058000000000000052e-01
1.058200000000000113e-01
1.058300000000000074e-01
1.058400000000000035e-01
1.058500000000000135e-01
1.058700000000000058e-01
1.058800000000000019e-01
1.059000000000000080e-01
1.059100000000000041e-01
1.059100000000000041e-01
1.059300000000000103e-01
1.059500000000000025e-01
1.059700000000000086e-01
1.059900000000000148e-01
1.060100000000000070e-01
1.060300000000000131e-01
1.060600000000000154e-01
1.060900000000000037e-01
1.061200000000000060e-01
1.061600000000000044e-01
1.062000000000000027e-01
1.062500000000000111e-01
1.063200000000000117e-01
1.064300000000000107e-01
1.066600000000000048e-01
1.071800000000000114e-01
1.074600000000000138e-01
1.075400000000000106e-01
1.075900000000000051e-01
1.076000000000000151e-01
1.076400000000000134e-01
1.076600000000000057e-01
1.076800000000000118e-01
1.077000000000000041e-01
1.077200000000000102e-01
1.077300000000000063e-01
1.077500000000000124e-01
1.077700000000000047e-01
1.077700000000000047e-01
1.077800000000000147e-01
1.077900000000000108e-01
1.078100000000000031e-01
1.078300000000000092e-01
1.078500000000000153e-01
1.078700000000000075e-01
1.079000000000000098e-01
1.079300000000000120e-01
1.079600000000000143e-01
1.079600000000000143e-01
1.079900000000000027e-01
1.080300000000000149e-01
1.080400000000000110e-01
1.080700000000000133e-01
1.080800000000000094e-01
1.081300000000000039e-01
1.081800000000000123e-01
1.082200000000000106e-01
1.082500000000000129e-01
1.082600000000000090e-01
1.082800000000000151e-01
1.082900000000000112e-01
1.083300000000000096e-01
1.084100000000000064e-01
1.091700000000000031e-01
1.092200000000000115e-01
1.092800000000000021e-01
1.092800000000000021e-01
1.093000000000000083e-01
1.093200000000000144e-01
1.094000000000000111e-01
1.094400000000000095e-01
1.094600000000000156e-01
1.095500000000000085e-01
1.095600000000000046e-01
1.095700000000000146e-01
1.095700000000000146e-01
1.096200000000000091e-01
1.102500000000000147e-01
1.105300000000000032e-01
1.113800000000000068e-01
1.120800000000000129e-01
1.121000000000000052e-01
1.121200000000000113e-01
1.121400000000000036e-01
1.121600000000000097e-01
1.121700000000000058e-01
1.121900000000000119e-01
1.122100000000000042e-01
1.122200000000000142e-01
1.122400000000000064e-01
1.122600000000000126e-01
1.122800000000000048e-01
1.123000000000000109e-01
1.123100000000000070e-01
1.123200000000000032e-01
1.123400000000000093e-01
1.123700000000000115e-01
1.123900000000000038e-01
1.124100000000000099e-01
1.124200000000000060e-01
1.124600000000000044e-01
1.125000000000000028e-01
1.125400000000000150e-01
1.126000000000000056e-01
1.126800000000000024e-01
1.128300000000000136e-01
1.128300000000000136e-01
1.130200000000000093e-01
1.131800000000000028e-01
1.133000000000000118e-01
1.133200000000000041e-01
1.133400000000000102e-01
1.133600000000000024e-01
1.133800000000000086e-01
1.133900000000000047e-01
1.134100000000000108e-01
1.134300000000000030e-01
1.134500000000000092e-01
1.134700000000000153e-01
1.135000000000000037e-01
1.135100000000000137e-01
1.135200000000000098e-01
1.135400000000000159e-01
1.135400000000000159e-01
1.135500000000000120e-01
1.135800000000000143e-01
1.136000000000000065e-01
1.136200000000000127e-01
1.136300000000000088e-01
1.136600000000000110e-01
1.137100000000000055e-01
1.137700000000000100e-01
1.138700000000000129e-01
1.140100000000000141e-01
1.141600000000000115e-01
1.144300000000000039e-01
1.145700000000000052e-01
1.154800000000000132e-01
1.157800000000000079e-01
1.159100000000000130e-01
1.160300000000000081e-01
1.161500000000000032e-01
1.169100000000000139e-01
1.171900000000000164e-01
1.173200000000000076e-01
1.174600000000000088e-01
1.175100000000000033e-01
1.176100000000000062e-01
1.176400000000000085e-01
1.176600000000000146e-01
1.176900000000000029e-01
1.177100000000000091e-01
1.177300000000000152e-01
1.177600000000000036e-01
1.177800000000000097e-01
1.178100000000000119e-01
1.178300000000000042e-01
1.178400000000000142e-01
1.178700000000000164e-01
1.179100000000000148e-01
1.179500000000000132e-01
1.180000000000000077e-01
1.180500000000000160e-01
1.180700000000000083e-01
1.181700000000000111e-01
1.184300000000000075e-01
1.196700000000000125e-01
1.211500000000000077e-01
1.211700000000000138e-01
1.211900000000000061e-01
1.212000000000000161e-01
1.212000000000000161e-01
1.212100000000000122e-01
1.212200000000000083e-01
1.212300000000000044e-01
1.212400000000000144e-01
1.212500000000000105e-01
1.212600000000000067e-01
1.212700000000000167e-01
1.212800000000000128e-01
1.212900000000000089e-01
1.213000000000000050e-01
1.213100000000000150e-01
1.213200000000000112e-01
1.213300000000000073e-01
1.213300000000000073e-01
1.213400000000000034e-01
1.213500000000000134e-01
1.213600000000000095e-01
1.213700000000000057e-01
1.213800000000000157e-01
1.213900000000000118e-01
1.214000000000000079e-01
1.214200000000000140e-01
1.214300000000000102e-01
1.214400000000000063e-01
1.214600000000000124e-01
1.214700000000000085e-01
1.214900000000000146e-01
1.215000000000000108e-01
1.215200000000000030e-01
1.215400000000000091e-01
1.215600000000000153e-01
1.215800000000000075e-01
1.216000000000000136e-01
1.216300000000000159e-01
1.216600000000000042e-01
1.216900000000000065e-01
1.216900000000000065e-01
1.217000000000000165e-01
1.217300000000000049e-01
1.217300000000000049e-01
1.217700000000000032e-01
1.218000000000000055e-01
1.218300000000000077e-01
1.219000000000000083e-01
1.219000000000000083e-01
1.219100000000000045e-01
1.220200000000000035e-01
1.220900000000000041e-01
1.223300000000000082e-01
1.224200000000000149e-01
1.229100000000000054e-01
1.233500000000000152e-01
1.237700000000000050e-01
1.239600000000000146e-01
1.242500000000000132e-01
1.244800000000000073e-01
1.245000000000000134e-01
1.247200000000000114e-01
1.247400000000000037e-01
1.253200000000000147e-01
1.253400000000000070e-01
1.253599999999999992e-01
1.253700000000000092e-01
1.253800000000000192e-01
1.254000000000000115e-01
1.254200000000000037e-01
1.254400000000000237e-01
1.254600000000000160e-01
1.254800000000000082e-01
1.255000000000000004e-01
1.255000000000000004e-01
1.255300000000000027e-01
1.255300000000000027e-01
1.255500000000000227e-01
1.255600000000000049e-01
1.255700000000000149e-01
1.255799999999999972e-01
1.256000000000000172e-01
1.256000000000000172e-01
1.256099999999999994e-01
1.256300000000000194e-01
1.256300000000000194e-01
1.256500000000000117e-01
1.256700000000000039e-01
1.256800000000000139e-01
1.256900000000000239e-01
1.257100000000000162e-01
1.257199999999999984e-01
1.257300000000000084e-01
1.257400000000000184e-01
1.257500000000000007e-01
1.257800000000000029e-01
1.258000000000000229e-01
1.258200000000000152e-01
1.258400000000000074e-01
1.258700000000000097e-01
1.259300000000000141e-01
1.259300000000000141e-01
1.259600000000000164e-01
1.260100000000000109e-01
1.261600000000000221e-01
1.263700000000000101e-01
1.264200000000000046e-01
1.266200000000000103e-01
1.268800000000000205e-01
1.271500000000000130e-01
1.271800000000000153e-01
1.275300000000000045e-01
1.276000000000000190e-01
1.276400000000000035e-01
1.277700000000000224e-01
1.279100000000000237e-01
1.281000000000000194e-01
1.281600000000000239e-01
1.289900000000000213e-01
1.292900000000000160e-01
1.294800000000000118e-01
1.294900000000000218e-01
1.294900000000000218e-01
1.295200000000000240e-01
1.306800000000000184e-01
1.314200000000000090e-01
1.314800000000000135e-01
1.315100000000000158e-01
1.315100000000000158e-01
1.315300000000000080e-01
1.315500000000000003e-01
1.315600000000000103e-01
1.315800000000000025e-01
1.316000000000000225e-01
1.316100000000000048e-01
1.316299999999999970e-01
1.316500000000000170e-01
1.316599999999999993e-01
1.316800000000000193e-01
1.317000000000000115e-01
1.317200000000000037e-01
1.317400000000000237e-01
1.317699999999999982e-01
1.317900000000000182e-01
1.318200000000000205e-01
1.318500000000000227e-01
1.318900000000000072e-01
1.319300000000000195e-01
1.319800000000000140e-01
1.320500000000000007e-01
1.321500000000000175e-01
1.323000000000000009e-01
1.323799999999999977e-01
1.324200000000000099e-01
1.325400000000000189e-01
1.325400000000000189e-01
1.325600000000000112e-01
1.326100000000000056e-01
1.327600000000000169e-01
1.327699999999999991e-01
1.328600000000000059e-01
1.332399999999999973e-01
1.335600000000000120e-01
1.343000000000000027e-01
1.343700000000000172e-01
1.354200000000000126e-01
1.359800000000000175e-01
1.360000000000000098e-01
1.360300000000000120e-01
1.360500000000000043e-01
1.360700000000000243e-01
1.360800000000000065e-01
1.360999999999999988e-01
1.361300000000000010e-01
1.361500000000000210e-01
1.361800000000000233e-01
1.362099999999999977e-01
1.362400000000000000e-01
1.362400000000000000e-01
1.362500000000000100e-01
1.362900000000000222e-01
1.363400000000000167e-01
1.363600000000000090e-01
1.363900000000000112e-01
1.364300000000000235e-01
1.364700000000000080e-01
1.365200000000000025e-01
1.365999999999999992e-01
1.370500000000000052e-01
1.377400000000000013e-01
1.377800000000000136e-01
1.378800000000000026e-01
1.379400000000000071e-01
1.379700000000000093e-01
1.380100000000000215e-01
1.383600000000000108e-01
1.385500000000000065e-01
1.386000000000000010e-01
1.387000000000000177e-01
1.387600000000000222e-01
1.388600000000000112e-01
1.388600000000000112e-01
1.389900000000000024e-01
1.391300000000000037e-01
1.391500000000000237e-01
1.391600000000000059e-01
1.391700000000000159e-01
1.391700000000000159e-01
1.391799999999999982e-01
1.391900000000000082e-01
1.392000000000000182e-01
1.392100000000000004e-01
1.392200000000000104e-01
1.392300000000000204e-01
1.392400000000000027e-01
1.392500000000000127e-01
1.392500000000000127e-01
1.392600000000000227e-01
1.392700000000000049e-01
1.392800000000000149e-01
1.392900000000000249e-01
1.393000000000000071e-01
1.393100000000000172e-01
1.393199999999999994e-01
1.393300000000000094e-01
1.393400000000000194e-01
1.393500000000000016e-01
1.393600000000000116e-01
1.393700000000000216e-01
1.393800000000000039e-01
1.394000000000000239e-01
1.394100000000000061e-01
1.394200000000000161e-01
1.394200000000000161e-01
1.394400000000000084e-01
1.394500000000000184e-01
1.394700000000000106e-01
1.394800000000000206e-01
1.395000000000000129e-01
1.395200000000000051e-01
1.395400000000000251e-01
1.395600000000000174e-01
1.395800000000000096e-01
1.396100000000000119e-01
1.396200000000000219e-01
1.396400000000000141e-01
1.396700000000000164e-01
1.397100000000000009e-01
1.397500000000000131e-01
1.398100000000000176e-01
1.398800000000000043e-01
1.398900000000000143e-01
1.399600000000000011e-01
1.400000000000000133e-01
1.406000000000000028e-01
1.406900000000000095e-01
1.421300000000000063e-01
1.421400000000000163e-01
1.421900000000000108e-01
1.424800000000000233e-01
1.428100000000000203e-01
1.429300000000000015e-01
1.435099999999999987e-01
1.435300000000000187e-01
1.435500000000000109e-01
1.435600000000000209e-01
1.435700000000000032e-01
1.435900000000000232e-01
1.436100000000000154e-01
1.436300000000000077e-01
1.436300000000000077e-01
1.436400000000000177e-01
1.436600000000000099e-01
1.436800000000000022e-01
1.437000000000000222e-01
1.437200000000000144e-01
1.437400000000000067e-01
1.437599999999999989e-01
1.437800000000000189e-01
1.438100000000000211e-01
1.438400000000000234e-01
1.438700000000000256e-01
1.439000000000000001e-01
1.439400000000000124e-01
1.439900000000000069e-01
1.440500000000000114e-01
1.441400000000000181e-01
1.442400000000000071e-01
1.442800000000000193e-01
1.443800000000000083e-01
1.454700000000000160e-01
1.461000000000000076e-01
1.461500000000000021e-01
1.462400000000000089e-01
1.462600000000000011e-01
1.462800000000000211e-01
1.462900000000000034e-01
1.463100000000000234e-01
1.463200000000000056e-01
1.463300000000000156e-01
1.463500000000000079e-01
1.463600000000000179e-01
1.463700000000000001e-01
1.463900000000000201e-01
1.464000000000000024e-01
1.464100000000000124e-01
1.464300000000000046e-01
1.464400000000000146e-01
1.464600000000000068e-01
1.464700000000000168e-01
1.464799999999999991e-01
1.464900000000000091e-01
1.465100000000000013e-01
1.465300000000000213e-01
1.465500000000000136e-01
1.465700000000000058e-01
1.465900000000000258e-01
1.466200000000000003e-01
1.466500000000000026e-01
1.466500000000000026e-01
1.466800000000000048e-01
1.467200000000000171e-01
1.467600000000000016e-01
1.468200000000000061e-01
1.468399999999999983e-01
1.468900000000000206e-01
1.470100000000000018e-01
1.471600000000000130e-01
1.477800000000000225e-01
1.477900000000000047e-01
1.481200000000000017e-01
1.483800000000000119e-01
1.483800000000000119e-01
1.488600000000000201e-01
1.489800000000000013e-01
1.490800000000000181e-01
1.497600000000000042e-01
1.499900000000000122e-01
1.500200000000000145e-01
1.500500000000000167e-01
1.500700000000000089e-01
1.501000000000000112e-01
1.501300000000000134e-01
1.501500000000000057e-01
1.501800000000000079e-01
1.502200000000000202e-01
1.502500000000000224e-01
1.503000000000000169e-01
1.503500000000000114e-01
1.504200000000000259e-01
1.505100000000000049e-01
1.505200000000000149e-01
1.509600000000000108e-01
1.510200000000000153e-01
1.512000000000000011e-01
1.514100000000000168e-01
1.514400000000000190e-01
1.514700000000000213e-01
1.514700000000000213e-01
1.514800000000000035e-01
1.515200000000000158e-01
1.515500000000000180e-01
1.516699999999999993e-01
1.517100000000000115e-01
1.517400000000000138e-01
1.517600000000000060e-01
1.518400000000000027e-01
1.518800000000000150e-01
1.519000000000000072e-01
1.519199999999999995e-01
1.519900000000000140e-01
1.520200000000000162e-01
1.520800000000000207e-01
1.522000000000000020e-01
1.522200000000000220e-01
1.522300000000000042e-01
1.524600000000000122e-01
1.524800000000000044e-01
1.525200000000000167e-01
1.532500000000000251e-01
1.533100000000000018e-01
1.535100000000000076e-01
1.535500000000000198e-01
1.539200000000000013e-01
1.540200000000000180e-01
1.544400000000000217e-01
1.548500000000000154e-01
1.549300000000000122e-01
1.549500000000000044e-01
1.549800000000000066e-01
1.549900000000000166e-01
1.549999999999999989e-01
1.550200000000000189e-01
1.550300000000000011e-01
1.550400000000000111e-01
1.550500000000000211e-01
1.550700000000000134e-01
1.550900000000000056e-01
1.551200000000000079e-01
1.551400000000000001e-01
1.551700000000000024e-01
1.552000000000000046e-01
1.552300000000000069e-01
1.552600000000000091e-01
1.552700000000000191e-01
1.552800000000000014e-01
1.552800000000000014e-01
1.553000000000000214e-01
1.553200000000000136e-01
1.553200000000000136e-01
1.553400000000000059e-01
1.553500000000000159e-01
1.553700000000000081e-01
1.553800000000000181e-01
1.553900000000000003e-01
1.554100000000000203e-01
1.554300000000000126e-01
1.554500000000000048e-01
1.554600000000000148e-01
1.554700000000000248e-01
1.554900000000000171e-01
1.555200000000000193e-01
1.555200000000000193e-01
1.555300000000000016e-01
1.555400000000000116e-01
1.555700000000000138e-01
1.556000000000000161e-01
1.556400000000000006e-01
1.556600000000000206e-01
1.557100000000000151e-01
1.557400000000000173e-01
1.557700000000000196e-01
1.558600000000000263e-01
1.562800000000000022e-01
1.565500000000000225e-01
1.567600000000000104e-01
1.572600000000000109e-01
1.572700000000000209e-01
1.573500000000000176e-01
1.574300000000000144e-01
1.574900000000000189e-01
1.575100000000000111e-01
1.577100000000000168e-01
1.578200000000000158e-01
1.578300000000000258e-01
1.578600000000000003e-01
1.580200000000000216e-01
1.580200000000000216e-01
1.580200000000000216e-01
1.584600000000000175e-01
1.585600000000000065e-01
1.589900000000000202e-01
1.590400000000000147e-01
1.597500000000000031e-01
1.597800000000000054e-01
1.598200000000000176e-01
1.602300000000000113e-01
1.613300000000000012e-01
1.616300000000000237e-01
1.621300000000000241e-01
1.621600000000000263e-01
1.622100000000000208e-01
1.622200000000000031e-01
1.622400000000000231e-01
1.622600000000000153e-01
1.622800000000000076e-01
1.622900000000000176e-01
1.623100000000000098e-01
1.623200000000000198e-01
1.623400000000000121e-01
1.623500000000000221e-01
1.623700000000000143e-01
1.623800000000000243e-01
1.624000000000000166e-01
1.624200000000000088e-01
1.624300000000000188e-01
1.624500000000000111e-01
1.624700000000000033e-01
1.624900000000000233e-01
1.625100000000000156e-01
1.625400000000000178e-01
1.625600000000000100e-01
1.625900000000000123e-01
1.626200000000000145e-01
1.626600000000000268e-01
1.627100000000000213e-01
1.627600000000000158e-01
1.628300000000000025e-01
1.629500000000000115e-01
1.634600000000000219e-01
1.648100000000000120e-01
1.648500000000000243e-01
1.657200000000000062e-01
1.659600000000000242e-01
1.659700000000000064e-01
1.659900000000000264e-01
1.660000000000000087e-01
1.660100000000000187e-01
1.660200000000000009e-01
1.660300000000000109e-01
1.660400000000000209e-01
1.660500000000000032e-01
1.660600000000000132e-01
1.660700000000000232e-01
1.660800000000000054e-01
1.660900000000000154e-01
1.661000000000000254e-01
1.661200000000000176e-01
1.661299999999999999e-01
1.661400000000000099e-01
1.661500000000000199e-01
1.661600000000000021e-01
1.661800000000000221e-01
1.661900000000000044e-01
1.662000000000000144e-01
1.662200000000000066e-01
1.662300000000000166e-01
1.662500000000000089e-01
1.662700000000000011e-01
1.662900000000000211e-01
1.663100000000000134e-01
1.663300000000000056e-01
1.663500000000000256e-01
1.663800000000000001e-01
1.664000000000000201e-01
1.664300000000000224e-01
1.664700000000000069e-01
1.665100000000000191e-01
1.665600000000000136e-01
1.666200000000000181e-01
1.667100000000000248e-01
1.669000000000000206e-01
1.669100000000000028e-01
1.671800000000000230e-01
1.672800000000000120e-01
1.674900000000000000e-01
1.680700000000000249e-01
1.683700000000000196e-01
1.683700000000000196e-01
1.683800000000000019e-01
1.686400000000000121e-01
1.690700000000000258e-01
1.691400000000000126e-01
1.691600000000000048e-01
1.691800000000000248e-01
1.692000000000000171e-01
1.692100000000000271e-01
1.692300000000000193e-01
1.692400000000000015e-01
1.692600000000000215e-01
1.692700000000000038e-01
1.692900000000000238e-01
1.693000000000000060e-01
1.693100000000000160e-01
1.693200000000000260e-01
1.693300000000000083e-01
1.693500000000000005e-01
1.693700000000000205e-01
1.693900000000000128e-01
1.694100000000000050e-01
1.694300000000000250e-01
1.694500000000000173e-01
1.694800000000000195e-01
1.695100000000000218e-01
1.695400000000000240e-01
1.695800000000000085e-01
1.696200000000000208e-01
1.696800000000000253e-01
1.697500000000000120e-01
1.698700000000000210e-01
1.710900000000000198e-01
1.712500000000000133e-01
1.733300000000000118e-01
1.845900000000000041e-01
1.847700000000000176e-01
1.854900000000000160e-01
1.862200000000000244e-01
1.864400000000000224e-01
1.866200000000000081e-01
1.866400000000000281e-01
1.866500000000000103e-01
1.866600000000000203e-01
1.866700000000000026e-01
1.866800000000000126e-01
1.866900000000000226e-01
1.867000000000000048e-01
1.867100000000000148e-01
1.867200000000000248e-01
1.867300000000000071e-01
1.867400000000000171e-01
1.867500000000000271e-01
1.867600000000000093e-01
1.867700000000000193e-01
1.867800000000000016e-01
1.867900000000000116e-01
1.868000000000000216e-01
1.868100000000000038e-01
1.868100000000000038e-01
1.868200000000000138e-01
1.868300000000000238e-01
1.868400000000000061e-01
1.868500000000000161e-01
1.868600000000000261e-01
1.868700000000000083e-01
1.868800000000000183e-01
1.869000000000000106e-01
1.869100000000000206e-01
1.869100000000000206e-01
1.869200000000000028e-01
1.869300000000000128e-01
1.869400000000000228e-01
1.869400000000000228e-01
1.869500000000000051e-01
1.869500000000000051e-01
1.869600000000000151e-01
1.869700000000000251e-01
1.869700000000000251e-01
1.869800000000000073e-01
1.869900000000000173e-01
1.869900000000000173e-01
1.870000000000000273e-01
1.870100000000000096e-01
1.870100000000000096e-01
1.870200000000000196e-01
1.870300000000000018e-01
1.870300000000000018e-01
1.870400000000000118e-01
1.870500000000000218e-01
1.870500000000000218e-01
1.870600000000000041e-01
1.870700000000000141e-01
1.870700000000000141e-01
1.870800000000000241e-01
1.870900000000000063e-01
1.871000000000000163e-01
1.871000000000000163e-01
1.871100000000000263e-01
1.871200000000000085e-01
1.871300000000000185e-01
1.871300000000000185e-01
1.871400000000000285e-01
1.871500000000000108e-01
1.871600000000000208e-01
1.871600000000000208e-01
1.871700000000000030e-01
1.871700000000000030e-01
1.871800000000000130e-01
1.872000000000000053e-01
1.872000000000000053e-01
1.872100000000000153e-01
1.872200000000000253e-01
1.872400000000000175e-01
1.872400000000000175e-01
1.872500000000000275e-01
1.872700000000000198e-01
1.872800000000000020e-01
1.872900000000000120e-01
1.873000000000000220e-01
1.873000000000000220e-01
1.873100000000000043e-01
1.873300000000000243e-01
1.873500000000000165e-01
1.873700000000000088e-01
1.873700000000000088e-01
1.873900000000000288e-01
1.874000000000000110e-01
1.874300000000000133e-01
1.874600000000000155e-01
1.875000000000000278e-01
1.875100000000000100e-01
1.875500000000000222e-01
1.876000000000000167e-01
1.876800000000000135e-01
1.878100000000000047e-01
1.889200000000000046e-01
1.910300000000000054e-01
1.916400000000000048e-01
1.916600000000000248e-01
1.916800000000000170e-01
1.917000000000000093e-01
1.917100000000000193e-01
1.917300000000000115e-01
1.917500000000000038e-01
1.917600000000000138e-01
1.917800000000000060e-01
1.918000000000000260e-01
1.918200000000000183e-01
1.918400000000000105e-01
1.918600000000000028e-01
1.918800000000000228e-01
1.919000000000000150e-01
1.919300000000000173e-01
1.919600000000000195e-01
1.919800000000000118e-01
1.919900000000000218e-01
1.920200000000000240e-01
1.920400000000000162e-01
1.920900000000000107e-01
1.921400000000000052e-01
1.921800000000000175e-01
1.922700000000000242e-01
1.923400000000000110e-01
1.923800000000000232e-01
1.926300000000000234e-01
1.926300000000000234e-01
1.926400000000000057e-01
1.928700000000000137e-01
1.952800000000000091e-01
1.952900000000000191e-01
1.958300000000000041e-01
1.959500000000000131e-01
1.961200000000000165e-01
1.962800000000000100e-01
1.962800000000000100e-01
1.962900000000000200e-01
1.963000000000000023e-01
1.963200000000000223e-01
1.964100000000000290e-01
1.964400000000000035e-01
1.964600000000000235e-01
1.964700000000000057e-01
1.964900000000000257e-01
1.965000000000000080e-01
1.965100000000000180e-01
1.965200000000000280e-01
1.965200000000000280e-01
1.965300000000000102e-01
1.965400000000000202e-01
1.965500000000000025e-01
1.965600000000000125e-01
1.965600000000000125e-01
1.965700000000000225e-01
1.965800000000000047e-01
1.965900000000000147e-01
1.966000000000000247e-01
1.966100000000000070e-01
1.966200000000000170e-01
1.966300000000000270e-01
1.966400000000000092e-01
1.966500000000000192e-01
1.966600000000000292e-01
1.966700000000000115e-01
1.966800000000000215e-01
1.966900000000000037e-01
1.966900000000000037e-01
1.967100000000000237e-01
1.967200000000000060e-01
1.967300000000000160e-01
1.967500000000000082e-01
1.967600000000000182e-01
1.967800000000000105e-01
1.968000000000000027e-01
1.968000000000000027e-01
1.968200000000000227e-01
1.968300000000000050e-01
1.968500000000000250e-01
1.968700000000000172e-01
1.969000000000000195e-01
1.969200000000000117e-01
1.969500000000000139e-01
1.969800000000000162e-01
1.969900000000000262e-01
1.970100000000000184e-01
1.970300000000000107e-01
1.970700000000000229e-01
1.971300000000000274e-01
1.972000000000000142e-01
1.972100000000000242e-01
1.972600000000000187e-01
1.973600000000000076e-01
2.005700000000000260e-01
2.069100000000000106e-01
2.069600000000000051e-01
2.070800000000000141e-01
2.072900000000000298e-01
2.073100000000000220e-01
2.073200000000000043e-01
2.073300000000000143e-01
2.073400000000000243e-01
2.073500000000000065e-01
2.073600000000000165e-01
2.073700000000000265e-01
2.073800000000000088e-01
2.073900000000000188e-01
2.074000000000000288e-01
2.074100000000000110e-01
2.074200000000000210e-01
2.074300000000000033e-01
2.074400000000000133e-01
2.074500000000000233e-01
2.074600000000000055e-01
2.074700000000000155e-01
2.074800000000000255e-01
2.074900000000000078e-01
2.075000000000000178e-01
2.075100000000000278e-01
2.075200000000000100e-01
2.075400000000000300e-01
2.075500000000000123e-01
2.075600000000000223e-01
2.075800000000000145e-01
2.075900000000000245e-01
2.076100000000000168e-01
2.076200000000000268e-01
2.076400000000000190e-01
2.076600000000000112e-01
2.076800000000000035e-01
2.077000000000000235e-01
2.077200000000000157e-01
2.077200000000000157e-01
2.077500000000000180e-01
2.077600000000000280e-01
2.077800000000000202e-01
2.077800000000000202e-01
2.077900000000000302e-01
2.078000000000000125e-01
2.078100000000000225e-01
2.078100000000000225e-01
2.078200000000000047e-01
2.078300000000000147e-01
2.078400000000000247e-01
2.078500000000000070e-01
2.078500000000000070e-01
2.078600000000000170e-01
2.078700000000000270e-01
2.078800000000000092e-01
2.078900000000000192e-01
2.078900000000000192e-01
2.079000000000000292e-01
2.079100000000000115e-01
2.079200000000000215e-01
2.079300000000000037e-01
2.079400000000000137e-01
2.079400000000000137e-01
2.079500000000000237e-01
2.079600000000000060e-01
2.079700000000000160e-01
2.079800000000000260e-01
2.079900000000000082e-01
2.080000000000000182e-01
2.080100000000000282e-01
2.080100000000000282e-01
2.080200000000000105e-01
2.080300000000000205e-01
2.080400000000000305e-01
2.080500000000000127e-01
2.080500000000000127e-01
2.080600000000000227e-01
2.080700000000000049e-01
2.080800000000000149e-01
2.081000000000000072e-01
2.081000000000000072e-01
2.081100000000000172e-01
2.081200000000000272e-01
2.081300000000000094e-01
2.081500000000000294e-01
2.081600000000000117e-01
2.081800000000000039e-01
2.082000000000000239e-01
2.082200000000000162e-01
2.082500000000000184e-01
2.082800000000000207e-01
2.083100000000000229e-01
2.083200000000000052e-01
2.083500000000000074e-01
2.084000000000000297e-01
2.084600000000000064e-01
2.085400000000000309e-01
2.086300000000000099e-01
2.086500000000000299e-01
2.087000000000000244e-01
2.087200000000000166e-01
2.088200000000000056e-01
2.091300000000000103e-01
2.092500000000000193e-01
2.094300000000000050e-01
2.101900000000000157e-01
2.113800000000000123e-01
2.114400000000000168e-01
2.115000000000000213e-01
2.115900000000000281e-01
