2.801000000000000364e-02
2.801000000000000364e-02
2.801000000000000364e-02
2.801000000000000364e-02
2.801000000000000364e-02
2.801000000000000364e-02
2.801000000000000364e-02
2.801000000000000364e-02
2.801000000000000364e-02
2.801000000000000364e-02
2.808000000000000079e-02
2.808000000000000079e-02
2.808000000000000079e-02
2.808000000000000079e-02
2.809000000000000385e-02
2.809000000000000385e-02
2.809000000000000385e-02
2.809000000000000385e-02
2.809000000000000385e-02
2.809000000000000385e-02
2.810000000000000345e-02
2.820000000000000284e-02
2.820000000000000284e-02
2.820000000000000284e-02
2.820000000000000284e-02
2.821000000000000243e-02
2.821000000000000243e-02
2.821000000000000243e-02
2.821000000000000243e-02
2.821000000000000243e-02
2.821000000000000243e-02
2.821000000000000243e-02
2.822000000000000203e-02
2.822000000000000203e-02
2.822000000000000203e-02
2.822000000000000203e-02
2.822000000000000203e-02
2.883000000000000146e-02
2.886000000000000371e-02
2.889000000000000248e-02
2.893000000000000085e-02
2.895000000000000351e-02
2.897000000000000269e-02
2.898000000000000229e-02
2.901000000000000106e-02
2.901000000000000106e-02
2.901000000000000106e-02
2.901000000000000106e-02
2.901000000000000106e-02
2.901000000000000106e-02
2.901000000000000106e-02
2.901000000000000106e-02
2.901000000000000106e-02
2.901000000000000106e-02
2.901000000000000106e-02
2.901000000000000106e-02
2.901000000000000106e-02
2.901000000000000106e-02
2.901000000000000106e-02
2.901000000000000106e-02
2.901000000000000106e-02
2.901000000000000106e-02
2.901000000000000106e-02
2.901000000000000106e-02
2.901000000000000106e-02
2.901000000000000106e-02
2.901000000000000106e-02
2.901000000000000106e-02
2.901000000000000106e-02
2.901000000000000106e-02
2.901000000000000106e-02
2.901000000000000106e-02
2.901000000000000106e-02
2.908000000000000168e-02
2.908000000000000168e-02
2.908000000000000168e-02
2.908000000000000168e-02
2.908000000000000168e-02
2.920000000000000373e-02
2.920000000000000373e-02
2.920000000000000373e-02
2.920000000000000373e-02
2.976000000000000173e-02
2.980000000000000357e-02
2.981000000000000316e-02
2.982000000000000275e-02
2.982000000000000275e-02
2.984000000000000194e-02
3.001000000000000195e-02
3.001000000000000195e-02
3.001000000000000195e-02
3.001000000000000195e-02
3.018000000000000196e-02
3.092000000000000304e-02
3.101000000000000284e-02
3.101000000000000284e-02
3.101000000000000284e-02
3.101000000000000284e-02
3.101000000000000284e-02
3.101000000000000284e-02
3.101000000000000284e-02
3.101000000000000284e-02
3.101000000000000284e-02
3.101000000000000284e-02
3.101000000000000284e-02
3.101000000000000284e-02
3.106000000000000427e-02
3.108000000000000346e-02
3.110000000000000264e-02
3.110000000000000264e-02
3.111000000000000223e-02
3.113000000000000142e-02
3.118000000000000285e-02
3.118000000000000285e-02
3.120000000000000204e-02
3.121000000000000163e-02
3.126000000000000306e-02
3.126000000000000306e-02
3.128000000000000225e-02
3.130000000000000143e-02
3.132000000000000062e-02
3.133000000000000368e-02
3.133999999999999980e-02
3.139000000000000123e-02
3.148000000000000104e-02
3.157000000000000084e-02
3.160000000000000309e-02
3.167999999999999983e-02
3.167999999999999983e-02
3.170000000000000595e-02
3.201000000000000373e-02
3.201000000000000373e-02
3.201000000000000373e-02
3.201000000000000373e-02
3.201000000000000373e-02
3.201000000000000373e-02
3.201000000000000373e-02
3.201000000000000373e-02
3.204000000000000598e-02
3.212000000000000272e-02
3.213000000000000578e-02
3.215000000000000496e-02
3.223000000000000170e-02
3.225000000000000089e-02
3.235999999999999988e-02
3.238000000000000600e-02
3.280000000000000276e-02
3.284000000000000113e-02
3.301000000000000462e-02
3.301000000000000462e-02
3.301000000000000462e-02
3.301000000000000462e-02
3.301000000000000462e-02
3.301000000000000462e-02
3.301000000000000462e-02
3.301000000000000462e-02
3.301000000000000462e-02
3.301000000000000462e-02
3.301000000000000462e-02
3.301000000000000462e-02
3.301000000000000462e-02
3.301000000000000462e-02
3.301000000000000462e-02
3.301000000000000462e-02
3.301000000000000462e-02
3.301000000000000462e-02
3.307000000000000217e-02
3.308000000000000523e-02
3.309000000000000136e-02
3.309000000000000136e-02
3.310000000000000442e-02
3.310000000000000442e-02
3.311000000000000054e-02
3.312000000000000360e-02
3.312000000000000360e-02
3.312000000000000360e-02
3.312000000000000360e-02
3.312999999999999973e-02
3.316000000000000197e-02
3.317000000000000504e-02
3.317000000000000504e-02
3.318000000000000116e-02
3.319000000000000422e-02
3.321000000000000341e-02
3.321999999999999953e-02
3.325000000000000178e-02
3.327000000000000096e-02
3.327000000000000096e-02
3.328000000000000402e-02
3.330000000000000321e-02
3.330000000000000321e-02
3.330000000000000321e-02
3.344000000000000444e-02
3.346000000000000363e-02
3.355999999999999955e-02
3.367000000000000548e-02
3.369000000000000467e-02
3.400000000000000244e-02
3.401000000000000550e-02
3.401000000000000550e-02
3.401000000000000550e-02
3.401000000000000550e-02
3.401000000000000550e-02
3.401000000000000550e-02
3.401000000000000550e-02
3.401000000000000550e-02
3.401000000000000550e-02
3.411000000000000143e-02
3.412000000000000449e-02
3.412000000000000449e-02
3.418000000000000205e-02
3.419000000000000511e-02
3.425000000000000266e-02
3.429000000000000103e-02
3.436000000000000165e-02
3.444000000000000533e-02
3.453000000000000513e-02
3.460000000000000575e-02
3.496000000000000496e-02
3.500999999999999945e-02
3.500999999999999945e-02
3.500999999999999945e-02
3.500999999999999945e-02
3.500999999999999945e-02
3.500999999999999945e-02
3.500999999999999945e-02
3.500999999999999945e-02
3.506000000000000089e-02
3.506000000000000089e-02
3.507000000000000395e-02
3.512000000000000538e-02
3.512000000000000538e-02
3.515000000000000069e-02
3.516000000000000375e-02
3.516000000000000375e-02
3.518000000000000294e-02
3.519000000000000600e-02
3.519000000000000600e-02
3.520000000000000212e-02
3.520000000000000212e-02
3.522000000000000131e-02
3.523000000000000437e-02
3.525000000000000355e-02
3.541000000000000397e-02
3.546000000000000540e-02
3.557000000000000439e-02
3.568999999999999950e-02
3.573000000000000481e-02
3.583000000000000074e-02
3.584000000000000380e-02
3.588000000000000217e-02
3.590000000000000135e-02
3.601000000000000034e-02
3.601000000000000034e-02
3.601000000000000034e-02
3.601000000000000034e-02
3.601000000000000034e-02
3.601000000000000034e-02
3.601000000000000034e-02
3.601000000000000034e-02
3.601000000000000034e-02
3.601000000000000034e-02
3.601000000000000034e-02
3.601000000000000034e-02
3.601000000000000034e-02
3.605000000000000565e-02
3.608000000000000096e-02
3.609000000000000402e-02
3.611000000000000321e-02
3.611000000000000321e-02
3.615000000000000158e-02
3.617000000000000076e-02
3.618000000000000382e-02
3.624000000000000138e-02
3.625000000000000444e-02
3.629000000000000281e-02
3.632000000000000506e-02
3.633000000000000118e-02
3.651000000000000079e-02
3.655000000000000610e-02
3.657000000000000528e-02
3.664000000000000590e-02
3.701000000000000123e-02
3.701000000000000123e-02
3.701000000000000123e-02
3.701000000000000123e-02
3.701000000000000123e-02
3.701000000000000123e-02
3.701000000000000123e-02
3.701000000000000123e-02
3.701000000000000123e-02
3.701000000000000123e-02
3.701000000000000123e-02
3.701000000000000123e-02
3.701000000000000123e-02
3.706000000000000266e-02
3.708000000000000185e-02
3.708000000000000185e-02
3.710000000000000103e-02
3.711000000000000409e-02
3.713000000000000328e-02
3.714000000000000634e-02
3.719000000000000083e-02
3.719000000000000083e-02
3.720000000000000390e-02
3.720000000000000390e-02
3.723000000000000614e-02
3.732000000000000595e-02
3.760000000000000148e-02
3.786000000000000476e-02
3.788000000000000395e-02
3.801000000000000212e-02
3.801000000000000212e-02
3.801000000000000212e-02
3.801000000000000212e-02
3.801000000000000212e-02
3.801000000000000212e-02
3.801000000000000212e-02
3.801000000000000212e-02
3.806000000000000355e-02
3.806000000000000355e-02
3.811000000000000498e-02
3.811000000000000498e-02
3.811000000000000498e-02
3.812000000000000111e-02
3.812000000000000111e-02
3.812000000000000111e-02
3.815000000000000335e-02
3.815000000000000335e-02
3.816000000000000641e-02
3.816000000000000641e-02
3.819000000000000172e-02
3.819000000000000172e-02
3.824000000000000316e-02
3.826000000000000234e-02
3.827000000000000540e-02
3.836000000000000520e-02
3.842000000000000276e-02
3.879000000000000503e-02
3.901000000000000301e-02
3.901000000000000301e-02
3.901000000000000301e-02
3.901000000000000301e-02
3.901000000000000301e-02
3.901000000000000301e-02
3.901000000000000301e-02
3.901000000000000301e-02
3.901000000000000301e-02
3.901000000000000301e-02
3.901000000000000301e-02
3.901000000000000301e-02
3.901000000000000301e-02
3.901000000000000301e-02
3.901000000000000301e-02
3.901000000000000301e-02
3.901000000000000301e-02
3.901000000000000301e-02
3.901000000000000301e-02
3.905000000000000138e-02
3.907000000000000056e-02
3.907000000000000056e-02
3.908999999999999975e-02
3.908999999999999975e-02
3.908999999999999975e-02
3.908999999999999975e-02
3.911000000000000587e-02
3.911000000000000587e-02
3.912000000000000199e-02
3.914000000000000118e-02
3.915000000000000424e-02
3.918000000000000649e-02
3.919000000000000261e-02
3.920000000000000567e-02
3.922000000000000486e-02
3.922000000000000486e-02
3.923000000000000098e-02
3.927000000000000629e-02
3.933999999999999997e-02
3.935000000000000303e-02
3.935000000000000303e-02
3.937000000000000222e-02
3.950000000000000039e-02
3.956000000000000488e-02
4.001000000000000389e-02
4.001000000000000389e-02
4.001000000000000389e-02
4.001000000000000389e-02
4.001000000000000389e-02
4.001000000000000389e-02
4.001000000000000389e-02
4.001000000000000389e-02
4.001000000000000389e-02
4.001000000000000389e-02
4.001000000000000389e-02
4.001000000000000389e-02
4.001000000000000389e-02
4.001000000000000389e-02
4.001000000000000389e-02
4.010000000000000370e-02
4.010000000000000370e-02
4.010999999999999982e-02
4.010999999999999982e-02
4.019000000000000350e-02
4.023000000000000187e-02
4.024000000000000493e-02
4.026000000000000412e-02
4.026000000000000412e-02
4.027000000000000024e-02
4.028000000000000330e-02
4.031000000000000555e-02
4.039000000000000229e-02
4.041000000000000147e-02
4.101000000000000478e-02
4.101000000000000478e-02
4.101000000000000478e-02
4.101000000000000478e-02
4.101000000000000478e-02
4.101000000000000478e-02
4.101000000000000478e-02
4.101000000000000478e-02
4.101000000000000478e-02
4.101000000000000478e-02
4.101000000000000478e-02
4.101000000000000478e-02
4.101000000000000478e-02
4.103000000000000397e-02
4.104000000000000009e-02
4.107000000000000234e-02
4.108000000000000540e-02
4.110000000000000459e-02
4.111000000000000071e-02
4.114000000000000296e-02
4.115000000000000602e-02
4.115000000000000602e-02
4.115000000000000602e-02
4.117000000000000520e-02
4.118000000000000133e-02
4.118000000000000133e-02
4.119000000000000439e-02
4.119000000000000439e-02
4.121000000000000357e-02
4.122000000000000663e-02
4.122000000000000663e-02
4.123000000000000276e-02
4.125000000000000194e-02
4.128000000000000419e-02
4.129000000000000031e-02
4.131000000000000644e-02
4.136000000000000093e-02
4.140000000000000624e-02
4.145000000000000073e-02
4.158000000000000584e-02
4.201000000000000567e-02
4.201000000000000567e-02
4.201000000000000567e-02
4.201000000000000567e-02
4.201000000000000567e-02
4.201000000000000567e-02
4.201000000000000567e-02
4.219000000000000528e-02
4.221000000000000446e-02
4.224000000000000671e-02
4.225000000000000283e-02
4.227000000000000202e-02
4.227000000000000202e-02
4.245000000000000162e-02
4.267000000000000653e-02
4.277000000000000246e-02
4.280000000000000471e-02
4.284000000000000308e-02
4.301000000000000656e-02
4.301000000000000656e-02
4.301000000000000656e-02
4.301000000000000656e-02
4.301000000000000656e-02
4.301000000000000656e-02
4.301000000000000656e-02
4.301000000000000656e-02
4.301000000000000656e-02
4.301000000000000656e-02
4.301000000000000656e-02
4.301000000000000656e-02
4.301000000000000656e-02
4.301000000000000656e-02
4.301000000000000656e-02
4.301000000000000656e-02
4.308000000000000024e-02
4.309000000000000330e-02
4.309000000000000330e-02
4.311000000000000248e-02
4.312000000000000555e-02
4.313000000000000167e-02
4.314000000000000473e-02
4.322000000000000147e-02
4.322000000000000147e-02
4.324000000000000066e-02
4.325000000000000372e-02
4.326000000000000678e-02
4.327000000000000290e-02
4.327000000000000290e-02
4.330000000000000515e-02
4.332000000000000434e-02
4.335000000000000658e-02
4.336000000000000271e-02
4.337000000000000577e-02
4.338000000000000189e-02
4.380000000000000560e-02
4.401000000000000051e-02
4.401000000000000051e-02
4.401000000000000051e-02
4.401000000000000051e-02
4.401000000000000051e-02
4.401000000000000051e-02
4.401000000000000051e-02
4.401000000000000051e-02
4.401000000000000051e-02
4.401000000000000051e-02
4.401000000000000051e-02
4.401000000000000051e-02
4.406000000000000194e-02
4.410000000000000031e-02
4.411000000000000337e-02
4.411000000000000337e-02
4.411000000000000337e-02
4.412000000000000643e-02
4.415000000000000174e-02
4.417000000000000093e-02
4.418000000000000399e-02
4.423000000000000542e-02
4.423000000000000542e-02
4.428000000000000685e-02
4.428000000000000685e-02
4.429000000000000298e-02
4.430000000000000604e-02
4.433000000000000135e-02
4.440000000000000197e-02
4.443000000000000421e-02
4.448000000000000564e-02
4.451000000000000095e-02
4.501000000000000140e-02
4.501000000000000140e-02
4.501000000000000140e-02
4.501000000000000140e-02
4.501000000000000140e-02
4.501000000000000140e-02
4.501000000000000140e-02
4.501000000000000140e-02
4.501000000000000140e-02
4.501000000000000140e-02
4.501000000000000140e-02
4.504000000000000364e-02
4.507000000000000589e-02
4.508000000000000201e-02
4.509000000000000508e-02
4.511000000000000426e-02
4.511000000000000426e-02
4.512000000000000038e-02
4.513000000000000345e-02
4.515000000000000263e-02
4.516000000000000569e-02
4.518000000000000488e-02
4.518000000000000488e-02
4.526000000000000162e-02
4.526000000000000162e-02
4.528000000000000080e-02
4.529000000000000387e-02
4.530000000000000693e-02
4.530000000000000693e-02
4.530000000000000693e-02
4.531000000000000305e-02
4.533000000000000224e-02
4.535000000000000142e-02
4.538000000000000367e-02
4.546000000000000041e-02
4.552000000000000490e-02
4.553000000000000103e-02
4.575000000000000594e-02
4.576000000000000206e-02
4.601000000000000228e-02
4.601000000000000228e-02
4.601000000000000228e-02
4.601000000000000228e-02
4.601000000000000228e-02
4.614000000000000046e-02
4.634000000000000619e-02
4.637000000000000149e-02
4.654000000000000498e-02
4.676000000000000295e-02
4.695000000000000562e-02
4.701000000000000317e-02
4.701000000000000317e-02
4.701000000000000317e-02
4.701000000000000317e-02
4.701000000000000317e-02
4.701000000000000317e-02
4.701000000000000317e-02
4.701000000000000317e-02
4.701000000000000317e-02
4.701000000000000317e-02
4.701000000000000317e-02
4.701000000000000317e-02
4.701000000000000317e-02
4.701000000000000317e-02
4.701000000000000317e-02
4.706000000000000461e-02
4.709000000000000685e-02
4.709000000000000685e-02
4.710000000000000298e-02
4.711000000000000604e-02
4.713000000000000522e-02
4.713000000000000522e-02
4.714000000000000135e-02
4.716000000000000053e-02
4.720000000000000584e-02
4.722000000000000502e-02
4.723000000000000115e-02
4.724000000000000421e-02
4.725000000000000727e-02
4.726000000000000340e-02
4.728000000000000258e-02
4.728000000000000258e-02
4.731000000000000483e-02
4.731000000000000483e-02
4.738000000000000544e-02
4.747000000000000525e-02
4.751000000000000362e-02
4.760000000000000342e-02
4.801000000000000406e-02
4.801000000000000406e-02
4.801000000000000406e-02
4.801000000000000406e-02
4.801000000000000406e-02
4.801000000000000406e-02
4.801000000000000406e-02
4.801000000000000406e-02
4.801000000000000406e-02
4.807000000000000162e-02
4.813000000000000611e-02
4.819000000000000367e-02
4.825000000000000122e-02
4.830000000000000265e-02
4.835000000000000409e-02
4.838000000000000633e-02
4.857000000000000206e-02
4.901000000000000495e-02
4.901000000000000495e-02
4.910000000000000475e-02
4.916000000000000231e-02
4.917000000000000537e-02
4.923000000000000292e-02
4.923000000000000292e-02
4.925000000000000211e-02
4.929000000000000742e-02
4.929000000000000742e-02
4.939000000000000334e-02
4.942000000000000559e-02
4.943000000000000171e-02
4.949000000000000621e-02
4.950000000000000233e-02
4.954000000000000070e-02
4.955000000000000376e-02
5.001000000000000584e-02
5.001000000000000584e-02
5.001000000000000584e-02
5.001000000000000584e-02
5.001000000000000584e-02
5.001000000000000584e-02
5.001000000000000584e-02
5.001000000000000584e-02
5.001000000000000584e-02
5.001000000000000584e-02
5.001000000000000584e-02
5.001000000000000584e-02
5.001000000000000584e-02
5.001000000000000584e-02
5.001000000000000584e-02
5.001000000000000584e-02
5.003000000000000502e-02
5.005000000000000421e-02
5.005000000000000421e-02
5.005000000000000421e-02
5.006000000000000727e-02
5.008000000000000645e-02
5.009000000000000258e-02
5.010000000000000564e-02
5.010000000000000564e-02
5.010000000000000564e-02
5.012000000000000483e-02
5.012000000000000483e-02
5.012000000000000483e-02
5.012000000000000483e-02
5.013000000000000095e-02
5.013000000000000095e-02
5.015000000000000707e-02
5.017000000000000626e-02
5.017000000000000626e-02
5.018000000000000238e-02
5.022000000000000075e-02
5.030000000000000443e-02
5.033000000000000668e-02
5.041000000000000342e-02
5.047000000000000097e-02
5.048000000000000403e-02
5.070000000000000201e-02
5.101000000000000673e-02
5.101000000000000673e-02
5.101000000000000673e-02
5.101000000000000673e-02
5.101000000000000673e-02
5.101000000000000673e-02
5.101000000000000673e-02
5.101000000000000673e-02
5.101000000000000673e-02
5.101000000000000673e-02
5.101000000000000673e-02
5.101000000000000673e-02
5.102000000000000285e-02
5.109000000000000347e-02
5.111000000000000265e-02
5.112000000000000571e-02
5.113000000000000184e-02
5.123000000000000470e-02
5.133000000000000757e-02
5.133000000000000757e-02
5.148000000000000492e-02
5.150000000000000411e-02
5.154000000000000248e-02
5.154000000000000248e-02
5.156000000000000166e-02
5.201000000000000761e-02
5.201000000000000761e-02
5.201000000000000761e-02
5.209000000000000435e-02
5.224000000000000171e-02
5.249000000000000193e-02
5.257000000000000561e-02
5.264000000000000623e-02
5.266000000000000542e-02
5.284000000000000502e-02
5.284000000000000502e-02
5.289000000000000645e-02
5.292000000000000176e-02
5.301000000000000156e-02
5.301000000000000156e-02
5.301000000000000156e-02
5.301000000000000156e-02
5.301000000000000156e-02
5.301000000000000156e-02
5.301000000000000156e-02
5.301000000000000156e-02
5.301000000000000156e-02
5.306000000000000300e-02
5.306000000000000300e-02
5.307000000000000606e-02
5.309000000000000524e-02
5.311000000000000443e-02
5.312000000000000749e-02
5.312000000000000749e-02
5.312000000000000749e-02
5.314000000000000667e-02
5.315000000000000280e-02
5.316000000000000586e-02
5.319000000000000117e-02
5.320000000000000423e-02
5.321000000000000729e-02
5.323000000000000648e-02
5.323000000000000648e-02
5.323000000000000648e-02
5.327000000000000485e-02
5.328000000000000097e-02
5.331000000000000322e-02
5.333000000000000240e-02
5.344000000000000139e-02
5.356000000000000344e-02
5.367000000000000243e-02
5.371000000000000774e-02
5.378000000000000141e-02
5.388000000000000428e-02
5.395000000000000490e-02
5.399000000000000327e-02
5.401000000000000245e-02
5.401000000000000245e-02
5.401000000000000245e-02
5.401000000000000245e-02
5.401000000000000245e-02
5.401000000000000245e-02
5.401000000000000245e-02
5.401000000000000245e-02
5.401000000000000245e-02
5.401000000000000245e-02
5.401000000000000245e-02
5.413000000000000450e-02
5.413000000000000450e-02
5.413000000000000450e-02
5.420000000000000512e-02
5.456000000000000433e-02
5.458000000000000351e-02
5.463000000000000494e-02
5.463000000000000494e-02
5.501000000000000334e-02
5.501000000000000334e-02
5.501000000000000334e-02
5.501000000000000334e-02
5.501000000000000334e-02
5.518000000000000682e-02
5.519000000000000294e-02
5.519000000000000294e-02
5.523000000000000131e-02
5.529000000000000581e-02
5.536000000000000643e-02
5.548000000000000154e-02
5.578000000000000319e-02
5.601000000000000423e-02
5.601000000000000423e-02
5.601000000000000423e-02
5.601000000000000423e-02
5.601000000000000423e-02
5.601000000000000423e-02
5.601000000000000423e-02
5.601000000000000423e-02
5.601000000000000423e-02
5.601000000000000423e-02
5.601000000000000423e-02
5.601000000000000423e-02
5.601000000000000423e-02
5.601000000000000423e-02
5.601000000000000423e-02
5.601000000000000423e-02
5.601000000000000423e-02
5.601000000000000423e-02
5.601000000000000423e-02
5.601000000000000423e-02
5.601000000000000423e-02
5.601000000000000423e-02
5.601000000000000423e-02
5.601000000000000423e-02
5.601000000000000423e-02
5.601000000000000423e-02
5.601000000000000423e-02
5.604000000000000647e-02
5.609000000000000791e-02
5.610000000000000403e-02
5.610000000000000403e-02
5.611000000000000709e-02
5.612000000000000322e-02
5.615000000000000546e-02
5.615000000000000546e-02
5.615000000000000546e-02
5.616000000000000159e-02
5.617000000000000465e-02
5.623000000000000220e-02
5.623000000000000220e-02
5.625000000000000139e-02
5.631000000000000588e-02
5.633000000000000507e-02
5.645000000000000712e-02
5.653000000000000386e-02
5.655000000000000304e-02
5.663000000000000672e-02
5.674000000000000571e-02
5.692000000000000531e-02
5.701000000000000512e-02
5.701000000000000512e-02
5.710000000000000492e-02
5.724000000000000615e-02
5.730000000000000371e-02
5.745000000000000800e-02
5.756000000000000699e-02
5.801000000000000600e-02
5.801000000000000600e-02
5.801000000000000600e-02
5.801000000000000600e-02
5.814000000000000418e-02
5.818000000000000255e-02
5.822000000000000786e-02
5.828000000000000541e-02
5.838000000000000134e-02
5.853000000000000563e-02
5.862000000000000544e-02
5.880000000000000504e-02
5.888000000000000178e-02
5.901000000000000689e-02
5.901000000000000689e-02
5.901000000000000689e-02
5.901000000000000689e-02
5.901000000000000689e-02
5.901000000000000689e-02
5.901000000000000689e-02
5.901000000000000689e-02
5.901000000000000689e-02
5.901000000000000689e-02
5.901000000000000689e-02
5.901000000000000689e-02
5.901000000000000689e-02
5.901000000000000689e-02
5.901000000000000689e-02
5.901000000000000689e-02
5.901000000000000689e-02
5.905000000000000526e-02
5.909000000000000363e-02
5.909000000000000363e-02
5.910000000000000669e-02
5.911000000000000282e-02
5.912000000000000588e-02
5.912000000000000588e-02
5.912000000000000588e-02
5.914000000000000506e-02
5.917000000000000731e-02
5.920000000000000262e-02
5.921000000000000568e-02
5.921000000000000568e-02
5.923000000000000487e-02
5.924000000000000793e-02
5.925000000000000405e-02
5.927000000000000324e-02
5.931000000000000161e-02
5.932000000000000467e-02
5.932000000000000467e-02
5.933000000000000773e-02
5.947000000000000203e-02
5.962000000000000632e-02
5.967000000000000776e-02
5.988000000000000267e-02
5.994000000000000716e-02
6.001000000000000778e-02
6.001000000000000778e-02
6.001000000000000778e-02
6.001000000000000778e-02
6.001000000000000778e-02
6.001000000000000778e-02
6.001000000000000778e-02
6.001000000000000778e-02
6.001000000000000778e-02
6.001000000000000778e-02
6.001000000000000778e-02
6.001000000000000778e-02
6.001000000000000778e-02
6.001000000000000778e-02
6.001000000000000778e-02
6.006000000000000227e-02
6.008000000000000146e-02
6.014000000000000595e-02
6.018000000000000432e-02
6.019000000000000739e-02
6.023000000000000576e-02
6.024000000000000188e-02
6.026000000000000800e-02
6.034000000000000474e-02
6.036000000000000393e-02
6.039000000000000618e-02
6.046000000000000679e-02
6.101000000000000173e-02
6.101000000000000173e-02
6.101000000000000173e-02
6.101000000000000173e-02
6.101000000000000173e-02
6.111000000000000459e-02
6.113000000000000378e-02
6.115000000000000296e-02
6.116000000000000603e-02
6.117000000000000215e-02
6.118000000000000521e-02
6.123000000000000664e-02
6.145000000000000462e-02
6.175000000000000627e-02
6.210000000000000242e-02
6.216000000000000691e-02
6.220000000000000528e-02
6.220000000000000528e-02
6.221000000000000835e-02
6.221000000000000835e-02
6.228000000000000203e-02
6.241000000000000714e-02
6.245000000000000551e-02
6.259000000000000674e-02
6.264000000000000123e-02
6.278999999999999859e-02
6.294000000000000983e-02
6.300000000000000044e-02
6.301000000000001044e-02
6.301000000000001044e-02
6.301000000000001044e-02
6.301000000000001044e-02
6.301000000000001044e-02
6.301000000000001044e-02
6.301000000000001044e-02
6.301000000000001044e-02
6.301000000000001044e-02
6.301000000000001044e-02
6.301000000000001044e-02
6.302000000000000657e-02
6.307000000000000106e-02
6.308000000000001106e-02
6.309000000000000719e-02
6.309000000000000719e-02
6.310000000000000331e-02
6.310000000000000331e-02
6.313000000000000556e-02
6.313000000000000556e-02
6.315000000000001168e-02
6.315000000000001168e-02
6.319000000000001005e-02
6.320000000000000617e-02
6.326000000000001067e-02
6.328999999999999904e-02
6.335000000000000353e-02
6.337000000000000965e-02
6.340000000000001190e-02
6.353999999999999926e-02
6.357000000000000151e-02
6.366000000000000825e-02
6.371999999999999886e-02
6.373000000000000886e-02
6.373000000000000886e-02
6.376000000000001111e-02
6.376000000000001111e-02
6.401000000000001133e-02
6.408000000000001195e-02
6.410000000000000420e-02
6.416000000000000869e-02
6.416000000000000869e-02
6.425000000000000155e-02
6.426000000000001156e-02
6.427000000000000768e-02
6.501000000000001222e-02
6.514000000000000346e-02
6.528000000000000469e-02
6.542000000000000592e-02
6.560000000000000553e-02
6.568000000000000227e-02
6.572000000000000064e-02
6.600999999999999923e-02
6.611000000000000210e-02
6.613000000000000822e-02
6.613000000000000822e-02
6.613000000000000822e-02
6.616000000000001047e-02
6.617000000000000659e-02
6.620000000000000884e-02
6.622000000000000108e-02
6.623000000000001108e-02
6.624000000000000721e-02
6.625000000000000333e-02
6.627000000000000945e-02
6.627000000000000945e-02
6.633000000000000007e-02
6.633000000000000007e-02
6.634000000000001007e-02
6.634000000000001007e-02
6.648000000000001131e-02
6.652000000000000968e-02
6.653000000000000580e-02
6.653000000000000580e-02
6.670000000000000928e-02
6.701000000000000012e-02
6.701000000000000012e-02
6.701000000000000012e-02
6.701000000000000012e-02
6.701000000000000012e-02
6.701000000000000012e-02
6.701000000000000012e-02
6.701000000000000012e-02
6.701000000000000012e-02
6.701000000000000012e-02
6.701000000000000012e-02
6.707000000000000461e-02
6.707000000000000461e-02
6.709000000000001074e-02
6.710000000000000686e-02
6.713000000000000911e-02
6.713000000000000911e-02
6.714000000000000523e-02
6.716000000000001136e-02
6.716000000000001136e-02
6.718999999999999972e-02
6.720000000000000973e-02
6.724000000000000810e-02
6.725000000000000422e-02
6.726000000000000034e-02
6.728000000000000647e-02
6.732000000000000484e-02
6.734000000000001096e-02
6.736999999999999933e-02
6.754000000000000281e-02
6.757000000000000506e-02
6.760000000000000731e-02
6.761000000000000343e-02
6.794000000000000039e-02
6.797000000000000264e-02
6.801000000000000101e-02
6.801000000000000101e-02
6.809000000000001163e-02
6.812000000000000000e-02
6.812000000000000000e-02
6.817000000000000837e-02
6.833000000000000185e-02
6.836000000000000409e-02
6.838000000000001022e-02
6.846000000000000696e-02
6.862000000000000044e-02
6.888000000000001066e-02
6.901000000000000190e-02
6.901000000000000190e-02
6.908000000000000251e-02
6.913000000000001088e-02
6.921000000000000763e-02
6.922000000000000375e-02
6.924000000000000987e-02
6.926000000000000212e-02
6.927000000000001212e-02
6.933999999999999886e-02
6.952000000000001234e-02
6.958000000000000296e-02
6.958999999999999908e-02
7.001000000000000278e-02
7.001000000000000278e-02
7.001000000000000278e-02
7.001000000000000278e-02
7.001000000000000278e-02
7.001000000000000278e-02
7.007000000000000728e-02
7.010000000000000953e-02
7.012000000000000177e-02
7.014000000000000790e-02
7.015000000000000402e-02
7.015000000000000402e-02
7.017000000000001014e-02
7.032000000000000750e-02
7.033999999999999975e-02
7.048000000000000098e-02
7.053000000000000935e-02
7.057000000000000772e-02
7.057000000000000772e-02
7.073000000000000120e-02
7.101000000000000367e-02
7.101000000000000367e-02
7.101000000000000367e-02
7.101000000000000367e-02
7.101000000000000367e-02
7.101000000000000367e-02
7.101000000000000367e-02
7.101000000000000367e-02
7.101000000000000367e-02
7.101000000000000367e-02
7.106000000000001204e-02
7.111000000000000654e-02
7.112000000000000266e-02
7.113000000000001266e-02
7.113000000000001266e-02
7.117000000000001103e-02
7.118000000000000715e-02
7.119999999999999940e-02
7.123000000000000165e-02
7.124000000000001165e-02
7.128000000000001002e-02
7.129000000000000614e-02
7.140000000000000513e-02
7.144999999999999962e-02
7.144999999999999962e-02
7.146000000000000962e-02
7.156000000000001249e-02
7.157000000000000861e-02
7.184000000000000108e-02
7.244000000000000439e-02
7.301000000000000545e-02
7.301000000000000545e-02
7.301000000000000545e-02
7.301000000000000545e-02
7.301000000000000545e-02
7.307000000000000994e-02
7.312000000000000444e-02
7.312000000000000444e-02
7.313000000000000056e-02
7.314000000000001056e-02
7.314000000000001056e-02
7.317000000000001281e-02
7.318000000000000893e-02
7.319000000000000505e-02
7.322000000000000730e-02
7.328000000000001180e-02
7.331000000000000016e-02
7.345000000000000140e-02
7.346000000000001140e-02
7.354000000000000814e-02
7.355000000000000426e-02
7.357000000000001039e-02
7.359000000000000263e-02
7.362000000000000488e-02
7.366000000000000325e-02
7.401000000000000634e-02
7.413000000000000145e-02
7.425000000000001044e-02
7.427000000000000268e-02
7.428000000000001268e-02
7.429000000000000881e-02
7.436000000000000942e-02
7.438000000000000167e-02
7.439000000000001167e-02
7.501000000000000723e-02
7.501000000000000723e-02
7.501000000000000723e-02
7.501000000000000723e-02
7.501000000000000723e-02
7.501000000000000723e-02
7.501000000000000723e-02
7.501000000000000723e-02
7.506000000000000172e-02
7.507000000000001172e-02
7.509000000000000397e-02
7.512000000000000621e-02
7.513000000000000234e-02
7.513000000000000234e-02
7.514000000000001234e-02
7.514000000000001234e-02
7.517000000000000071e-02
7.527999999999999969e-02
7.532000000000001194e-02
7.539000000000001256e-02
7.539000000000001256e-02
7.539000000000001256e-02
7.544000000000000705e-02
7.550000000000001155e-02
7.601000000000000811e-02
7.601000000000000811e-02
7.604000000000001036e-02
7.607000000000001261e-02
7.611000000000001098e-02
7.630000000000000671e-02
7.632000000000001283e-02
7.652000000000000468e-02
7.669000000000000816e-02
7.733000000000000984e-02
7.734000000000000596e-02
7.739000000000000046e-02
7.743000000000001271e-02
7.744000000000000883e-02
7.768000000000001293e-02
7.770000000000000517e-02
7.771000000000000130e-02
7.812000000000000888e-02
7.815000000000001112e-02
7.831000000000000461e-02
7.842000000000000359e-02
7.845000000000000584e-02
7.847000000000001196e-02
7.878000000000000280e-02
7.884000000000000730e-02
7.885999999999999954e-02
7.901000000000001078e-02
7.908000000000001140e-02
7.912000000000000977e-02
7.913000000000000589e-02
7.915000000000001201e-02
7.915000000000001201e-02
7.916000000000000814e-02
7.919000000000001038e-02
7.928000000000000325e-02
7.939000000000000223e-02
7.939000000000000223e-02
7.939000000000000223e-02
7.941000000000000836e-02
7.941000000000000836e-02
7.943000000000000060e-02
7.943000000000000060e-02
7.947000000000001285e-02
7.951000000000001122e-02
7.965000000000001246e-02
7.967000000000000470e-02
7.991000000000000880e-02
8.001000000000001167e-02
8.001000000000001167e-02
8.001000000000001167e-02
8.001000000000001167e-02
8.003000000000000391e-02
8.005000000000001004e-02
8.007000000000000228e-02
8.016000000000000902e-02
8.016000000000000902e-02
8.017000000000000515e-02
8.025000000000000189e-02
8.029000000000000026e-02
8.030000000000001026e-02
8.041000000000000925e-02
8.043000000000000149e-02
8.046000000000000374e-02
8.049000000000000599e-02
8.056000000000000660e-02
8.060000000000000497e-02
8.060000000000000497e-02
8.065000000000001334e-02
8.101000000000001255e-02
8.101000000000001255e-02
8.101000000000001255e-02
8.101000000000001255e-02
8.101000000000001255e-02
8.102000000000000868e-02
8.105000000000001092e-02
8.114999999999999991e-02
8.117000000000000604e-02
8.124000000000000665e-02
8.124000000000000665e-02
8.125000000000000278e-02
8.128000000000000502e-02
8.130000000000001115e-02
8.132000000000000339e-02
8.143000000000000238e-02
8.149000000000000687e-02
8.151000000000001300e-02
8.154000000000000137e-02
8.155000000000001137e-02
8.192000000000000670e-02
8.201000000000001344e-02
8.201000000000001344e-02
8.201000000000001344e-02
8.201000000000001344e-02
8.211000000000000243e-02
8.229000000000000203e-02
8.230000000000001203e-02
8.255000000000001226e-02
8.267000000000000737e-02
8.268000000000000349e-02
8.270000000000000961e-02
8.292000000000000759e-02
8.299000000000000821e-02
8.301000000000000045e-02
8.304000000000000270e-02
8.312000000000001332e-02
8.318000000000000393e-02
8.320000000000001006e-02
8.321000000000000618e-02
8.321000000000000618e-02
8.339000000000000579e-02
8.342000000000000803e-02
8.351000000000000090e-02
8.362000000000001376e-02
8.386000000000000398e-02
8.401000000000000134e-02
8.449000000000000954e-02
8.483000000000000262e-02
8.509000000000001285e-02
8.511000000000000509e-02
8.515000000000000346e-02
8.516000000000001346e-02
8.516000000000001346e-02
8.521000000000000796e-02
8.523000000000000020e-02
8.524000000000001021e-02
8.525000000000000633e-02
8.528000000000000858e-02
8.532000000000000695e-02
8.537000000000000144e-02
8.538000000000001144e-02
8.541000000000001369e-02
8.541000000000001369e-02
8.543000000000000593e-02
8.551000000000000267e-02
8.562000000000000166e-02
8.567000000000001003e-02
8.572000000000000453e-02
8.593000000000000638e-02
8.616000000000000048e-02
8.626000000000000334e-02
8.653000000000000969e-02
8.663000000000001255e-02
8.710000000000001075e-02
8.713000000000001299e-02
8.714000000000000912e-02
8.716000000000000136e-02
8.723000000000000198e-02
8.731000000000001260e-02
8.733000000000000485e-02
8.735000000000001097e-02
8.735000000000001097e-02
8.738000000000001322e-02
8.738000000000001322e-02
8.744000000000000383e-02
8.749000000000001220e-02
8.754000000000000670e-02
8.758000000000000507e-02
8.764000000000000956e-02
8.786000000000000754e-02
8.800000000000000877e-02
8.834000000000000186e-02
8.835000000000001186e-02
8.838000000000001410e-02
8.840000000000000635e-02
8.841000000000000247e-02
8.846000000000001084e-02
8.848000000000000309e-02
8.872000000000000719e-02
8.901000000000000578e-02
8.901000000000000578e-02
8.904000000000000803e-02
8.906000000000001415e-02
8.906000000000001415e-02
8.909000000000000252e-02
8.913000000000000089e-02
8.915000000000000702e-02
8.915000000000000702e-02
8.917000000000001314e-02
8.919000000000000539e-02
8.919000000000000539e-02
8.923000000000000376e-02
8.924000000000001376e-02
8.927000000000000213e-02
8.929000000000000825e-02
8.952000000000000235e-02
8.952000000000000235e-02
8.955000000000000460e-02
8.985000000000001319e-02
8.999000000000000055e-02
9.001000000000000667e-02
9.013000000000000178e-02
9.014000000000001178e-02
9.018000000000001015e-02
9.038000000000000200e-02
9.101000000000000756e-02
9.101000000000000756e-02
9.101000000000000756e-02
9.101000000000000756e-02
9.105000000000000593e-02
9.106000000000000205e-02
9.107000000000001205e-02
9.107000000000001205e-02
9.111000000000001042e-02
9.112000000000000655e-02
9.112000000000000655e-02
9.113000000000000267e-02
9.113000000000000267e-02
9.118000000000001104e-02
9.119000000000000716e-02
9.120000000000000329e-02
9.122000000000000941e-02
9.124000000000000166e-02
9.132000000000001227e-02
9.140000000000000902e-02
9.146000000000001351e-02
9.155000000000000637e-02
9.173000000000000598e-02
9.175000000000001210e-02
9.184000000000000496e-02
9.211000000000001131e-02
9.216000000000000580e-02
9.217000000000000193e-02
9.220000000000000417e-02
9.221000000000001418e-02
9.225000000000001255e-02
9.232000000000001316e-02
9.243000000000001215e-02
9.253000000000000114e-02
9.261000000000001176e-02
9.267000000000000237e-02
9.277000000000000524e-02
9.279000000000001136e-02
9.301000000000000933e-02
9.301000000000000933e-02
9.301000000000000933e-02
9.310000000000000220e-02
9.312000000000000832e-02
9.322000000000001119e-02
9.324000000000000343e-02
9.333000000000001017e-02
9.339000000000000079e-02
9.341000000000000691e-02
9.344000000000000916e-02
9.347000000000001141e-02
9.349000000000000365e-02
9.349000000000000365e-02
9.373000000000000775e-02
9.382000000000001450e-02
9.401000000000001022e-02
9.436000000000001331e-02
9.440000000000001168e-02
9.456000000000000516e-02
9.488000000000000600e-02
9.501000000000001111e-02
9.512000000000001010e-02
9.536000000000001420e-02
9.539000000000000257e-02
9.557000000000000217e-02
9.614000000000000323e-02
9.614000000000000323e-02
9.615000000000001323e-02
9.632000000000000284e-02
9.644000000000001183e-02
9.644000000000001183e-02
9.693000000000000227e-02
9.704000000000000126e-02
9.706000000000000738e-02
9.709000000000000963e-02
9.713000000000000800e-02
9.715000000000001412e-02
9.716000000000001025e-02
9.717000000000000637e-02
9.719000000000001249e-02
9.721000000000000474e-02
9.726000000000001311e-02
9.729000000000000148e-02
9.735000000000000597e-02
9.739000000000000434e-02
9.744000000000001271e-02
9.744000000000001271e-02
9.746000000000000496e-02
9.754000000000000170e-02
9.760000000000000620e-02
9.774000000000000743e-02
9.801000000000001378e-02
9.801000000000001378e-02
9.801000000000001378e-02
9.801000000000001378e-02
9.801000000000001378e-02
9.815000000000000113e-02
9.819000000000001338e-02
9.832000000000000461e-02
9.835000000000000686e-02
9.840000000000000135e-02
9.847000000000000197e-02
9.851000000000001422e-02
9.855000000000001259e-02
9.857000000000000484e-02
9.858000000000001484e-02
9.861000000000000321e-02
9.864000000000000545e-02
9.868000000000000382e-02
9.885000000000000731e-02
9.909000000000001140e-02
9.910000000000000753e-02
9.912000000000001365e-02
9.916000000000001202e-02
9.916000000000001202e-02
9.916000000000001202e-02
9.921000000000000651e-02
9.950000000000000511e-02
9.955000000000001348e-02
9.966000000000001247e-02
9.970000000000001084e-02
1.001200000000000145e-01
1.001900000000000013e-01
1.004500000000000115e-01
1.005100000000000021e-01
1.006000000000000089e-01
1.006100000000000050e-01
1.007200000000000040e-01
1.009500000000000119e-01
1.010100000000000026e-01
1.010800000000000032e-01
1.013700000000000018e-01
1.014700000000000046e-01
1.016000000000000097e-01
1.016300000000000120e-01
1.020100000000000035e-01
1.020100000000000035e-01
1.021000000000000102e-01
1.021300000000000124e-01
1.021300000000000124e-01
1.022000000000000131e-01
1.022200000000000053e-01
1.022200000000000053e-01
1.022800000000000098e-01
1.023000000000000020e-01
1.023200000000000082e-01
1.023400000000000143e-01
1.023800000000000127e-01
1.023800000000000127e-01
1.023900000000000088e-01
1.024200000000000110e-01
1.024400000000000033e-01
1.024700000000000055e-01
1.026500000000000051e-01
1.027900000000000064e-01
1.029300000000000076e-01
1.030100000000000043e-01
1.030100000000000043e-01
1.030100000000000043e-01
1.030100000000000043e-01
1.031300000000000133e-01
1.031800000000000078e-01
1.031800000000000078e-01
1.031800000000000078e-01
1.032200000000000062e-01
1.032700000000000146e-01
1.033800000000000135e-01
1.033900000000000097e-01
1.034100000000000019e-01
1.034400000000000042e-01
1.034700000000000064e-01
1.034800000000000025e-01
1.035000000000000087e-01
1.035200000000000148e-01
1.035500000000000032e-01
1.036000000000000115e-01
1.036400000000000099e-01
1.040100000000000052e-01
1.040100000000000052e-01
1.042900000000000077e-01
1.047800000000000120e-01
1.050100000000000061e-01
1.050100000000000061e-01
1.050100000000000061e-01
1.051500000000000073e-01
1.051600000000000035e-01
1.051900000000000057e-01
1.051900000000000057e-01
1.051900000000000057e-01
1.052000000000000018e-01
1.052200000000000080e-01
1.053000000000000047e-01
1.053100000000000147e-01
1.053300000000000070e-01
1.053400000000000031e-01
1.053400000000000031e-01
1.053600000000000092e-01
1.053700000000000053e-01
1.054200000000000137e-01
1.054600000000000121e-01
1.054900000000000143e-01
1.055100000000000066e-01
1.055200000000000027e-01
1.055600000000000149e-01
1.056800000000000100e-01
1.057700000000000029e-01
1.058000000000000052e-01
1.058100000000000152e-01
1.059200000000000141e-01
1.059900000000000148e-01
1.061100000000000099e-01
1.063200000000000117e-01
1.063300000000000078e-01
1.064100000000000046e-01
1.064600000000000130e-01
1.068100000000000022e-01
1.069900000000000156e-01
1.070900000000000046e-01
1.071500000000000091e-01
1.071600000000000052e-01
1.071800000000000114e-01
1.072000000000000036e-01
1.072400000000000020e-01
1.072600000000000081e-01
1.073300000000000087e-01
1.074400000000000077e-01
1.074600000000000138e-01
1.074800000000000061e-01
1.078800000000000037e-01
1.080100000000000088e-01
1.080100000000000088e-01
1.080600000000000033e-01
1.080800000000000094e-01
1.081600000000000061e-01
1.081900000000000084e-01
1.082100000000000145e-01
1.082300000000000068e-01
1.082400000000000029e-01
1.083200000000000135e-01
1.083200000000000135e-01
1.083400000000000057e-01
1.084200000000000025e-01
1.084400000000000086e-01
1.084800000000000070e-01
1.085000000000000131e-01
1.086000000000000021e-01
1.089000000000000107e-01
1.089500000000000052e-01
1.090100000000000097e-01
1.092100000000000154e-01
1.094300000000000134e-01
1.097100000000000158e-01
1.100100000000000106e-01
1.100200000000000067e-01
1.101000000000000034e-01
1.101200000000000095e-01
1.101300000000000057e-01
1.101400000000000157e-01
1.101400000000000157e-01
1.101500000000000118e-01
1.101700000000000040e-01
1.102800000000000030e-01
1.102900000000000130e-01
1.103000000000000091e-01
1.103700000000000098e-01
1.103900000000000159e-01
1.104200000000000043e-01
1.104700000000000126e-01
1.105700000000000155e-01
1.106000000000000039e-01
1.109400000000000108e-01
1.110100000000000114e-01
1.111400000000000027e-01
1.112900000000000139e-01
1.113200000000000023e-01
1.122000000000000081e-01
1.123000000000000109e-01
1.123600000000000154e-01
1.124500000000000083e-01
1.124600000000000044e-01
1.124800000000000105e-01
1.130100000000000132e-01
1.130100000000000132e-01
1.131300000000000083e-01
1.132700000000000096e-01
1.132800000000000057e-01
1.133500000000000063e-01
1.133700000000000124e-01
1.134200000000000069e-01
1.134600000000000053e-01
1.135100000000000137e-01
1.135100000000000137e-01
1.135800000000000143e-01
1.136100000000000027e-01
1.136500000000000149e-01
1.136600000000000110e-01
1.137100000000000055e-01
1.140100000000000141e-01
1.140800000000000147e-01
1.141000000000000070e-01
1.141200000000000131e-01
1.141300000000000092e-01
1.141400000000000053e-01
1.141900000000000137e-01
1.142800000000000066e-01
1.142900000000000027e-01
1.143800000000000094e-01
1.144100000000000117e-01
1.144500000000000101e-01
1.144700000000000162e-01
1.144900000000000084e-01
1.145100000000000146e-01
1.145400000000000029e-01
1.146600000000000119e-01
1.149000000000000160e-01
1.151500000000000162e-01
1.153800000000000103e-01
1.154100000000000126e-01
1.154300000000000048e-01
1.154400000000000148e-01
1.154600000000000071e-01
1.156300000000000106e-01
1.157100000000000073e-01
1.161100000000000049e-01
1.161500000000000032e-01
1.162100000000000077e-01
1.163800000000000112e-01
1.165000000000000063e-01
1.165700000000000069e-01
1.166000000000000092e-01
1.166900000000000159e-01
1.167200000000000043e-01
1.167400000000000104e-01
1.169900000000000106e-01
1.171600000000000141e-01
1.171700000000000103e-01
1.171700000000000103e-01
1.171700000000000103e-01
1.173600000000000060e-01
1.174200000000000105e-01
1.174400000000000027e-01
1.175500000000000156e-01
1.177400000000000113e-01
1.180100000000000038e-01
1.180100000000000038e-01
1.182000000000000134e-01
1.184200000000000114e-01
1.184200000000000114e-01
1.185100000000000042e-01
1.185300000000000104e-01
1.185400000000000065e-01
1.186200000000000032e-01
1.186500000000000055e-01
1.186800000000000077e-01
1.188400000000000151e-01
1.200100000000000056e-01
1.200100000000000056e-01
1.200400000000000078e-01
1.200500000000000039e-01
1.200500000000000039e-01
1.200700000000000101e-01
1.200800000000000062e-01
1.201000000000000123e-01
1.201400000000000107e-01
1.201700000000000129e-01
1.202000000000000152e-01
1.202000000000000152e-01
1.202100000000000113e-01
1.202100000000000113e-01
1.202100000000000113e-01
1.202300000000000035e-01
1.202400000000000135e-01
1.202700000000000158e-01
1.203800000000000148e-01
1.205300000000000121e-01
1.205800000000000066e-01
1.205900000000000166e-01
1.205900000000000166e-01
1.206200000000000050e-01
1.206200000000000050e-01
1.207100000000000117e-01
1.208600000000000091e-01
1.208900000000000113e-01
1.210100000000000064e-01
1.210100000000000064e-01
1.210100000000000064e-01
1.210100000000000064e-01
1.210100000000000064e-01
1.210100000000000064e-01
1.210700000000000109e-01
1.210900000000000032e-01
1.211500000000000077e-01
1.212100000000000122e-01
1.212500000000000105e-01
1.212700000000000167e-01
1.213400000000000034e-01
1.213800000000000157e-01
1.214300000000000102e-01
1.215100000000000069e-01
1.215400000000000091e-01
1.216400000000000120e-01
1.216600000000000042e-01
1.217300000000000049e-01
1.217300000000000049e-01
1.218200000000000116e-01
1.218500000000000139e-01
1.220100000000000073e-01
1.220100000000000073e-01
1.220100000000000073e-01
1.220100000000000073e-01
1.221600000000000047e-01
1.222400000000000153e-01
1.222900000000000098e-01
1.223600000000000104e-01
1.223900000000000127e-01
1.224300000000000110e-01
1.225000000000000117e-01
1.228400000000000047e-01
1.230400000000000105e-01
1.230500000000000066e-01
1.235500000000000070e-01
1.241400000000000142e-01
1.241800000000000126e-01
1.242000000000000048e-01
1.250799999999999967e-01
1.251099999999999990e-01
1.251300000000000190e-01
1.253200000000000147e-01
1.253400000000000070e-01
1.254800000000000082e-01
1.255200000000000204e-01
1.256000000000000172e-01
1.260100000000000109e-01
1.261400000000000021e-01
1.262800000000000034e-01
1.263400000000000079e-01
1.263900000000000023e-01
1.264100000000000223e-01
1.264200000000000046e-01
1.270600000000000063e-01
1.271899999999999975e-01
1.272000000000000075e-01
1.272199999999999998e-01
1.273200000000000165e-01
1.274500000000000077e-01
1.275300000000000045e-01
1.277500000000000024e-01
1.280100000000000127e-01
1.280100000000000127e-01
1.280100000000000127e-01
1.280100000000000127e-01
1.280100000000000127e-01
1.280100000000000127e-01
1.280100000000000127e-01
1.280100000000000127e-01
1.280100000000000127e-01
1.280499999999999972e-01
1.280700000000000172e-01
1.280799999999999994e-01
1.280900000000000094e-01
1.281400000000000039e-01
1.281700000000000061e-01
1.281700000000000061e-01
1.281800000000000161e-01
1.282000000000000084e-01
1.282000000000000084e-01
1.282400000000000206e-01
1.282400000000000206e-01
1.282600000000000129e-01
1.282600000000000129e-01
1.283100000000000074e-01
1.283299999999999996e-01
1.283800000000000219e-01
1.284000000000000141e-01
1.284200000000000064e-01
1.285400000000000154e-01
1.285400000000000154e-01
1.285700000000000176e-01
1.286300000000000221e-01
1.288700000000000123e-01
1.291200000000000125e-01
1.292400000000000215e-01
1.297600000000000142e-01
1.299099999999999977e-01
1.301200000000000134e-01
1.301599999999999979e-01
1.301700000000000079e-01
1.302000000000000102e-01
1.302900000000000169e-01
1.303500000000000214e-01
1.304400000000000004e-01
1.304800000000000126e-01
1.306700000000000084e-01
1.307500000000000051e-01
1.308200000000000196e-01
1.308600000000000041e-01
1.311200000000000143e-01
1.313300000000000023e-01
1.313400000000000123e-01
1.320100000000000162e-01
1.320100000000000162e-01
1.320600000000000107e-01
1.321100000000000052e-01
1.321100000000000052e-01
1.321400000000000075e-01
1.321599999999999997e-01
1.322000000000000119e-01
1.322100000000000219e-01
1.322300000000000142e-01
1.323700000000000154e-01
1.323799999999999977e-01
1.324500000000000122e-01
1.324700000000000044e-01
1.324800000000000144e-01
1.325300000000000089e-01
1.329200000000000104e-01
1.330100000000000171e-01
1.330100000000000171e-01
1.330100000000000171e-01
1.330100000000000171e-01
1.330100000000000171e-01
1.330100000000000171e-01
1.330100000000000171e-01
1.330100000000000171e-01
1.330100000000000171e-01
1.330100000000000171e-01
1.330400000000000194e-01
1.330400000000000194e-01
1.330400000000000194e-01
1.330700000000000216e-01
1.330900000000000138e-01
1.330900000000000138e-01
1.331100000000000061e-01
1.331200000000000161e-01
1.331200000000000161e-01
1.331299999999999983e-01
1.331400000000000083e-01
1.331400000000000083e-01
1.331400000000000083e-01
1.331400000000000083e-01
1.331500000000000183e-01
1.331600000000000006e-01
1.331600000000000006e-01
1.331600000000000006e-01
1.331700000000000106e-01
1.331900000000000028e-01
1.331900000000000028e-01
1.333300000000000041e-01
1.333600000000000063e-01
1.333600000000000063e-01
1.334500000000000131e-01
1.334700000000000053e-01
1.335100000000000176e-01
1.335400000000000198e-01
1.335500000000000020e-01
1.340100000000000180e-01
1.340100000000000180e-01
1.340100000000000180e-01
1.341299999999999992e-01
1.341700000000000115e-01
1.343600000000000072e-01
1.344300000000000217e-01
1.348900000000000099e-01
1.360100000000000198e-01
1.360100000000000198e-01
1.360100000000000198e-01
1.360600000000000143e-01
1.360600000000000143e-01
1.360700000000000243e-01
1.360900000000000165e-01
1.360999999999999988e-01
1.361100000000000088e-01
1.361200000000000188e-01
1.361200000000000188e-01
1.361200000000000188e-01
1.361500000000000210e-01
1.361800000000000233e-01
1.362099999999999977e-01
1.362200000000000077e-01
1.362400000000000000e-01
1.362500000000000100e-01
1.362600000000000200e-01
1.362700000000000022e-01
1.362800000000000122e-01
1.363000000000000045e-01
1.363100000000000145e-01
1.363200000000000245e-01
1.363600000000000090e-01
1.363600000000000090e-01
1.363800000000000012e-01
1.364100000000000035e-01
1.364300000000000235e-01
1.364500000000000157e-01
1.365100000000000202e-01
1.366300000000000014e-01
1.367099999999999982e-01
1.370100000000000207e-01
1.370100000000000207e-01
1.370100000000000207e-01
1.370100000000000207e-01
1.370100000000000207e-01
1.370900000000000174e-01
1.370900000000000174e-01
1.370999999999999996e-01
1.371400000000000119e-01
1.371900000000000064e-01
1.372700000000000031e-01
1.373100000000000154e-01
1.373700000000000199e-01
1.373700000000000199e-01
1.373800000000000021e-01
1.375600000000000156e-01
1.381100000000000105e-01
1.382400000000000018e-01
1.383100000000000163e-01
1.385800000000000087e-01
1.386000000000000010e-01
1.432800000000000185e-01
1.440099999999999991e-01
1.440700000000000036e-01
1.441500000000000004e-01
1.441600000000000104e-01
1.441600000000000104e-01
1.441700000000000204e-01
1.441800000000000026e-01
1.442300000000000249e-01
1.442500000000000171e-01
1.443100000000000216e-01
1.443400000000000238e-01
1.444900000000000073e-01
1.446000000000000063e-01
1.446300000000000086e-01
1.446400000000000186e-01
1.446500000000000008e-01
1.446500000000000008e-01
1.447400000000000075e-01
1.450100000000000000e-01
1.450100000000000000e-01
1.450100000000000000e-01
1.450100000000000000e-01
1.450100000000000000e-01
1.450100000000000000e-01
1.450100000000000000e-01
1.450100000000000000e-01
1.450100000000000000e-01
1.450100000000000000e-01
1.450100000000000000e-01
1.450100000000000000e-01
1.450400000000000023e-01
1.450400000000000023e-01
1.450500000000000123e-01
1.450500000000000123e-01
1.450500000000000123e-01
1.450600000000000223e-01
1.451199999999999990e-01
1.451400000000000190e-01
1.451400000000000190e-01
1.451400000000000190e-01
1.451500000000000012e-01
1.451500000000000012e-01
1.451600000000000112e-01
1.451700000000000212e-01
1.452800000000000202e-01
1.453100000000000225e-01
1.453100000000000225e-01
1.454000000000000015e-01
1.454799999999999982e-01
1.455300000000000205e-01
1.457299999999999984e-01
1.460100000000000009e-01
1.460100000000000009e-01
1.460100000000000009e-01
1.460100000000000009e-01
1.460100000000000009e-01
1.460100000000000009e-01
1.460100000000000009e-01
1.460100000000000009e-01
1.460100000000000009e-01
1.460100000000000009e-01
1.460100000000000009e-01
1.460100000000000009e-01
1.460100000000000009e-01
1.460100000000000009e-01
1.461500000000000021e-01
1.461600000000000121e-01
1.461600000000000121e-01
1.461700000000000221e-01
1.461900000000000144e-01
1.462600000000000011e-01
1.463800000000000101e-01
1.464000000000000024e-01
1.464400000000000146e-01
1.464700000000000168e-01
1.464900000000000091e-01
1.466000000000000081e-01
1.466200000000000003e-01
1.466300000000000103e-01
1.466600000000000126e-01
1.470100000000000018e-01
1.470100000000000018e-01
1.473500000000000087e-01
1.482600000000000029e-01
1.485100000000000031e-01
1.488500000000000101e-01
1.489900000000000113e-01
1.550100000000000089e-01
1.550100000000000089e-01
1.550100000000000089e-01
1.550100000000000089e-01
1.550100000000000089e-01
1.550100000000000089e-01
1.550100000000000089e-01
1.550100000000000089e-01
1.550100000000000089e-01
1.550100000000000089e-01
1.550600000000000034e-01
1.550600000000000034e-01
1.550600000000000034e-01
1.550600000000000034e-01
1.550900000000000056e-01
1.550900000000000056e-01
1.551000000000000156e-01
1.551100000000000256e-01
1.551200000000000079e-01
1.551400000000000001e-01
1.551500000000000101e-01
1.551500000000000101e-01
1.551500000000000101e-01
1.551600000000000201e-01
1.551600000000000201e-01
1.551700000000000024e-01
1.551800000000000124e-01
1.551800000000000124e-01
1.551800000000000124e-01
1.551900000000000224e-01
1.552100000000000146e-01
1.553000000000000214e-01
1.553200000000000136e-01
1.553300000000000236e-01
1.553700000000000081e-01
1.554100000000000203e-01
1.554900000000000171e-01
1.555200000000000193e-01
1.557000000000000051e-01
1.558100000000000041e-01
1.558400000000000063e-01
1.612700000000000244e-01
1.613400000000000112e-01
1.613500000000000212e-01
1.614900000000000224e-01
1.623600000000000043e-01
1.623600000000000043e-01
1.623700000000000143e-01
1.623800000000000243e-01
1.623900000000000066e-01
1.624000000000000166e-01
1.624000000000000166e-01
1.628400000000000125e-01
1.629000000000000170e-01
1.630100000000000160e-01
1.630100000000000160e-01
1.630100000000000160e-01
1.630100000000000160e-01
1.630100000000000160e-01
1.630100000000000160e-01
1.630100000000000160e-01
1.630100000000000160e-01
1.630100000000000160e-01
1.630100000000000160e-01
1.630100000000000160e-01
1.630100000000000160e-01
1.630100000000000160e-01
1.630100000000000160e-01
1.630100000000000160e-01
1.630100000000000160e-01
1.630200000000000260e-01
1.630300000000000082e-01
1.630400000000000182e-01
1.630500000000000005e-01
1.630500000000000005e-01
1.630500000000000005e-01
1.630600000000000105e-01
1.630600000000000105e-01
1.630600000000000105e-01
1.630600000000000105e-01
1.631000000000000227e-01
1.631300000000000250e-01
1.631400000000000072e-01
1.631400000000000072e-01
1.631400000000000072e-01
1.631400000000000072e-01
1.631500000000000172e-01
1.631500000000000172e-01
1.631500000000000172e-01
1.631599999999999995e-01
1.631599999999999995e-01
1.632700000000000262e-01
1.633000000000000007e-01
1.633400000000000130e-01
1.633400000000000130e-01
1.634700000000000042e-01
1.634800000000000142e-01
1.634900000000000242e-01
1.635100000000000164e-01
1.636000000000000232e-01
1.638000000000000012e-01
1.640100000000000169e-01
1.640100000000000169e-01
1.640100000000000169e-01
1.640100000000000169e-01
1.640100000000000169e-01
1.640100000000000169e-01
1.641400000000000081e-01
1.648200000000000220e-01
1.660800000000000054e-01
1.665300000000000114e-01
1.668100000000000138e-01
1.671900000000000053e-01
1.671900000000000053e-01
1.672100000000000253e-01
1.672300000000000175e-01
1.672500000000000098e-01
1.673600000000000088e-01
1.679600000000000259e-01
1.680100000000000204e-01
1.682600000000000207e-01
1.682700000000000029e-01
1.683500000000000274e-01
1.687200000000000089e-01
1.689600000000000268e-01
1.692100000000000271e-01
1.698700000000000210e-01
1.707200000000000106e-01
1.720100000000000240e-01
1.720100000000000240e-01
1.720100000000000240e-01
1.720100000000000240e-01
1.720100000000000240e-01
1.720100000000000240e-01
1.720100000000000240e-01
1.720100000000000240e-01
1.720100000000000240e-01
1.720100000000000240e-01
1.720100000000000240e-01
1.720100000000000240e-01
1.720100000000000240e-01
1.720100000000000240e-01
1.720700000000000007e-01
1.720700000000000007e-01
1.720700000000000007e-01
1.720700000000000007e-01
1.720800000000000107e-01
1.720800000000000107e-01
1.720900000000000207e-01
1.720900000000000207e-01
1.720900000000000207e-01
1.721000000000000030e-01
1.721200000000000230e-01
1.721200000000000230e-01
1.721200000000000230e-01
1.721200000000000230e-01
1.721200000000000230e-01
1.721400000000000152e-01
1.721500000000000252e-01
1.721500000000000252e-01
1.721600000000000075e-01
1.721600000000000075e-01
1.721900000000000097e-01
1.722000000000000197e-01
1.722400000000000042e-01
1.723100000000000187e-01
1.723100000000000187e-01
1.723200000000000010e-01
1.723300000000000110e-01
1.723600000000000132e-01
1.723600000000000132e-01
1.724100000000000077e-01
1.724800000000000222e-01
1.727300000000000224e-01
1.727500000000000147e-01
1.728000000000000091e-01
1.744400000000000117e-01
1.744500000000000217e-01
1.754200000000000204e-01
1.754400000000000126e-01
1.782700000000000118e-01
1.783000000000000140e-01
1.783000000000000140e-01
1.784200000000000230e-01
1.786300000000000110e-01
1.786600000000000132e-01
1.786600000000000132e-01
1.794900000000000106e-01
1.800500000000000156e-01
1.801400000000000223e-01
1.801500000000000046e-01
1.801600000000000146e-01
1.801800000000000068e-01
1.801800000000000068e-01
1.801900000000000168e-01
1.804200000000000248e-01
1.804200000000000248e-01
1.804300000000000070e-01
1.804600000000000093e-01
1.804700000000000193e-01
1.804800000000000015e-01
1.804800000000000015e-01
1.804900000000000115e-01
1.804900000000000115e-01
1.805000000000000215e-01
1.806000000000000105e-01
1.806800000000000073e-01
1.806900000000000173e-01
1.806900000000000173e-01
1.807200000000000195e-01
1.807300000000000018e-01
1.807700000000000140e-01
1.807700000000000140e-01
1.807900000000000063e-01
1.809200000000000252e-01
1.830100000000000060e-01
1.830700000000000105e-01
1.830900000000000027e-01
1.830900000000000027e-01
1.831200000000000050e-01
1.831900000000000195e-01
1.832100000000000117e-01
1.832100000000000117e-01
1.832100000000000117e-01
1.832900000000000085e-01
1.833000000000000185e-01
1.833200000000000107e-01
1.833200000000000107e-01
1.833300000000000207e-01
1.833500000000000130e-01
1.835500000000000187e-01
1.838400000000000034e-01
1.839300000000000102e-01
1.841800000000000104e-01
1.842200000000000226e-01
1.842600000000000071e-01
1.859800000000000064e-01
1.875100000000000100e-01
1.876000000000000167e-01
1.876200000000000090e-01
1.878700000000000092e-01
1.902800000000000047e-01
1.902900000000000147e-01
1.909500000000000086e-01
1.916900000000000270e-01
1.920100000000000140e-01
1.920100000000000140e-01
1.920100000000000140e-01
1.920100000000000140e-01
1.920100000000000140e-01
1.920100000000000140e-01
1.920100000000000140e-01
1.920100000000000140e-01
1.920100000000000140e-01
1.920400000000000162e-01
1.920400000000000162e-01
1.920600000000000085e-01
1.920700000000000185e-01
1.920900000000000107e-01
1.921100000000000030e-01
1.921200000000000130e-01
1.921200000000000130e-01
1.921200000000000130e-01
1.921200000000000130e-01
1.921300000000000230e-01
1.921300000000000230e-01
1.921300000000000230e-01
1.921300000000000230e-01
1.921400000000000052e-01
1.921500000000000152e-01
1.921900000000000275e-01
1.922000000000000097e-01
1.922300000000000120e-01
1.922300000000000120e-01
1.922500000000000042e-01
1.923700000000000132e-01
1.924000000000000155e-01
1.924100000000000255e-01
1.924100000000000255e-01
1.924100000000000255e-01
1.924600000000000199e-01
1.924700000000000022e-01
1.925200000000000244e-01
1.925400000000000167e-01
1.927300000000000124e-01
1.927400000000000224e-01
1.930200000000000249e-01
1.958400000000000141e-01
1.958600000000000063e-01
1.962000000000000133e-01
1.962300000000000155e-01
1.967800000000000105e-01
1.972500000000000087e-01
1.976900000000000046e-01
1.980500000000000038e-01
1.981500000000000206e-01
1.981500000000000206e-01
1.981500000000000206e-01
1.983000000000000040e-01
1.984000000000000208e-01
1.984000000000000208e-01
1.984400000000000053e-01
1.984800000000000175e-01
1.984800000000000175e-01
1.984800000000000175e-01
1.985500000000000043e-01
1.990500000000000047e-01
1.993000000000000049e-01
2.010100000000000220e-01
2.010100000000000220e-01
2.010100000000000220e-01
2.010100000000000220e-01
2.010800000000000087e-01
2.010900000000000187e-01
2.010900000000000187e-01
2.011000000000000287e-01
2.011000000000000287e-01
2.011000000000000287e-01
2.011200000000000210e-01
2.011500000000000232e-01
2.011500000000000232e-01
2.011600000000000055e-01
2.011600000000000055e-01
2.011700000000000155e-01
2.011900000000000077e-01
2.011900000000000077e-01
2.011900000000000077e-01
2.012000000000000177e-01
2.012100000000000277e-01
2.012200000000000100e-01
2.012300000000000200e-01
2.012400000000000300e-01
2.014500000000000179e-01
2.015500000000000069e-01
2.015500000000000069e-01
2.015600000000000169e-01
2.016000000000000292e-01
2.016200000000000214e-01
2.016300000000000037e-01
2.016300000000000037e-01
2.020100000000000229e-01
2.020100000000000229e-01
2.020100000000000229e-01
2.020100000000000229e-01
2.020100000000000229e-01
2.020100000000000229e-01
2.020100000000000229e-01
2.020100000000000229e-01
2.020100000000000229e-01
2.020100000000000229e-01
2.020300000000000151e-01
2.021200000000000219e-01
2.021300000000000041e-01
2.022000000000000186e-01
2.022000000000000186e-01
2.022100000000000286e-01
2.023200000000000276e-01
2.023500000000000298e-01
2.023600000000000121e-01
2.023700000000000221e-01
2.023800000000000043e-01
2.025100000000000233e-01
2.025100000000000233e-01
2.025100000000000233e-01
2.025100000000000233e-01
2.025100000000000233e-01
2.029300000000000270e-01
2.029400000000000093e-01
2.032500000000000140e-01
2.041300000000000059e-01
2.041500000000000259e-01
2.041600000000000081e-01
2.041700000000000181e-01
2.042800000000000171e-01
2.044400000000000106e-01
2.044600000000000029e-01
2.050100000000000255e-01
2.050100000000000255e-01
2.051000000000000045e-01
2.051800000000000290e-01
2.052400000000000058e-01
2.052600000000000258e-01
2.053300000000000125e-01
2.053800000000000070e-01
2.053800000000000070e-01
2.054400000000000115e-01
2.056400000000000172e-01
2.065000000000000169e-01
2.074500000000000233e-01
2.086300000000000099e-01
2.100100000000000300e-01
2.100100000000000300e-01
2.100100000000000300e-01
2.100100000000000300e-01
2.100100000000000300e-01
2.100100000000000300e-01
2.100100000000000300e-01
2.100100000000000300e-01
2.100100000000000300e-01
2.100100000000000300e-01
2.100100000000000300e-01
2.100100000000000300e-01
2.100100000000000300e-01
2.100100000000000300e-01
2.100100000000000300e-01
2.100100000000000300e-01
2.100100000000000300e-01
2.100600000000000245e-01
2.100700000000000067e-01
2.100800000000000167e-01
2.100900000000000267e-01
2.100900000000000267e-01
2.100900000000000267e-01
2.101000000000000090e-01
2.101100000000000190e-01
2.101100000000000190e-01
2.101200000000000290e-01
2.101400000000000212e-01
2.101700000000000235e-01
2.101700000000000235e-01
2.101800000000000057e-01
2.101800000000000057e-01
2.101800000000000057e-01
2.101800000000000057e-01
2.102000000000000257e-01
2.102000000000000257e-01
2.102000000000000257e-01
2.102200000000000180e-01
2.102300000000000280e-01
2.103000000000000147e-01
2.103200000000000069e-01
2.103200000000000069e-01
2.103200000000000069e-01
2.104300000000000059e-01
2.104400000000000159e-01
2.104500000000000259e-01
2.105600000000000249e-01
2.109800000000000286e-01
2.113700000000000301e-01
