2.908000000000000168e-02
2.909000000000000127e-02
2.909000000000000127e-02
2.909000000000000127e-02
2.909000000000000127e-02
2.920000000000000373e-02
2.921000000000000332e-02
2.921000000000000332e-02
2.921000000000000332e-02
2.921000000000000332e-02
2.922000000000000292e-02
2.922000000000000292e-02
2.922000000000000292e-02
2.922000000000000292e-02
2.922000000000000292e-02
2.979000000000000398e-02
2.980000000000000357e-02
2.983000000000000235e-02
2.985000000000000153e-02
2.985000000000000153e-02
2.986000000000000112e-02
2.986000000000000112e-02
2.987000000000000072e-02
2.995000000000000093e-02
2.995000000000000093e-02
2.996000000000000399e-02
3.080000000000000099e-02
3.081000000000000405e-02
3.081000000000000405e-02
3.081000000000000405e-02
3.082000000000000364e-02
3.082000000000000364e-02
3.082000000000000364e-02
3.082000000000000364e-02
3.101000000000000284e-02
3.101000000000000284e-02
3.101000000000000284e-02
3.101000000000000284e-02
3.101000000000000284e-02
3.101000000000000284e-02
3.101000000000000284e-02
3.101000000000000284e-02
3.101000000000000284e-02
3.101000000000000284e-02
3.107000000000000386e-02
3.107000000000000386e-02
3.108000000000000346e-02
3.108000000000000346e-02
3.108000000000000346e-02
3.108000000000000346e-02
3.108000000000000346e-02
3.108000000000000346e-02
3.112000000000000183e-02
3.112000000000000183e-02
3.113000000000000142e-02
3.113000000000000142e-02
3.113000000000000142e-02
3.113000000000000142e-02
3.113000000000000142e-02
3.114000000000000101e-02
3.117000000000000326e-02
3.118000000000000285e-02
3.118000000000000285e-02
3.119000000000000244e-02
3.120000000000000204e-02
3.133000000000000368e-02
3.133999999999999980e-02
3.133999999999999980e-02
3.137000000000000205e-02
3.153000000000000247e-02
3.160000000000000309e-02
3.167999999999999983e-02
3.170000000000000595e-02
3.172000000000000514e-02
3.176999999999999963e-02
3.178000000000000269e-02
3.178000000000000269e-02
3.182000000000000106e-02
3.201000000000000373e-02
3.201000000000000373e-02
3.201000000000000373e-02
3.201000000000000373e-02
3.201000000000000373e-02
3.201000000000000373e-02
3.201000000000000373e-02
3.201000000000000373e-02
3.209000000000000047e-02
3.219000000000000333e-02
3.235999999999999988e-02
3.251000000000000417e-02
3.259000000000000091e-02
3.264000000000000234e-02
3.273000000000000215e-02
3.301000000000000462e-02
3.301000000000000462e-02
3.301000000000000462e-02
3.301000000000000462e-02
3.301000000000000462e-02
3.301000000000000462e-02
3.301000000000000462e-02
3.301000000000000462e-02
3.301000000000000462e-02
3.301000000000000462e-02
3.306000000000000605e-02
3.308000000000000523e-02
3.308000000000000523e-02
3.309000000000000136e-02
3.309000000000000136e-02
3.310000000000000442e-02
3.315000000000000585e-02
3.315000000000000585e-02
3.319000000000000422e-02
3.319000000000000422e-02
3.319000000000000422e-02
3.320000000000000034e-02
3.320000000000000034e-02
3.320000000000000034e-02
3.325000000000000178e-02
3.326000000000000484e-02
3.332000000000000239e-02
3.332000000000000239e-02
3.333000000000000546e-02
3.333000000000000546e-02
3.335000000000000464e-02
3.367000000000000548e-02
3.371000000000000385e-02
3.371999999999999997e-02
3.389999999999999958e-02
3.401000000000000550e-02
3.401000000000000550e-02
3.401000000000000550e-02
3.401000000000000550e-02
3.401000000000000550e-02
3.419000000000000511e-02
3.420000000000000123e-02
3.423999999999999960e-02
3.430000000000000410e-02
3.432000000000000328e-02
3.490000000000000047e-02
3.500999999999999945e-02
3.500999999999999945e-02
3.500999999999999945e-02
3.500999999999999945e-02
3.500999999999999945e-02
3.500999999999999945e-02
3.500999999999999945e-02
3.500999999999999945e-02
3.500999999999999945e-02
3.500999999999999945e-02
3.500999999999999945e-02
3.500999999999999945e-02
3.500999999999999945e-02
3.500999999999999945e-02
3.504000000000000170e-02
3.507000000000000395e-02
3.507000000000000395e-02
3.507000000000000395e-02
3.508000000000000007e-02
3.508000000000000007e-02
3.509000000000000313e-02
3.510000000000000620e-02
3.513000000000000150e-02
3.514000000000000457e-02
3.516000000000000375e-02
3.516999999999999987e-02
3.518000000000000294e-02
3.520000000000000212e-02
3.522000000000000131e-02
3.523000000000000437e-02
3.523000000000000437e-02
3.525000000000000355e-02
3.531000000000000111e-02
3.532000000000000417e-02
3.534000000000000336e-02
3.536000000000000254e-02
3.541000000000000397e-02
3.552000000000000296e-02
3.566000000000000419e-02
3.571000000000000563e-02
3.579000000000000237e-02
3.587000000000000605e-02
3.599000000000000116e-02
3.601000000000000034e-02
3.601000000000000034e-02
3.601000000000000034e-02
3.601000000000000034e-02
3.601000000000000034e-02
3.601000000000000034e-02
3.601000000000000034e-02
3.601000000000000034e-02
3.602999999999999953e-02
3.607000000000000484e-02
3.614000000000000545e-02
3.622000000000000219e-02
3.624000000000000138e-02
3.625000000000000444e-02
3.625000000000000444e-02
3.626000000000000056e-02
3.632000000000000506e-02
3.667000000000000121e-02
3.701000000000000123e-02
3.701000000000000123e-02
3.701000000000000123e-02
3.701000000000000123e-02
3.701000000000000123e-02
3.701000000000000123e-02
3.701000000000000123e-02
3.701000000000000123e-02
3.701000000000000123e-02
3.701000000000000123e-02
3.701000000000000123e-02
3.701000000000000123e-02
3.701000000000000123e-02
3.701000000000000123e-02
3.707000000000000572e-02
3.707000000000000572e-02
3.708000000000000185e-02
3.710000000000000103e-02
3.710000000000000103e-02
3.711000000000000409e-02
3.711000000000000409e-02
3.711000000000000409e-02
3.712000000000000022e-02
3.712000000000000022e-02
3.715000000000000246e-02
3.716000000000000553e-02
3.716000000000000553e-02
3.718000000000000471e-02
3.721000000000000002e-02
3.721000000000000002e-02
3.723000000000000614e-02
3.723000000000000614e-02
3.724000000000000227e-02
3.725000000000000533e-02
3.726000000000000145e-02
3.727000000000000451e-02
3.727000000000000451e-02
3.729999999999999982e-02
3.729999999999999982e-02
3.729999999999999982e-02
3.731000000000000288e-02
3.731000000000000288e-02
3.732000000000000595e-02
3.736000000000000432e-02
3.745000000000000412e-02
3.781000000000000333e-02
3.785000000000000170e-02
3.801000000000000212e-02
3.801000000000000212e-02
3.801000000000000212e-02
3.801000000000000212e-02
3.801000000000000212e-02
3.801000000000000212e-02
3.801000000000000212e-02
3.801000000000000212e-02
3.804000000000000437e-02
3.808000000000000274e-02
3.809000000000000580e-02
3.812000000000000111e-02
3.821000000000000091e-02
3.828000000000000153e-02
3.860000000000000236e-02
3.874000000000000360e-02
3.888000000000000483e-02
3.901000000000000301e-02
3.901000000000000301e-02
3.901000000000000301e-02
3.901000000000000301e-02
3.901000000000000301e-02
3.901000000000000301e-02
3.901000000000000301e-02
3.901000000000000301e-02
3.901000000000000301e-02
3.901000000000000301e-02
3.901000000000000301e-02
3.901000000000000301e-02
3.901000000000000301e-02
3.901000000000000301e-02
3.901000000000000301e-02
3.901000000000000301e-02
3.901000000000000301e-02
3.901000000000000301e-02
3.901000000000000301e-02
3.901000000000000301e-02
3.901000000000000301e-02
3.901000000000000301e-02
3.901000000000000301e-02
3.906000000000000444e-02
3.910000000000000281e-02
3.910000000000000281e-02
3.911000000000000587e-02
3.911000000000000587e-02
3.913000000000000506e-02
3.913000000000000506e-02
3.914000000000000118e-02
3.915000000000000424e-02
3.915000000000000424e-02
3.918000000000000649e-02
3.921000000000000180e-02
3.922000000000000486e-02
3.923000000000000098e-02
3.927000000000000629e-02
3.928000000000000241e-02
3.932000000000000078e-02
3.933000000000000385e-02
3.942000000000000365e-02
3.944000000000000283e-02
3.985000000000000347e-02
4.001000000000000389e-02
4.001000000000000389e-02
4.001000000000000389e-02
4.001000000000000389e-02
4.001000000000000389e-02
4.001000000000000389e-02
4.001000000000000389e-02
4.001000000000000389e-02
4.001000000000000389e-02
4.001000000000000389e-02
4.001000000000000389e-02
4.001000000000000389e-02
4.001000000000000389e-02
4.001000000000000389e-02
4.001000000000000389e-02
4.001000000000000389e-02
4.001000000000000389e-02
4.001000000000000389e-02
4.001000000000000389e-02
4.001000000000000389e-02
4.001000000000000389e-02
4.001000000000000389e-02
4.001000000000000389e-02
4.001000000000000389e-02
4.001000000000000389e-02
4.001000000000000389e-02
4.007000000000000145e-02
4.009000000000000064e-02
4.010999999999999982e-02
4.010999999999999982e-02
4.012000000000000288e-02
4.012000000000000288e-02
4.014000000000000207e-02
4.016000000000000125e-02
4.017000000000000431e-02
4.017000000000000431e-02
4.032000000000000167e-02
4.033000000000000473e-02
4.037000000000000310e-02
4.038000000000000617e-02
4.060000000000000414e-02
4.101000000000000478e-02
4.101000000000000478e-02
4.101000000000000478e-02
4.101000000000000478e-02
4.101000000000000478e-02
4.101000000000000478e-02
4.101000000000000478e-02
4.108000000000000540e-02
4.110000000000000459e-02
4.113000000000000683e-02
4.114000000000000296e-02
4.116000000000000214e-02
4.121000000000000357e-02
4.121000000000000357e-02
4.123000000000000276e-02
4.126000000000000500e-02
4.133000000000000562e-02
4.134000000000000175e-02
4.150000000000000216e-02
4.152000000000000135e-02
4.153000000000000441e-02
4.179000000000000076e-02
4.182000000000000300e-02
4.199000000000000649e-02
4.201000000000000567e-02
4.201000000000000567e-02
4.201000000000000567e-02
4.201000000000000567e-02
4.201000000000000567e-02
4.201000000000000567e-02
4.201000000000000567e-02
4.201000000000000567e-02
4.201000000000000567e-02
4.201000000000000567e-02
4.201000000000000567e-02
4.201000000000000567e-02
4.201000000000000567e-02
4.201000000000000567e-02
4.201000000000000567e-02
4.201000000000000567e-02
4.201000000000000567e-02
4.203000000000000486e-02
4.206000000000000016e-02
4.208000000000000629e-02
4.210000000000000547e-02
4.211000000000000160e-02
4.211000000000000160e-02
4.212000000000000466e-02
4.215000000000000691e-02
4.215000000000000691e-02
4.219000000000000528e-02
4.220000000000000140e-02
4.220000000000000140e-02
4.221000000000000446e-02
4.221000000000000446e-02
4.222000000000000058e-02
4.224000000000000671e-02
4.224000000000000671e-02
4.228000000000000508e-02
4.228000000000000508e-02
4.229000000000000120e-02
4.231000000000000039e-02
4.236000000000000182e-02
4.243000000000000244e-02
4.250000000000000305e-02
4.252000000000000224e-02
4.253000000000000530e-02
4.259000000000000286e-02
4.267000000000000653e-02
4.280000000000000471e-02
4.295000000000000207e-02
4.301000000000000656e-02
4.301000000000000656e-02
4.301000000000000656e-02
4.301000000000000656e-02
4.301000000000000656e-02
4.301000000000000656e-02
4.301000000000000656e-02
4.301000000000000656e-02
4.301000000000000656e-02
4.301000000000000656e-02
4.301000000000000656e-02
4.301000000000000656e-02
4.301000000000000656e-02
4.301000000000000656e-02
4.301000000000000656e-02
4.301000000000000656e-02
4.301000000000000656e-02
4.301000000000000656e-02
4.301000000000000656e-02
4.301000000000000656e-02
4.301000000000000656e-02
4.301000000000000656e-02
4.305000000000000493e-02
4.305000000000000493e-02
4.310000000000000636e-02
4.310000000000000636e-02
4.311000000000000248e-02
4.311000000000000248e-02
4.312000000000000555e-02
4.312000000000000555e-02
4.317000000000000698e-02
4.323000000000000453e-02
4.326000000000000678e-02
4.331000000000000127e-02
4.333000000000000046e-02
4.376000000000000029e-02
4.381000000000000172e-02
4.391000000000000458e-02
4.401000000000000051e-02
4.401000000000000051e-02
4.401000000000000051e-02
4.427000000000000379e-02
4.437000000000000666e-02
4.445000000000000340e-02
4.512000000000000038e-02
4.513000000000000345e-02
4.516000000000000569e-02
4.517000000000000182e-02
4.517000000000000182e-02
4.524000000000000243e-02
4.524000000000000243e-02
4.524000000000000243e-02
4.525000000000000550e-02
4.527000000000000468e-02
4.528000000000000080e-02
4.530000000000000693e-02
4.530000000000000693e-02
4.532000000000000611e-02
4.538000000000000367e-02
4.543000000000000510e-02
4.547000000000000347e-02
4.549000000000000266e-02
4.550000000000000572e-02
4.552000000000000490e-02
4.554000000000000409e-02
4.563000000000000389e-02
4.564000000000000695e-02
4.581000000000000349e-02
4.586000000000000493e-02
4.596000000000000085e-02
4.601000000000000228e-02
4.601000000000000228e-02
4.601000000000000228e-02
4.601000000000000228e-02
4.601000000000000228e-02
4.601000000000000228e-02
4.601000000000000228e-02
4.601000000000000228e-02
4.601000000000000228e-02
4.601000000000000228e-02
4.601000000000000228e-02
4.601000000000000228e-02
4.607000000000000678e-02
4.609000000000000596e-02
4.609000000000000596e-02
4.610000000000000209e-02
4.611000000000000515e-02
4.613000000000000433e-02
4.614000000000000046e-02
4.616000000000000658e-02
4.618000000000000577e-02
4.620000000000000495e-02
4.623000000000000720e-02
4.632000000000000700e-02
4.635000000000000231e-02
4.635000000000000231e-02
4.639000000000000068e-02
4.646000000000000130e-02
4.650000000000000661e-02
4.656000000000000416e-02
4.701000000000000317e-02
4.701000000000000317e-02
4.701000000000000317e-02
4.701000000000000317e-02
4.701000000000000317e-02
4.701000000000000317e-02
4.701000000000000317e-02
4.701000000000000317e-02
4.701000000000000317e-02
4.701000000000000317e-02
4.701000000000000317e-02
4.701000000000000317e-02
4.701000000000000317e-02
4.707000000000000073e-02
4.707000000000000073e-02
4.710000000000000298e-02
4.710000000000000298e-02
4.711000000000000604e-02
4.712000000000000216e-02
4.713000000000000522e-02
4.714000000000000135e-02
4.714000000000000135e-02
4.715000000000000441e-02
4.718000000000000665e-02
4.719000000000000278e-02
4.727000000000000646e-02
4.729000000000000564e-02
4.729000000000000564e-02
4.732000000000000095e-02
4.734000000000000707e-02
4.736000000000000626e-02
4.743000000000000688e-02
4.749000000000000443e-02
4.751000000000000362e-02
4.772000000000000547e-02
4.781000000000000527e-02
4.784000000000000058e-02
4.801000000000000406e-02
4.801000000000000406e-02
4.801000000000000406e-02
4.801000000000000406e-02
4.801000000000000406e-02
4.806000000000000549e-02
4.813000000000000611e-02
4.819000000000000367e-02
4.822000000000000591e-02
4.830000000000000265e-02
4.835000000000000409e-02
4.842000000000000470e-02
4.843000000000000083e-02
4.844000000000000389e-02
4.847000000000000614e-02
4.851000000000000451e-02
4.855000000000000288e-02
4.901000000000000495e-02
4.915000000000000618e-02
4.917000000000000537e-02
4.917000000000000537e-02
4.920000000000000068e-02
4.929000000000000742e-02
4.969000000000000500e-02
4.987000000000000460e-02
5.001000000000000584e-02
5.001000000000000584e-02
5.001000000000000584e-02
5.001000000000000584e-02
5.001000000000000584e-02
5.001000000000000584e-02
5.001000000000000584e-02
5.006000000000000727e-02
5.007000000000000339e-02
5.008000000000000645e-02
5.008000000000000645e-02
5.009000000000000258e-02
5.010000000000000564e-02
5.011000000000000176e-02
5.012000000000000483e-02
5.012000000000000483e-02
5.013000000000000095e-02
5.014000000000000401e-02
5.015000000000000707e-02
5.016000000000000320e-02
5.017000000000000626e-02
5.025000000000000300e-02
5.027000000000000218e-02
5.031000000000000749e-02
5.031000000000000749e-02
5.032000000000000361e-02
5.038000000000000117e-02
5.046000000000000485e-02
5.046000000000000485e-02
5.053000000000000547e-02
5.055000000000000465e-02
5.092000000000000692e-02
5.110000000000000653e-02
5.111000000000000265e-02
5.114000000000000490e-02
5.119000000000000633e-02
5.120000000000000245e-02
5.126000000000000695e-02
5.128000000000000613e-02
5.134000000000000369e-02
5.143000000000000349e-02
5.143000000000000349e-02
5.152000000000000329e-02
5.160000000000000697e-02
5.168000000000000371e-02
5.177000000000000351e-02
5.201000000000000761e-02
5.201000000000000761e-02
5.201000000000000761e-02
5.201000000000000761e-02
5.201000000000000761e-02
5.201000000000000761e-02
5.201000000000000761e-02
5.201000000000000761e-02
5.201000000000000761e-02
5.201000000000000761e-02
5.210000000000000742e-02
5.212000000000000660e-02
5.212000000000000660e-02
5.216000000000000497e-02
5.220000000000000334e-02
5.226000000000000090e-02
5.233000000000000151e-02
5.242000000000000132e-02
5.250000000000000500e-02
5.256000000000000255e-02
5.292000000000000176e-02
5.301000000000000156e-02
5.301000000000000156e-02
5.301000000000000156e-02
5.301000000000000156e-02
5.301000000000000156e-02
5.301000000000000156e-02
5.301000000000000156e-02
5.301000000000000156e-02
5.301000000000000156e-02
5.301000000000000156e-02
5.301000000000000156e-02
5.301000000000000156e-02
5.301000000000000156e-02
5.301000000000000156e-02
5.301000000000000156e-02
5.301000000000000156e-02
5.301000000000000156e-02
5.308000000000000218e-02
5.308000000000000218e-02
5.308000000000000218e-02
5.310000000000000137e-02
5.310000000000000137e-02
5.310000000000000137e-02
5.312000000000000749e-02
5.315000000000000280e-02
5.317000000000000198e-02
5.331000000000000322e-02
5.333000000000000240e-02
5.333000000000000240e-02
5.333000000000000240e-02
5.335000000000000159e-02
5.336000000000000465e-02
5.337000000000000771e-02
5.338000000000000383e-02
5.346000000000000751e-02
5.349000000000000282e-02
5.357000000000000650e-02
5.358000000000000262e-02
5.359000000000000569e-02
5.425000000000000655e-02
5.436000000000000554e-02
5.450000000000000677e-02
5.519000000000000294e-02
5.553000000000000297e-02
5.601000000000000423e-02
5.601000000000000423e-02
5.606000000000000566e-02
5.607000000000000178e-02
5.607000000000000178e-02
5.608000000000000485e-02
5.610000000000000403e-02
5.611000000000000709e-02
5.612000000000000322e-02
5.612000000000000322e-02
5.612000000000000322e-02
5.613000000000000628e-02
5.613000000000000628e-02
5.617000000000000465e-02
5.617000000000000465e-02
5.621000000000000302e-02
5.622000000000000608e-02
5.624000000000000526e-02
5.625000000000000139e-02
5.627000000000000751e-02
5.627000000000000751e-02
5.628000000000000363e-02
5.628000000000000363e-02
5.631000000000000588e-02
5.645000000000000712e-02
5.646000000000000324e-02
5.646000000000000324e-02
5.650000000000000161e-02
5.654000000000000692e-02
5.655000000000000304e-02
5.662000000000000366e-02
5.701000000000000512e-02
5.701000000000000512e-02
5.701000000000000512e-02
5.701000000000000512e-02
5.701000000000000512e-02
5.701000000000000512e-02
5.701000000000000512e-02
5.706000000000000655e-02
5.709000000000000186e-02
5.723000000000000309e-02
5.741000000000000270e-02
5.749000000000000637e-02
5.756000000000000699e-02
5.771000000000000435e-02
5.801000000000000600e-02
5.810000000000000581e-02
5.811000000000000193e-02
5.813000000000000805e-02
5.814000000000000418e-02
5.832000000000000378e-02
5.846000000000000502e-02
5.846000000000000502e-02
5.867000000000000687e-02
5.901000000000000689e-02
5.901000000000000689e-02
5.901000000000000689e-02
5.901000000000000689e-02
5.901000000000000689e-02
5.901000000000000689e-02
5.901000000000000689e-02
5.901000000000000689e-02
5.901000000000000689e-02
5.907000000000000445e-02
5.911000000000000282e-02
5.913000000000000200e-02
5.914000000000000506e-02
5.914000000000000506e-02
5.914000000000000506e-02
5.915000000000000813e-02
5.915000000000000813e-02
5.917000000000000731e-02
5.919000000000000650e-02
5.920000000000000262e-02
5.922000000000000181e-02
5.923000000000000487e-02
5.925000000000000405e-02
5.927000000000000324e-02
5.927000000000000324e-02
5.929000000000000242e-02
5.930000000000000548e-02
5.932000000000000467e-02
5.933000000000000773e-02
5.934000000000000385e-02
5.934000000000000385e-02
5.935000000000000692e-02
5.939000000000000529e-02
5.942000000000000753e-02
5.943000000000000366e-02
5.946000000000000590e-02
5.948000000000000509e-02
5.953000000000000652e-02
5.962000000000000632e-02
6.001000000000000778e-02
6.001000000000000778e-02
6.001000000000000778e-02
6.001000000000000778e-02
6.001000000000000778e-02
6.005000000000000615e-02
6.010000000000000758e-02
6.018000000000000432e-02
6.028000000000000719e-02
6.040000000000000230e-02
6.051000000000000822e-02
6.057000000000000578e-02
6.080000000000000682e-02
6.080000000000000682e-02
6.101000000000000173e-02
6.101000000000000173e-02
6.126000000000000195e-02
6.134000000000000563e-02
6.140000000000000319e-02
6.181000000000000383e-02
6.201000000000000262e-02
6.212000000000000854e-02
6.215000000000000385e-02
6.216000000000000691e-02
6.217000000000000304e-02
6.221000000000000835e-02
6.228000000000000203e-02
6.232000000000000733e-02
6.233000000000000346e-02
6.235000000000000264e-02
6.236000000000000570e-02
6.239000000000000795e-02
6.247000000000000469e-02
6.253999999999999837e-02
6.256000000000000449e-02
6.259000000000000674e-02
6.260999999999999899e-02
6.301000000000001044e-02
6.301000000000001044e-02
6.301000000000001044e-02
6.305000000000000882e-02
6.310000000000000331e-02
6.310000000000000331e-02
6.312000000000000943e-02
6.314000000000000168e-02
6.317000000000000393e-02
6.330000000000000904e-02
6.333000000000001128e-02
6.333000000000001128e-02
6.335000000000000353e-02
6.335999999999999965e-02
6.337000000000000965e-02
6.345000000000000639e-02
6.346999999999999864e-02
6.378999999999999948e-02
6.391000000000000847e-02
6.394000000000001072e-02
6.401000000000001133e-02
6.407000000000000195e-02
6.414000000000000257e-02
6.427000000000000768e-02
6.428000000000000380e-02
6.444000000000001116e-02
6.455000000000001015e-02
6.457000000000000239e-02
6.463000000000000689e-02
6.480000000000001037e-02
6.509000000000000896e-02
6.532999999999999918e-02
6.607000000000000373e-02
6.612000000000001210e-02
6.618999999999999884e-02
6.621000000000000496e-02
6.624000000000000721e-02
6.625999999999999945e-02
6.635000000000000620e-02
6.637000000000001232e-02
6.639000000000000457e-02
6.643999999999999906e-02
6.649000000000000743e-02
6.658000000000000029e-02
6.673000000000001153e-02
6.701000000000000012e-02
6.721000000000000585e-02
6.726000000000000034e-02
6.741000000000001158e-02
6.768000000000000405e-02
6.773000000000001242e-02
6.782000000000000528e-02
6.801000000000000101e-02
6.801000000000000101e-02
6.808000000000000163e-02
6.811000000000000387e-02
6.811000000000000387e-02
6.813000000000001000e-02
6.813000000000001000e-02
6.813000000000001000e-02
6.815000000000000224e-02
6.816000000000001224e-02
6.817000000000000837e-02
6.817000000000000837e-02
6.822000000000000286e-02
6.827000000000001123e-02
6.828000000000000735e-02
6.829000000000000348e-02
6.831000000000000960e-02
6.832000000000000572e-02
6.839000000000000634e-02
6.839000000000000634e-02
6.843000000000000471e-02
6.844000000000000083e-02
6.847999999999999921e-02
6.852000000000001145e-02
6.901000000000000190e-02
6.901000000000000190e-02
6.901000000000000190e-02
6.901000000000000190e-02
6.901000000000000190e-02
6.915000000000000313e-02
6.915000000000000313e-02
6.917000000000000925e-02
6.919000000000000150e-02
6.920000000000001150e-02
6.932000000000000661e-02
6.933999999999999886e-02
6.940000000000000335e-02
6.940999999999999948e-02
6.945000000000001172e-02
6.946000000000000785e-02
6.949000000000001009e-02
6.955000000000000071e-02
6.963000000000001133e-02
6.980000000000000093e-02
7.001000000000000278e-02
7.001000000000000278e-02
7.001000000000000278e-02
7.001000000000000278e-02
7.014000000000000790e-02
7.015000000000000402e-02
7.037000000000000199e-02
7.062000000000000222e-02
7.069000000000000283e-02
7.101000000000000367e-02
7.108000000000000429e-02
7.112000000000000266e-02
7.113000000000001266e-02
7.119999999999999940e-02
7.127000000000000002e-02
7.134000000000000064e-02
7.136000000000000676e-02
7.141000000000000125e-02
7.144000000000000350e-02
7.162999999999999923e-02
7.201000000000000456e-02
7.201000000000000456e-02
7.201000000000000456e-02
7.212000000000000355e-02
7.212999999999999967e-02
7.217000000000001192e-02
7.227000000000000091e-02
7.228000000000001091e-02
7.232000000000000928e-02
7.236000000000000765e-02
7.239000000000000989e-02
7.239000000000000989e-02
7.240000000000000602e-02
7.246000000000001051e-02
7.247000000000000663e-02
7.247000000000000663e-02
7.252000000000000113e-02
7.253000000000001113e-02
7.253000000000001113e-02
7.265000000000000624e-02
7.267000000000001236e-02
7.276000000000000523e-02
7.301000000000000545e-02
7.301000000000000545e-02
7.301000000000000545e-02
7.301000000000000545e-02
7.301000000000000545e-02
7.301000000000000545e-02
7.301000000000000545e-02
7.301000000000000545e-02
7.312000000000000444e-02
7.313000000000000056e-02
7.316000000000000281e-02
7.316000000000000281e-02
7.317000000000001281e-02
7.317000000000001281e-02
7.317000000000001281e-02
7.319000000000000505e-02
7.321000000000001118e-02
7.328000000000001180e-02
7.332000000000001017e-02
7.335000000000001241e-02
7.343000000000000915e-02
7.347000000000000752e-02
7.350000000000000977e-02
7.359000000000000263e-02
7.368000000000000937e-02
7.368000000000000937e-02
7.398000000000000409e-02
7.401000000000000634e-02
7.401000000000000634e-02
7.416000000000000369e-02
7.430000000000000493e-02
7.445000000000000229e-02
7.454000000000000903e-02
7.455000000000000515e-02
7.459000000000000352e-02
7.459999999999999964e-02
7.459999999999999964e-02
7.471000000000001251e-02
7.482000000000001150e-02
7.501000000000000723e-02
7.501000000000000723e-02
7.502999999999999947e-02
7.505000000000000560e-02
7.514000000000001234e-02
7.520000000000000295e-02
7.521000000000001295e-02
7.540000000000000868e-02
7.561000000000001053e-02
7.597000000000000974e-02
7.730000000000000759e-02
7.736000000000001209e-02
7.739000000000000046e-02
7.743000000000001271e-02
7.752000000000000557e-02
7.763000000000000456e-02
7.764000000000000068e-02
7.774000000000000354e-02
7.803000000000000214e-02
7.812000000000000888e-02
7.836000000000001298e-02
7.850000000000000033e-02
7.901000000000001078e-02
7.901000000000001078e-02
7.905000000000000915e-02
7.910999999999999976e-02
7.915000000000001201e-02
7.925000000000000100e-02
7.932000000000000162e-02
7.939000000000000223e-02
7.939000000000000223e-02
7.946000000000000285e-02
7.947000000000001285e-02
7.949000000000000510e-02
7.952000000000000735e-02
7.955000000000000959e-02
7.967000000000000470e-02
7.976000000000001144e-02
8.001000000000001167e-02
8.001000000000001167e-02
8.001000000000001167e-02
8.013000000000000678e-02
8.015000000000001290e-02
8.024000000000000576e-02
8.057000000000000273e-02
8.065000000000001334e-02
8.070000000000000784e-02
8.112000000000001154e-02
8.112000000000001154e-02
8.114999999999999991e-02
8.116000000000000991e-02
8.118000000000000216e-02
8.141000000000001013e-02
8.146000000000000463e-02
8.152000000000000912e-02
8.154000000000000137e-02
8.157000000000000361e-02
8.157000000000000361e-02
8.161000000000000199e-02
8.173000000000001097e-02
8.201000000000001344e-02
8.239000000000000490e-02
8.240000000000000102e-02
8.243000000000000327e-02
8.244000000000001327e-02
8.268000000000000349e-02
8.282000000000000473e-02
8.353000000000000702e-02
8.369000000000000050e-02
8.384000000000001174e-02
8.405000000000001359e-02
8.408000000000000196e-02
8.409000000000001196e-02
8.416000000000001258e-02
8.418000000000000482e-02
8.418000000000000482e-02
8.421000000000000707e-02
8.427000000000001156e-02
8.440000000000000280e-02
8.442000000000000892e-02
8.443000000000000504e-02
8.443000000000000504e-02
8.448000000000001342e-02
8.450000000000000566e-02
8.461000000000000465e-02
8.482000000000000650e-02
8.483000000000000262e-02
8.501000000000000223e-02
8.508000000000000285e-02
8.537000000000000144e-02
8.549000000000001043e-02
8.562000000000000166e-02
8.589000000000000801e-02
8.611000000000000598e-02
8.649000000000001132e-02
8.668000000000000704e-02
8.678000000000000991e-02
8.678000000000000991e-02
8.690000000000000502e-02
8.710000000000001075e-02
8.738000000000001322e-02
8.749000000000001220e-02
8.766000000000000181e-02
8.771000000000001018e-02
8.772000000000000630e-02
8.782000000000000917e-02
8.801000000000000489e-02
8.805000000000000326e-02
8.808000000000000551e-02
8.808000000000000551e-02
8.810000000000001164e-02
8.810000000000001164e-02
8.816000000000000225e-02
8.818000000000000838e-02
8.828000000000001124e-02
8.828000000000001124e-02
8.830000000000000349e-02
8.830000000000000349e-02
8.834000000000000186e-02
8.836000000000000798e-02
8.837000000000000410e-02
8.857000000000000983e-02
8.871000000000001107e-02
8.874000000000001331e-02
8.875000000000000944e-02
8.901000000000000578e-02
8.901000000000000578e-02
8.901000000000000578e-02
8.920000000000000151e-02
8.920000000000000151e-02
8.933000000000000662e-02
8.935000000000001275e-02
8.938000000000000111e-02
8.959000000000000297e-02
9.001000000000000667e-02
9.016000000000000403e-02
9.016000000000000403e-02
9.019000000000000627e-02
9.035000000000001363e-02
9.041000000000000425e-02
9.061000000000000998e-02
9.075000000000001121e-02
9.089000000000001245e-02
9.090000000000000857e-02
9.113000000000000267e-02
9.117000000000000104e-02
9.117000000000000104e-02
9.117000000000000104e-02
9.118000000000001104e-02
9.119000000000000716e-02
9.130000000000000615e-02
9.135000000000000064e-02
9.138000000000000289e-02
9.140000000000000902e-02
9.151000000000000800e-02
9.179000000000001047e-02
9.185000000000000109e-02
9.194000000000000783e-02
9.201000000000000845e-02
9.201000000000000845e-02
9.201000000000000845e-02
9.219000000000000805e-02
9.222000000000001030e-02
9.226000000000000867e-02
9.232000000000001316e-02
9.237000000000000766e-02
9.239000000000001378e-02
9.247000000000001052e-02
9.251000000000000889e-02
9.251000000000000889e-02
9.309000000000000608e-02
9.311000000000001220e-02
9.313000000000000445e-02
9.318000000000001282e-02
9.325000000000001343e-02
9.331000000000000405e-02
9.339000000000000079e-02
9.340000000000001079e-02
9.340000000000001079e-02
9.342000000000000304e-02
9.344000000000000916e-02
9.345000000000000528e-02
9.346000000000000141e-02
9.349000000000000365e-02
9.352000000000000590e-02
9.358000000000001040e-02
9.360000000000000264e-02
9.363000000000000489e-02
9.381000000000000449e-02
9.401000000000001022e-02
9.401000000000001022e-02
9.404000000000001247e-02
9.407000000000000084e-02
9.414000000000000146e-02
9.415000000000001146e-02
9.415000000000001146e-02
9.416000000000000758e-02
9.421000000000000207e-02
9.426000000000001044e-02
9.429000000000001269e-02
9.432000000000000106e-02
9.435000000000000331e-02
9.446000000000000230e-02
9.447000000000001230e-02
9.451000000000001067e-02
9.458000000000001128e-02
9.466000000000000802e-02
9.467000000000000415e-02
9.491000000000000825e-02
9.506000000000000560e-02
9.580000000000001015e-02
9.615000000000001323e-02
9.621000000000000385e-02
9.622000000000001385e-02
9.649000000000000632e-02
9.662000000000001143e-02
9.679000000000000103e-02
9.701000000000001289e-02
9.733000000000001373e-02
9.738000000000000822e-02
9.749000000000000721e-02
9.753000000000000558e-02
9.757000000000000395e-02
9.790000000000001479e-02
9.813000000000000889e-02
9.818000000000000338e-02
9.835000000000000686e-02
9.843000000000000360e-02
9.847000000000000197e-02
9.865000000000000158e-02
9.873000000000001219e-02
9.896000000000000629e-02
9.901000000000001466e-02
9.901000000000001466e-02
9.901000000000001466e-02
9.906000000000000916e-02
9.915000000000000202e-02
9.922000000000000264e-02
9.923000000000001264e-02
9.934000000000001163e-02
9.939000000000000612e-02
9.943000000000000449e-02
9.943000000000000449e-02
9.946000000000000674e-02
9.950000000000000511e-02
9.952000000000001123e-02
9.953000000000000735e-02
9.954000000000000348e-02
9.958000000000000185e-02
9.960000000000000797e-02
9.982000000000000595e-02
9.994000000000001493e-02
1.003300000000000025e-01
1.003600000000000048e-01
1.004500000000000115e-01
1.022300000000000014e-01
1.024100000000000149e-01
1.028400000000000147e-01
1.030100000000000043e-01
1.030100000000000043e-01
1.030100000000000043e-01
1.030800000000000050e-01
1.030800000000000050e-01
1.030800000000000050e-01
1.031000000000000111e-01
1.031000000000000111e-01
1.031200000000000033e-01
1.031300000000000133e-01
1.031400000000000095e-01
1.031600000000000017e-01
1.031700000000000117e-01
1.031800000000000078e-01
1.032000000000000139e-01
1.032200000000000062e-01
1.032400000000000123e-01
1.032500000000000084e-01
1.032700000000000146e-01
1.032700000000000146e-01
1.033100000000000129e-01
1.033300000000000052e-01
1.033300000000000052e-01
1.033400000000000152e-01
1.033400000000000152e-01
1.033500000000000113e-01
1.033500000000000113e-01
1.039400000000000046e-01
1.040100000000000052e-01
1.043000000000000038e-01
1.043600000000000083e-01
1.043800000000000144e-01
1.061000000000000137e-01
1.063200000000000117e-01
1.064400000000000068e-01
1.065300000000000136e-01
1.065500000000000058e-01
1.066400000000000126e-01
1.070100000000000079e-01
1.070100000000000079e-01
1.071800000000000114e-01
1.072200000000000097e-01
1.072300000000000059e-01
1.074600000000000138e-01
1.075600000000000028e-01
1.077100000000000141e-01
1.077500000000000124e-01
1.078400000000000053e-01
1.078800000000000037e-01
1.080200000000000049e-01
1.081100000000000116e-01
1.081100000000000116e-01
1.083500000000000157e-01
1.083600000000000119e-01
1.083800000000000041e-01
1.083800000000000041e-01
1.083900000000000141e-01
1.084000000000000102e-01
1.085100000000000092e-01
1.085100000000000092e-01
1.085300000000000153e-01
1.087200000000000111e-01
1.087700000000000056e-01
1.087700000000000056e-01
1.091000000000000025e-01
1.094000000000000111e-01
1.100700000000000151e-01
1.100700000000000151e-01
1.101600000000000079e-01
1.101600000000000079e-01
1.101800000000000140e-01
1.101800000000000140e-01
1.102900000000000130e-01
1.104400000000000104e-01
1.104400000000000104e-01
1.104700000000000126e-01
1.104800000000000088e-01
1.105600000000000055e-01
1.107300000000000090e-01
1.107800000000000035e-01
1.110100000000000114e-01
1.110100000000000114e-01
1.110100000000000114e-01
1.110100000000000114e-01
1.110100000000000114e-01
1.110100000000000114e-01
1.110100000000000114e-01
1.110100000000000114e-01
1.111200000000000104e-01
1.111300000000000066e-01
1.111400000000000027e-01
1.111600000000000088e-01
1.111700000000000049e-01
1.111800000000000149e-01
1.111900000000000110e-01
1.113700000000000107e-01
1.113800000000000068e-01
1.114100000000000090e-01
1.115200000000000080e-01
1.115700000000000025e-01
1.115800000000000125e-01
1.115900000000000086e-01
1.116400000000000031e-01
1.117900000000000144e-01
1.118000000000000105e-01
1.130500000000000116e-01
1.131600000000000106e-01
1.131800000000000028e-01
1.132100000000000051e-01
1.132400000000000073e-01
1.133600000000000024e-01
1.133600000000000024e-01
1.134100000000000108e-01
1.134500000000000092e-01
1.135200000000000098e-01
1.135400000000000159e-01
1.136100000000000027e-01
1.137600000000000139e-01
1.141500000000000153e-01
1.142000000000000098e-01
1.147100000000000064e-01
1.147900000000000031e-01
1.151500000000000162e-01
1.153900000000000065e-01
1.154700000000000032e-01
1.155900000000000122e-01
1.156000000000000083e-01
1.157500000000000057e-01
1.158000000000000140e-01
1.158000000000000140e-01
1.160200000000000120e-01
1.161400000000000071e-01
1.163800000000000112e-01
1.171800000000000064e-01
1.172100000000000086e-01
1.174600000000000088e-01
1.175000000000000072e-01
1.175600000000000117e-01
1.176200000000000162e-01
1.176300000000000123e-01
1.176600000000000146e-01
1.176700000000000107e-01
1.178500000000000103e-01
1.180100000000000038e-01
1.182100000000000095e-01
1.183500000000000107e-01
1.184800000000000159e-01
1.185100000000000042e-01
1.190100000000000047e-01
1.190100000000000047e-01
1.191600000000000159e-01
1.194000000000000061e-01
1.197000000000000147e-01
1.197000000000000147e-01
1.199500000000000149e-01
1.200100000000000056e-01
1.203800000000000148e-01
1.205400000000000083e-01
1.205400000000000083e-01
1.207600000000000062e-01
1.210900000000000032e-01
1.215700000000000114e-01
1.215900000000000036e-01
1.230400000000000105e-01
1.233100000000000168e-01
1.233500000000000152e-01
1.238200000000000134e-01
1.240100000000000091e-01
1.240100000000000091e-01
1.240400000000000114e-01
1.240500000000000075e-01
1.240800000000000097e-01
1.241300000000000042e-01
1.241300000000000042e-01
1.241600000000000065e-01
1.241900000000000087e-01
1.243800000000000044e-01
1.245100000000000096e-01
1.245300000000000157e-01
1.245600000000000041e-01
1.245900000000000063e-01
1.247000000000000053e-01
1.248000000000000081e-01
1.248800000000000049e-01
1.250100000000000100e-01
1.250100000000000100e-01
1.250100000000000100e-01
1.250400000000000122e-01
1.251099999999999990e-01
1.251400000000000012e-01
1.251900000000000235e-01
1.251900000000000235e-01
1.252000000000000057e-01
1.253599999999999992e-01
1.253700000000000092e-01
1.259400000000000241e-01
1.260100000000000109e-01
1.260100000000000109e-01
1.260100000000000109e-01
1.260600000000000054e-01
1.260600000000000054e-01
1.261200000000000099e-01
1.261300000000000199e-01
1.261500000000000121e-01
1.261600000000000221e-01
1.262500000000000011e-01
1.262500000000000011e-01
1.262800000000000034e-01
1.263000000000000234e-01
1.263900000000000023e-01
1.264000000000000123e-01
1.265100000000000113e-01
1.265799999999999981e-01
1.266100000000000003e-01
1.267900000000000138e-01
1.271000000000000185e-01
1.271899999999999975e-01
1.294500000000000095e-01
1.295100000000000140e-01
1.307900000000000174e-01
1.332800000000000096e-01
1.333400000000000141e-01
1.333900000000000086e-01
1.335700000000000220e-01
1.340100000000000180e-01
1.342200000000000060e-01
1.342500000000000082e-01
1.342700000000000005e-01
1.342900000000000205e-01
1.343900000000000095e-01
1.344500000000000139e-01
1.345100000000000184e-01
1.347000000000000142e-01
1.347300000000000164e-01
1.349600000000000244e-01
1.353100000000000136e-01
1.374599999999999989e-01
1.381500000000000228e-01
1.382099999999999995e-01
1.390100000000000224e-01
1.390800000000000092e-01
1.390900000000000192e-01
1.391100000000000114e-01
1.391300000000000037e-01
1.391300000000000037e-01
1.391700000000000159e-01
1.391900000000000082e-01
1.392300000000000204e-01
1.392400000000000027e-01
1.392600000000000227e-01
1.392600000000000227e-01
1.392800000000000149e-01
1.392800000000000149e-01
1.393100000000000172e-01
1.393100000000000172e-01
1.394299999999999984e-01
1.394800000000000206e-01
1.395100000000000229e-01
1.395100000000000229e-01
1.395699999999999996e-01
1.396100000000000119e-01
1.396500000000000241e-01
1.397300000000000209e-01
1.398000000000000076e-01
1.400200000000000056e-01
1.401700000000000168e-01
1.406400000000000150e-01
1.412700000000000067e-01
1.423300000000000121e-01
1.424600000000000033e-01
1.424700000000000133e-01
1.425700000000000023e-01
1.427400000000000058e-01
1.428800000000000070e-01
1.429400000000000115e-01
1.430800000000000127e-01
1.431200000000000250e-01
1.431300000000000072e-01
1.431300000000000072e-01
1.432900000000000007e-01
1.433300000000000129e-01
1.433400000000000230e-01
1.433500000000000052e-01
1.433800000000000074e-01
1.435500000000000109e-01
1.436800000000000022e-01
1.437800000000000189e-01
1.439400000000000124e-01
1.442400000000000071e-01
1.454100000000000115e-01
1.454600000000000060e-01
1.455500000000000127e-01
1.468200000000000061e-01
1.472100000000000075e-01
1.475200000000000122e-01
1.476200000000000012e-01
1.477800000000000225e-01
1.478399999999999992e-01
1.478700000000000014e-01
1.479800000000000004e-01
1.480300000000000227e-01
1.484499999999999986e-01
1.491500000000000048e-01
1.491800000000000070e-01
1.497400000000000120e-01
1.500100000000000044e-01
1.505599999999999994e-01
1.531200000000000061e-01
1.531200000000000061e-01
1.531500000000000083e-01
1.532000000000000028e-01
1.532000000000000028e-01
1.532500000000000251e-01
1.532700000000000173e-01
1.534100000000000186e-01
1.534300000000000108e-01
1.535400000000000098e-01
1.536000000000000143e-01
1.537400000000000155e-01
1.538000000000000200e-01
1.539000000000000090e-01
1.542400000000000160e-01
1.548100000000000032e-01
1.627000000000000113e-01
1.710400000000000253e-01
1.720100000000000240e-01
1.720100000000000240e-01
1.720600000000000185e-01
1.721000000000000030e-01
1.721100000000000130e-01
1.721700000000000175e-01
1.722000000000000197e-01
1.722100000000000020e-01
1.722300000000000220e-01
1.722500000000000142e-01
1.722600000000000242e-01
1.723000000000000087e-01
1.723000000000000087e-01
1.723000000000000087e-01
1.723100000000000187e-01
1.723200000000000010e-01
1.723200000000000010e-01
1.724600000000000022e-01
1.725300000000000167e-01
1.727900000000000269e-01
1.728000000000000091e-01
1.728000000000000091e-01
1.730100000000000249e-01
1.730100000000000249e-01
1.730400000000000271e-01
1.731900000000000106e-01
1.731900000000000106e-01
1.732000000000000206e-01
1.732100000000000029e-01
1.732400000000000051e-01
1.732500000000000151e-01
1.732600000000000251e-01
1.733500000000000041e-01
1.733500000000000041e-01
1.733600000000000141e-01
1.733700000000000241e-01
1.734000000000000263e-01
1.740800000000000125e-01
1.740800000000000125e-01
1.740800000000000125e-01
1.746800000000000019e-01
1.821100000000000219e-01
1.821800000000000086e-01
1.823700000000000043e-01
1.826000000000000123e-01
1.841400000000000259e-01
1.842300000000000049e-01
1.845800000000000218e-01
1.846000000000000141e-01
1.846100000000000241e-01
1.846300000000000163e-01
1.846800000000000108e-01
1.847800000000000276e-01
1.847900000000000098e-01
1.848600000000000243e-01
1.848700000000000065e-01
1.852100000000000135e-01
1.854700000000000237e-01
