-4.579306189415532913e-02
-5.088667036821803435e-02
-6.107388731634344481e-02
-5.343347460524938697e-02
-5.088667036821803435e-02
-4.579306189415532913e-02
-4.579306189415532913e-02
-5.088667036821803435e-02
-5.343347460524938697e-02
-5.852708307931209220e-02
-5.852708307931209220e-02
-5.343347460524938697e-02
-5.088667036821803435e-02
-4.833986613118668174e-02
-5.343347460524938697e-02
-5.343347460524938697e-02
-5.852708307931209220e-02
-5.852708307931209220e-02
-5.343347460524938697e-02
-5.088667036821803435e-02
-4.579306189415532913e-02
-4.833986613118668174e-02
-5.088667036821803435e-02
-5.852708307931209220e-02
-6.107388731634344481e-02
-5.088667036821803435e-02
-5.088667036821803435e-02
-4.579306189415532913e-02
-5.343347460524938697e-02
-5.343347460524938697e-02
-6.107388731634344481e-02
-6.107388731634344481e-02
-5.343347460524938697e-02
-5.343347460524938697e-02
-4.579306189415532913e-02
-4.833986613118668174e-02
-5.343347460524938697e-02
-6.107388731634344481e-02
-5.852708307931209220e-02
-5.343347460524938697e-02
-5.088667036821803435e-02
-4.579306189415532913e-02
-5.088667036821803435e-02
-5.343347460524938697e-02
-5.343347460524938697e-02
-6.107388731634344481e-02
-6.107388731634344481e-02
-5.088667036821803435e-02
-5.088667036821803435e-02
-4.579306189415532913e-02
-4.579306189415532913e-02
-5.343347460524938697e-02
-5.343347460524938697e-02
-5.852708307931209220e-02
-5.088667036821803435e-02
-5.088667036821803435e-02
-4.579306189415532913e-02
-4.833986613118668174e-02
-5.343347460524938697e-02
-6.107388731634344481e-02
-5.343347460524938697e-02
-6.107388731634344481e-02
-5.343347460524938697e-02
-5.343347460524938697e-02
-4.579306189415532913e-02
-4.579306189415532913e-02
-5.343347460524938697e-02
-5.852708307931209220e-02
-5.598027884228073958e-02
-5.088667036821803435e-02
-5.088667036821803435e-02
-4.833986613118668174e-02
-4.579306189415532913e-02
-5.343347460524938697e-02
-6.107388731634344481e-02
-5.852708307931209220e-02
-5.852708307931209220e-02
-5.088667036821803435e-02
-5.343347460524938697e-02
-4.579306189415532913e-02
-4.579306189415532913e-02
-5.343347460524938697e-02
-5.343347460524938697e-02
-5.852708307931209220e-02
-5.088667036821803435e-02
-5.343347460524938697e-02
-4.579306189415532913e-02
-4.579306189415532913e-02
-5.088667036821803435e-02
-5.343347460524938697e-02
-5.852708307931209220e-02
-5.852708307931209220e-02
-5.088667036821803435e-02
-4.579306189415532913e-02
-4.833986613118668174e-02
-5.088667036821803435e-02
-5.343347460524938697e-02
-6.107388731634344481e-02
-5.088667036821803435e-02
-5.343347460524938697e-02
-4.579306189415532913e-02
-5.343347460524938697e-02
-5.088667036821803435e-02
-5.598027884228073958e-02
-6.107388731634344481e-02
-6.107388731634344481e-02
-5.088667036821803435e-02
-5.343347460524938697e-02
-4.833986613118668174e-02
-4.833986613118668174e-02
-5.343347460524938697e-02
-5.852708307931209220e-02
-5.852708307931209220e-02
-5.343347460524938697e-02
-5.343347460524938697e-02
-4.579306189415532913e-02
-4.833986613118668174e-02
-5.088667036821803435e-02
-5.343347460524938697e-02
-6.107388731634344481e-02
-5.088667036821803435e-02
-5.343347460524938697e-02
-4.579306189415532913e-02
-4.579306189415532913e-02
-5.343347460524938697e-02
-5.343347460524938697e-02
-5.852708307931209220e-02
-5.343347460524938697e-02
-5.088667036821803435e-02
-4.579306189415532913e-02
-5.343347460524938697e-02
-5.088667036821803435e-02
-5.852708307931209220e-02
-5.343347460524938697e-02
-5.088667036821803435e-02
-4.579306189415532913e-02
-4.833986613118668174e-02
-5.343347460524938697e-02
-5.088667036821803435e-02
-5.852708307931209220e-02
-5.852708307931209220e-02
-5.343347460524938697e-02
-5.343347460524938697e-02
-4.324625765712397651e-02
-5.598027884228073958e-02
-5.088667036821803435e-02
-5.852708307931209220e-02
-5.852708307931209220e-02
-5.852708307931209220e-02
-5.088667036821803435e-02
-4.833986613118668174e-02
-4.579306189415532913e-02
-5.343347460524938697e-02
-5.343347460524938697e-02
-6.107388731634344481e-02
-5.852708307931209220e-02
-5.343347460524938697e-02
-5.088667036821803435e-02
-4.833986613118668174e-02
-4.579306189415532913e-02
-5.343347460524938697e-02
-5.343347460524938697e-02
-6.107388731634344481e-02
-6.107388731634344481e-02
-5.088667036821803435e-02
-5.343347460524938697e-02
-4.833986613118668174e-02
-5.343347460524938697e-02
-5.088667036821803435e-02
-6.107388731634344481e-02
-5.852708307931209220e-02
-5.343347460524938697e-02
-5.088667036821803435e-02
-4.833986613118668174e-02
-5.343347460524938697e-02
-5.088667036821803435e-02
-5.343347460524938697e-02
-5.852708307931209220e-02
-5.852708307931209220e-02
-5.343347460524938697e-02
-5.088667036821803435e-02
-4.579306189415532913e-02
-4.833986613118668174e-02
-5.088667036821803435e-02
-5.343347460524938697e-02
-5.598027884228073958e-02
-6.107388731634344481e-02
-5.088667036821803435e-02
-5.598027884228073958e-02
-4.579306189415532913e-02
-5.343347460524938697e-02
-5.088667036821803435e-02
-5.852708307931209220e-02
-5.852708307931209220e-02
-5.343347460524938697e-02
-5.343347460524938697e-02
-4.579306189415532913e-02
-4.579306189415532913e-02
-5.343347460524938697e-02
-5.343347460524938697e-02
-6.107388731634344481e-02
-5.343347460524938697e-02
-5.088667036821803435e-02
-4.579306189415532913e-02
-4.579306189415532913e-02
-5.343347460524938697e-02
-5.343347460524938697e-02
-5.852708307931209220e-02
-6.107388731634344481e-02
-5.343347460524938697e-02
-4.579306189415532913e-02
-4.833986613118668174e-02
-5.343347460524938697e-02
-5.343347460524938697e-02
-5.852708307931209220e-02
-5.598027884228073958e-02
-5.343347460524938697e-02
-5.343347460524938697e-02
-4.833986613118668174e-02
-4.833986613118668174e-02
-5.343347460524938697e-02
-5.852708307931209220e-02
-5.852708307931209220e-02
-5.598027884228073958e-02
-5.088667036821803435e-02
-4.579306189415532913e-02
-4.579306189415532913e-02
-5.343347460524938697e-02
-5.343347460524938697e-02
-5.852708307931209220e-02
-5.343347460524938697e-02
-5.343347460524938697e-02
-4.579306189415532913e-02
-4.579306189415532913e-02
-5.598027884228073958e-02
-5.343347460524938697e-02
-6.107388731634344481e-02
-5.852708307931209220e-02
-5.343347460524938697e-02
-5.088667036821803435e-02
-4.579306189415532913e-02
-4.579306189415532913e-02
-5.343347460524938697e-02
-6.107388731634344481e-02
-6.107388731634344481e-02
-5.598027884228073958e-02
-5.343347460524938697e-02
-4.579306189415532913e-02
-4.579306189415532913e-02
-5.343347460524938697e-02
-5.088667036821803435e-02
-5.852708307931209220e-02
-5.852708307931209220e-02
-5.343347460524938697e-02
-5.088667036821803435e-02
-4.579306189415532913e-02
-5.343347460524938697e-02
-5.088667036821803435e-02
-6.107388731634344481e-02
-5.852708307931209220e-02
-5.088667036821803435e-02
-5.088667036821803435e-02
-4.833986613118668174e-02
-4.833986613118668174e-02
-5.088667036821803435e-02
-5.088667036821803435e-02
-5.852708307931209220e-02
-6.107388731634344481e-02
-5.343347460524938697e-02
-5.343347460524938697e-02
-4.579306189415532913e-02
-5.088667036821803435e-02
-5.088667036821803435e-02
-5.343347460524938697e-02
-5.852708307931209220e-02
-5.343347460524938697e-02
-5.343347460524938697e-02
-4.579306189415532913e-02
-4.833986613118668174e-02
-5.088667036821803435e-02
-5.852708307931209220e-02
-6.107388731634344481e-02
-5.343347460524938697e-02
-5.343347460524938697e-02
-4.833986613118668174e-02
-5.343347460524938697e-02
-5.343347460524938697e-02
-5.088667036821803435e-02
-5.852708307931209220e-02
-5.088667036821803435e-02
-5.343347460524938697e-02
-4.833986613118668174e-02
-4.833986613118668174e-02
-5.343347460524938697e-02
-5.852708307931209220e-02
-5.852708307931209220e-02
-6.107388731634344481e-02
-5.088667036821803435e-02
-5.343347460524938697e-02
-4.833986613118668174e-02
-5.343347460524938697e-02
-5.343347460524938697e-02
-5.852708307931209220e-02
-5.852708307931209220e-02
-5.343347460524938697e-02
-5.598027884228073958e-02
-4.833986613118668174e-02
-4.579306189415532913e-02
-5.343347460524938697e-02
-5.343347460524938697e-02
-5.852708307931209220e-02
-5.343347460524938697e-02
-5.343347460524938697e-02
-4.579306189415532913e-02
-5.088667036821803435e-02
-5.088667036821803435e-02
-5.088667036821803435e-02
-5.852708307931209220e-02
-5.852708307931209220e-02
-5.343347460524938697e-02
-5.088667036821803435e-02
-4.833986613118668174e-02
-4.833986613118668174e-02
-5.343347460524938697e-02
-5.852708307931209220e-02
-6.107388731634344481e-02
-5.343347460524938697e-02
-4.579306189415532913e-02
-4.579306189415532913e-02
-5.343347460524938697e-02
-5.343347460524938697e-02
-6.107388731634344481e-02
-6.107388731634344481e-02
-5.088667036821803435e-02
-5.088667036821803435e-02
-4.833986613118668174e-02
-4.579306189415532913e-02
-5.088667036821803435e-02
-6.107388731634344481e-02
-5.598027884228073958e-02
-5.598027884228073958e-02
-5.343347460524938697e-02
-5.088667036821803435e-02
-4.579306189415532913e-02
-5.088667036821803435e-02
-5.598027884228073958e-02
-5.852708307931209220e-02
-5.852708307931209220e-02
-5.088667036821803435e-02
-5.343347460524938697e-02
-4.579306189415532913e-02
-5.343347460524938697e-02
-5.343347460524938697e-02
-6.107388731634344481e-02
-5.852708307931209220e-02
-5.598027884228073958e-02
-5.343347460524938697e-02
-5.088667036821803435e-02
-4.579306189415532913e-02
-5.343347460524938697e-02
-5.852708307931209220e-02
-5.852708307931209220e-02
-5.598027884228073958e-02
-5.343347460524938697e-02
-5.088667036821803435e-02
-4.579306189415532913e-02
-4.833986613118668174e-02
-5.343347460524938697e-02
-5.343347460524938697e-02
-5.852708307931209220e-02
-5.088667036821803435e-02
-5.343347460524938697e-02
-4.833986613118668174e-02
-5.088667036821803435e-02
-5.088667036821803435e-02
-6.107388731634344481e-02
-6.107388731634344481e-02
-5.852708307931209220e-02
-5.088667036821803435e-02
-4.579306189415532913e-02
-4.579306189415532913e-02
-5.088667036821803435e-02
-5.088667036821803435e-02
-5.852708307931209220e-02
-5.852708307931209220e-02
-5.343347460524938697e-02
-5.343347460524938697e-02
-4.579306189415532913e-02
-5.088667036821803435e-02
-5.088667036821803435e-02
-5.088667036821803435e-02
-5.852708307931209220e-02
-6.107388731634344481e-02
-5.343347460524938697e-02
-4.579306189415532913e-02
-4.579306189415532913e-02
-5.343347460524938697e-02
-5.852708307931209220e-02
-6.107388731634344481e-02
-6.107388731634344481e-02
-5.343347460524938697e-02
-5.343347460524938697e-02
-4.579306189415532913e-02
-4.579306189415532913e-02
-5.343347460524938697e-02
-5.088667036821803435e-02
-6.107388731634344481e-02
-6.107388731634344481e-02
-5.343347460524938697e-02
-4.833986613118668174e-02
-4.833986613118668174e-02
-5.088667036821803435e-02
-5.343347460524938697e-02
-5.598027884228073958e-02
-6.107388731634344481e-02
-5.343347460524938697e-02
-5.088667036821803435e-02
-4.833986613118668174e-02
-5.343347460524938697e-02
-5.088667036821803435e-02
-5.343347460524938697e-02
-5.852708307931209220e-02
-5.852708307931209220e-02
-5.088667036821803435e-02
-5.598027884228073958e-02
-4.579306189415532913e-02
-5.343347460524938697e-02
-5.343347460524938697e-02
-5.852708307931209220e-02
-5.852708307931209220e-02
-5.088667036821803435e-02
-5.343347460524938697e-02
-4.579306189415532913e-02
-4.833986613118668174e-02
-5.343347460524938697e-02
-5.343347460524938697e-02
-5.852708307931209220e-02
-5.343347460524938697e-02
-5.343347460524938697e-02
-4.833986613118668174e-02
-5.088667036821803435e-02
-5.343347460524938697e-02
-6.107388731634344481e-02
-6.107388731634344481e-02
-5.343347460524938697e-02
-5.343347460524938697e-02
-4.833986613118668174e-02
-5.343347460524938697e-02
-5.088667036821803435e-02
-5.343347460524938697e-02
-5.343347460524938697e-02
-5.852708307931209220e-02
-5.343347460524938697e-02
-5.343347460524938697e-02
-4.579306189415532913e-02
-4.579306189415532913e-02
-5.343347460524938697e-02
-5.343347460524938697e-02
-5.852708307931209220e-02
-5.852708307931209220e-02
-5.088667036821803435e-02
-5.343347460524938697e-02
-4.833986613118668174e-02
-5.343347460524938697e-02
-5.343347460524938697e-02
-5.852708307931209220e-02
-6.107388731634344481e-02
-5.343347460524938697e-02
-5.343347460524938697e-02
-4.579306189415532913e-02
-4.833986613118668174e-02
-5.343347460524938697e-02
-5.852708307931209220e-02
-5.852708307931209220e-02
-5.343347460524938697e-02
-5.343347460524938697e-02
-4.833986613118668174e-02
-4.833986613118668174e-02
-5.088667036821803435e-02
-5.343347460524938697e-02
-6.107388731634344481e-02
-5.343347460524938697e-02
-5.343347460524938697e-02
-4.579306189415532913e-02
-4.579306189415532913e-02
-5.088667036821803435e-02
-5.343347460524938697e-02
-5.852708307931209220e-02
-5.852708307931209220e-02
-5.598027884228073958e-02
-5.088667036821803435e-02
-4.833986613118668174e-02
-5.088667036821803435e-02
-5.343347460524938697e-02
-5.852708307931209220e-02
-5.852708307931209220e-02
-5.343347460524938697e-02
-5.343347460524938697e-02
-4.833986613118668174e-02
-5.598027884228073958e-02
-5.598027884228073958e-02
-5.852708307931209220e-02
-5.852708307931209220e-02
-5.343347460524938697e-02
-5.343347460524938697e-02
-4.579306189415532913e-02
-5.598027884228073958e-02
-5.343347460524938697e-02
-5.852708307931209220e-02
-5.852708307931209220e-02
-5.343347460524938697e-02
-5.343347460524938697e-02
-4.579306189415532913e-02
-5.088667036821803435e-02
-5.343347460524938697e-02
-6.107388731634344481e-02
-5.852708307931209220e-02
-5.343347460524938697e-02
-4.579306189415532913e-02
-4.579306189415532913e-02
-4.833986613118668174e-02
-5.343347460524938697e-02
-5.343347460524938697e-02
-5.852708307931209220e-02
-5.852708307931209220e-02
-5.343347460524938697e-02
-5.343347460524938697e-02
-4.579306189415532913e-02
-5.088667036821803435e-02
-5.343347460524938697e-02
-5.852708307931209220e-02
-6.107388731634344481e-02
-5.088667036821803435e-02
-5.343347460524938697e-02
-4.579306189415532913e-02
-4.833986613118668174e-02
-5.343347460524938697e-02
-5.343347460524938697e-02
-5.852708307931209220e-02
-5.852708307931209220e-02
-5.343347460524938697e-02
-4.579306189415532913e-02
-4.833986613118668174e-02
-5.343347460524938697e-02
-6.107388731634344481e-02
-5.852708307931209220e-02
-5.343347460524938697e-02
-5.088667036821803435e-02
-5.088667036821803435e-02
-4.833986613118668174e-02
-5.343347460524938697e-02
-5.088667036821803435e-02
-5.852708307931209220e-02
-5.852708307931209220e-02
-5.343347460524938697e-02
-5.343347460524938697e-02
-4.579306189415532913e-02
-5.088667036821803435e-02
-5.343347460524938697e-02
-6.107388731634344481e-02
-5.852708307931209220e-02
-5.852708307931209220e-02
-5.598027884228073958e-02
-5.343347460524938697e-02
-4.833986613118668174e-02
-5.088667036821803435e-02
-5.343347460524938697e-02
-5.343347460524938697e-02
-5.852708307931209220e-02
-5.852708307931209220e-02
-5.343347460524938697e-02
-4.579306189415532913e-02
-4.833986613118668174e-02
-5.088667036821803435e-02
-5.343347460524938697e-02
-6.107388731634344481e-02
-5.852708307931209220e-02
-5.598027884228073958e-02
-5.343347460524938697e-02
-4.833986613118668174e-02
-4.579306189415532913e-02
-5.343347460524938697e-02
-5.343347460524938697e-02
-6.107388731634344481e-02
-5.088667036821803435e-02
-5.088667036821803435e-02
-4.833986613118668174e-02
-4.579306189415532913e-02
-5.343347460524938697e-02
-5.343347460524938697e-02
-6.107388731634344481e-02
-5.852708307931209220e-02
-5.343347460524938697e-02
-5.088667036821803435e-02
-4.579306189415532913e-02
-5.343347460524938697e-02
-5.852708307931209220e-02
-6.107388731634344481e-02
-5.852708307931209220e-02
-5.343347460524938697e-02
-4.579306189415532913e-02
-4.579306189415532913e-02
-5.088667036821803435e-02
-5.343347460524938697e-02
-5.852708307931209220e-02
-5.343347460524938697e-02
-5.088667036821803435e-02
-5.343347460524938697e-02
-4.579306189415532913e-02
-5.343347460524938697e-02
-5.343347460524938697e-02
-5.598027884228073958e-02
-5.343347460524938697e-02
-5.088667036821803435e-02
-4.579306189415532913e-02
-4.579306189415532913e-02
-5.343347460524938697e-02
-5.343347460524938697e-02
-5.088667036821803435e-02
-6.107388731634344481e-02
-5.852708307931209220e-02
-5.088667036821803435e-02
-5.343347460524938697e-02
-4.579306189415532913e-02
-5.343347460524938697e-02
-6.107388731634344481e-02
-5.852708307931209220e-02
-5.088667036821803435e-02
-5.343347460524938697e-02
-5.088667036821803435e-02
-5.088667036821803435e-02
-5.343347460524938697e-02
-5.852708307931209220e-02
-6.107388731634344481e-02
-5.343347460524938697e-02
-5.343347460524938697e-02
-4.579306189415532913e-02
-4.833986613118668174e-02
-5.343347460524938697e-02
-6.107388731634344481e-02
-6.107388731634344481e-02
-5.343347460524938697e-02
-5.343347460524938697e-02
-5.343347460524938697e-02
-4.579306189415532913e-02
-4.833986613118668174e-02
-5.088667036821803435e-02
-6.107388731634344481e-02
-5.852708307931209220e-02
-5.343347460524938697e-02
-5.343347460524938697e-02
-4.833986613118668174e-02
-4.833986613118668174e-02
-5.088667036821803435e-02
-5.088667036821803435e-02
-5.852708307931209220e-02
-5.598027884228073958e-02
-5.343347460524938697e-02
-4.833986613118668174e-02
-5.343347460524938697e-02
-5.343347460524938697e-02
-5.343347460524938697e-02
-5.852708307931209220e-02
-5.852708307931209220e-02
-5.343347460524938697e-02
-5.088667036821803435e-02
-4.833986613118668174e-02
-4.833986613118668174e-02
-5.343347460524938697e-02
-5.343347460524938697e-02
-5.852708307931209220e-02
-5.343347460524938697e-02
-5.343347460524938697e-02
-4.833986613118668174e-02
-5.088667036821803435e-02
-5.343347460524938697e-02
-5.852708307931209220e-02
-6.107388731634344481e-02
-5.088667036821803435e-02
-5.343347460524938697e-02
-4.833986613118668174e-02
-5.088667036821803435e-02
-5.088667036821803435e-02
-5.343347460524938697e-02
-5.852708307931209220e-02
-5.088667036821803435e-02
-5.343347460524938697e-02
-4.833986613118668174e-02
-4.579306189415532913e-02
-4.833986613118668174e-02
-5.343347460524938697e-02
-5.343347460524938697e-02
-6.107388731634344481e-02
-5.852708307931209220e-02
-5.343347460524938697e-02
-5.343347460524938697e-02
-4.833986613118668174e-02
-5.088667036821803435e-02
-5.343347460524938697e-02
-5.852708307931209220e-02
-5.852708307931209220e-02
-5.343347460524938697e-02
-5.088667036821803435e-02
-4.833986613118668174e-02
-4.833986613118668174e-02
-5.343347460524938697e-02
-5.852708307931209220e-02
-5.852708307931209220e-02
-5.343347460524938697e-02
-4.579306189415532913e-02
-4.579306189415532913e-02
-5.088667036821803435e-02
-5.343347460524938697e-02
-6.107388731634344481e-02
-5.852708307931209220e-02
-5.088667036821803435e-02
-4.833986613118668174e-02
-4.833986613118668174e-02
-5.343347460524938697e-02
-5.088667036821803435e-02
-5.343347460524938697e-02
-6.107388731634344481e-02
-5.852708307931209220e-02
-5.088667036821803435e-02
-5.343347460524938697e-02
-4.833986613118668174e-02
-4.833986613118668174e-02
-5.343347460524938697e-02
-5.088667036821803435e-02
-5.852708307931209220e-02
-6.107388731634344481e-02
-5.598027884228073958e-02
-5.343347460524938697e-02
-4.833986613118668174e-02
-5.343347460524938697e-02
-5.343347460524938697e-02
-5.852708307931209220e-02
-5.852708307931209220e-02
-5.343347460524938697e-02
-5.343347460524938697e-02
-4.579306189415532913e-02
-4.579306189415532913e-02
-5.343347460524938697e-02
-5.343347460524938697e-02
-5.343347460524938697e-02
-5.088667036821803435e-02
-5.088667036821803435e-02
-4.833986613118668174e-02
-4.833986613118668174e-02
-5.343347460524938697e-02
-5.852708307931209220e-02
-5.852708307931209220e-02
-5.088667036821803435e-02
-5.343347460524938697e-02
-4.833986613118668174e-02
-5.088667036821803435e-02
-4.833986613118668174e-02
-5.343347460524938697e-02
-5.852708307931209220e-02
-6.107388731634344481e-02
-5.343347460524938697e-02
-5.343347460524938697e-02
-4.833986613118668174e-02
-4.833986613118668174e-02
-5.088667036821803435e-02
-5.343347460524938697e-02
-5.852708307931209220e-02
-5.852708307931209220e-02
-5.598027884228073958e-02
-5.343347460524938697e-02
-4.833986613118668174e-02
-5.088667036821803435e-02
-5.343347460524938697e-02
-5.852708307931209220e-02
-5.852708307931209220e-02
-5.343347460524938697e-02
-5.088667036821803435e-02
-4.833986613118668174e-02
-5.088667036821803435e-02
-5.088667036821803435e-02
-5.852708307931209220e-02
-6.107388731634344481e-02
-5.343347460524938697e-02
-5.343347460524938697e-02
-4.579306189415532913e-02
-5.343347460524938697e-02
-5.343347460524938697e-02
-5.852708307931209220e-02
-5.852708307931209220e-02
-5.088667036821803435e-02
-5.343347460524938697e-02
-4.833986613118668174e-02
-4.579306189415532913e-02
-5.343347460524938697e-02
-5.343347460524938697e-02
-5.598027884228073958e-02
-5.088667036821803435e-02
-5.343347460524938697e-02
-5.088667036821803435e-02
-5.088667036821803435e-02
-5.088667036821803435e-02
-5.852708307931209220e-02
-6.107388731634344481e-02
-5.088667036821803435e-02
-5.088667036821803435e-02
-4.579306189415532913e-02
-4.833986613118668174e-02
-4.833986613118668174e-02
-5.088667036821803435e-02
-5.852708307931209220e-02
-5.852708307931209220e-02
-5.343347460524938697e-02
-5.088667036821803435e-02
-4.579306189415532913e-02
-4.833986613118668174e-02
-5.088667036821803435e-02
-5.852708307931209220e-02
-5.852708307931209220e-02
-6.107388731634344481e-02
-5.343347460524938697e-02
-5.343347460524938697e-02
-4.833986613118668174e-02
-4.833986613118668174e-02
-5.343347460524938697e-02
-5.343347460524938697e-02
-5.852708307931209220e-02
-5.343347460524938697e-02
-4.833986613118668174e-02
-4.579306189415532913e-02
-4.579306189415532913e-02
-5.343347460524938697e-02
-6.107388731634344481e-02
-6.107388731634344481e-02
-5.598027884228073958e-02
-5.343347460524938697e-02
-4.579306189415532913e-02
-4.579306189415532913e-02
-5.343347460524938697e-02
-6.107388731634344481e-02
-6.107388731634344481e-02
-5.343347460524938697e-02
-5.343347460524938697e-02
-4.833986613118668174e-02
-5.343347460524938697e-02
-5.343347460524938697e-02
-5.088667036821803435e-02
-6.107388731634344481e-02
-5.343347460524938697e-02
-5.088667036821803435e-02
-5.343347460524938697e-02
-4.833986613118668174e-02
-5.343347460524938697e-02
-5.343347460524938697e-02
-6.107388731634344481e-02
-6.107388731634344481e-02
-5.343347460524938697e-02
-5.343347460524938697e-02
-5.343347460524938697e-02
-4.579306189415532913e-02
-5.598027884228073958e-02
-5.088667036821803435e-02
-5.852708307931209220e-02
-5.852708307931209220e-02
-5.343347460524938697e-02
-5.343347460524938697e-02
-4.579306189415532913e-02
-4.579306189415532913e-02
-5.343347460524938697e-02
-5.343347460524938697e-02
-6.107388731634344481e-02
-5.852708307931209220e-02
-5.343347460524938697e-02
-5.343347460524938697e-02
-4.833986613118668174e-02
-5.343347460524938697e-02
-5.852708307931209220e-02
-5.852708307931209220e-02
-5.088667036821803435e-02
-5.088667036821803435e-02
-4.833986613118668174e-02
-4.579306189415532913e-02
-4.833986613118668174e-02
-5.343347460524938697e-02
-5.343347460524938697e-02
-5.852708307931209220e-02
-5.343347460524938697e-02
-5.343347460524938697e-02
-4.833986613118668174e-02
-4.833986613118668174e-02
-5.343347460524938697e-02
-5.343347460524938697e-02
-6.107388731634344481e-02
-5.852708307931209220e-02
-5.343347460524938697e-02
-4.579306189415532913e-02
-4.833986613118668174e-02
-5.343347460524938697e-02
-5.088667036821803435e-02
-6.107388731634344481e-02
-5.343347460524938697e-02
-5.343347460524938697e-02
-4.579306189415532913e-02
-5.343347460524938697e-02
-5.343347460524938697e-02
-5.343347460524938697e-02
-6.107388731634344481e-02
-5.343347460524938697e-02
-5.343347460524938697e-02
-5.088667036821803435e-02
-4.833986613118668174e-02
-4.833986613118668174e-02
-5.343347460524938697e-02
-6.107388731634344481e-02
-5.852708307931209220e-02
-5.343347460524938697e-02
-5.343347460524938697e-02
-4.833986613118668174e-02
-4.579306189415532913e-02
-5.598027884228073958e-02
-5.343347460524938697e-02
-5.852708307931209220e-02
-5.343347460524938697e-02
-5.343347460524938697e-02
-4.833986613118668174e-02
-4.324625765712397651e-02
-5.343347460524938697e-02
-5.088667036821803435e-02
-5.852708307931209220e-02
-5.852708307931209220e-02
-5.343347460524938697e-02
-5.088667036821803435e-02
-4.579306189415532913e-02
-5.088667036821803435e-02
-5.088667036821803435e-02
-5.852708307931209220e-02
-5.852708307931209220e-02
-5.598027884228073958e-02
-5.088667036821803435e-02
-4.833986613118668174e-02
-5.343347460524938697e-02
-5.343347460524938697e-02
-6.107388731634344481e-02
-5.598027884228073958e-02
-5.343347460524938697e-02
-4.579306189415532913e-02
-4.579306189415532913e-02
-5.343347460524938697e-02
-5.088667036821803435e-02
-5.852708307931209220e-02
-6.107388731634344481e-02
-5.343347460524938697e-02
-4.579306189415532913e-02
-4.833986613118668174e-02
-5.088667036821803435e-02
-5.852708307931209220e-02
-5.852708307931209220e-02
-6.107388731634344481e-02
-5.343347460524938697e-02
-5.088667036821803435e-02
-4.579306189415532913e-02
-5.088667036821803435e-02
-5.343347460524938697e-02
-5.852708307931209220e-02
-5.852708307931209220e-02
-5.343347460524938697e-02
-5.343347460524938697e-02
-5.088667036821803435e-02
-4.833986613118668174e-02
-4.579306189415532913e-02
-5.088667036821803435e-02
-5.343347460524938697e-02
-5.852708307931209220e-02
-5.088667036821803435e-02
-5.343347460524938697e-02
-5.088667036821803435e-02
-4.833986613118668174e-02
-5.343347460524938697e-02
-5.343347460524938697e-02
-5.852708307931209220e-02
-5.852708307931209220e-02
-5.088667036821803435e-02
-5.343347460524938697e-02
-5.088667036821803435e-02
-4.833986613118668174e-02
-5.343347460524938697e-02
-5.343347460524938697e-02
-6.107388731634344481e-02
-5.343347460524938697e-02
-5.343347460524938697e-02
-4.579306189415532913e-02
-4.833986613118668174e-02
-5.088667036821803435e-02
-5.343347460524938697e-02
-5.852708307931209220e-02
-5.852708307931209220e-02
-5.343347460524938697e-02
-4.579306189415532913e-02
-4.579306189415532913e-02
-5.343347460524938697e-02
-5.343347460524938697e-02
-5.852708307931209220e-02
-5.852708307931209220e-02
-5.852708307931209220e-02
-5.343347460524938697e-02
-4.833986613118668174e-02
-4.833986613118668174e-02
-5.343347460524938697e-02
-5.343347460524938697e-02
-6.107388731634344481e-02
-6.107388731634344481e-02
-5.343347460524938697e-02
-5.088667036821803435e-02
-4.833986613118668174e-02
-5.088667036821803435e-02
-5.088667036821803435e-02
-5.343347460524938697e-02
-5.852708307931209220e-02
-5.343347460524938697e-02
-5.598027884228073958e-02
-4.833986613118668174e-02
-4.833986613118668174e-02
-5.343347460524938697e-02
-5.343347460524938697e-02
-6.107388731634344481e-02
-5.852708307931209220e-02
-5.343347460524938697e-02
-4.833986613118668174e-02
-5.088667036821803435e-02
-5.343347460524938697e-02
-5.343347460524938697e-02
-5.852708307931209220e-02
-5.343347460524938697e-02
-5.343347460524938697e-02
-5.343347460524938697e-02
-4.579306189415532913e-02
-4.579306189415532913e-02
-5.343347460524938697e-02
-5.343347460524938697e-02
-6.107388731634344481e-02
-6.107388731634344481e-02
-5.343347460524938697e-02
-5.343347460524938697e-02
-4.833986613118668174e-02
-4.579306189415532913e-02
-5.343347460524938697e-02
-6.107388731634344481e-02
-5.852708307931209220e-02
-5.343347460524938697e-02
-4.833986613118668174e-02
-4.579306189415532913e-02
-4.833986613118668174e-02
-5.343347460524938697e-02
-5.343347460524938697e-02
-6.107388731634344481e-02
-5.343347460524938697e-02
-5.343347460524938697e-02
-4.579306189415532913e-02
-4.579306189415532913e-02
-5.343347460524938697e-02
-5.343347460524938697e-02
-5.343347460524938697e-02
-5.852708307931209220e-02
-5.088667036821803435e-02
-5.343347460524938697e-02
-4.833986613118668174e-02
-5.343347460524938697e-02
-5.343347460524938697e-02
-5.852708307931209220e-02
-5.852708307931209220e-02
-5.852708307931209220e-02
-5.343347460524938697e-02
-5.088667036821803435e-02
-4.579306189415532913e-02
-5.343347460524938697e-02
-5.343347460524938697e-02
-5.852708307931209220e-02
-6.107388731634344481e-02
-5.343347460524938697e-02
-4.579306189415532913e-02
-4.579306189415532913e-02
-5.343347460524938697e-02
-5.088667036821803435e-02
-5.852708307931209220e-02
-5.088667036821803435e-02
-5.343347460524938697e-02
-5.343347460524938697e-02
-4.833986613118668174e-02
-4.833986613118668174e-02
-5.343347460524938697e-02
-5.852708307931209220e-02
-6.107388731634344481e-02
-5.343347460524938697e-02
-4.579306189415532913e-02
-4.833986613118668174e-02
-4.579306189415532913e-02
-5.343347460524938697e-02
-5.343347460524938697e-02
-6.107388731634344481e-02
-5.852708307931209220e-02
-5.343347460524938697e-02
-5.088667036821803435e-02
-4.579306189415532913e-02
-5.088667036821803435e-02
-5.343347460524938697e-02
-5.852708307931209220e-02
-5.852708307931209220e-02
-5.343347460524938697e-02
-5.088667036821803435e-02
-4.579306189415532913e-02
-4.833986613118668174e-02
-5.088667036821803435e-02
-5.088667036821803435e-02
-5.852708307931209220e-02
-6.107388731634344481e-02
-5.343347460524938697e-02
-5.598027884228073958e-02
-4.579306189415532913e-02
-4.579306189415532913e-02
-5.343347460524938697e-02
-5.088667036821803435e-02
-6.107388731634344481e-02
-5.852708307931209220e-02
-5.088667036821803435e-02
-4.579306189415532913e-02
-4.833986613118668174e-02
-4.579306189415532913e-02
-5.343347460524938697e-02
-5.088667036821803435e-02
-6.107388731634344481e-02
-5.852708307931209220e-02
-5.088667036821803435e-02
-4.579306189415532913e-02
-4.579306189415532913e-02
-5.343347460524938697e-02
-5.343347460524938697e-02
-6.107388731634344481e-02
-5.852708307931209220e-02
-5.343347460524938697e-02
-5.088667036821803435e-02
-4.833986613118668174e-02
-4.324625765712397651e-02
-5.343347460524938697e-02
-6.107388731634344481e-02
-5.343347460524938697e-02
-5.343347460524938697e-02
-4.579306189415532913e-02
-5.088667036821803435e-02
-5.343347460524938697e-02
-5.598027884228073958e-02
-5.852708307931209220e-02
-5.852708307931209220e-02
-5.343347460524938697e-02
-5.088667036821803435e-02
-4.833986613118668174e-02
-4.833986613118668174e-02
-5.343347460524938697e-02
-5.088667036821803435e-02
-5.852708307931209220e-02
-5.343347460524938697e-02
-5.343347460524938697e-02
-4.579306189415532913e-02
-4.579306189415532913e-02
-5.343347460524938697e-02
-6.107388731634344481e-02
-6.107388731634344481e-02
-6.107388731634344481e-02
-5.343347460524938697e-02
-5.088667036821803435e-02
-4.579306189415532913e-02
-4.833986613118668174e-02
-5.343347460524938697e-02
-5.343347460524938697e-02
-6.107388731634344481e-02
-5.852708307931209220e-02
-5.343347460524938697e-02
-5.088667036821803435e-02
-4.833986613118668174e-02
-5.598027884228073958e-02
-5.343347460524938697e-02
-5.852708307931209220e-02
-6.107388731634344481e-02
-5.343347460524938697e-02
-5.343347460524938697e-02
-4.833986613118668174e-02
-4.579306189415532913e-02
-5.598027884228073958e-02
-5.343347460524938697e-02
-5.852708307931209220e-02
-5.852708307931209220e-02
-5.343347460524938697e-02
-5.343347460524938697e-02
-4.833986613118668174e-02
-4.833986613118668174e-02
-5.088667036821803435e-02
-5.343347460524938697e-02
-6.107388731634344481e-02
-5.088667036821803435e-02
-5.343347460524938697e-02
-4.833986613118668174e-02
-4.579306189415532913e-02
-5.343347460524938697e-02
-5.343347460524938697e-02
-5.852708307931209220e-02
-5.852708307931209220e-02
-5.088667036821803435e-02
-5.343347460524938697e-02
-4.833986613118668174e-02
-5.343347460524938697e-02
-5.343347460524938697e-02
-5.852708307931209220e-02
-5.852708307931209220e-02
-5.088667036821803435e-02
-5.343347460524938697e-02
-4.833986613118668174e-02
-4.833986613118668174e-02
-5.088667036821803435e-02
-5.088667036821803435e-02
-5.852708307931209220e-02
-5.852708307931209220e-02
-5.343347460524938697e-02
-4.833986613118668174e-02
-4.833986613118668174e-02
-5.598027884228073958e-02
-6.107388731634344481e-02
-5.852708307931209220e-02
-5.088667036821803435e-02
-5.343347460524938697e-02
-4.579306189415532913e-02
-5.343347460524938697e-02
-5.343347460524938697e-02
-5.343347460524938697e-02
-5.852708307931209220e-02
-5.852708307931209220e-02
-5.343347460524938697e-02
-4.579306189415532913e-02
-4.833986613118668174e-02
-5.343347460524938697e-02
-5.343347460524938697e-02
-6.107388731634344481e-02
-6.107388731634344481e-02
-5.598027884228073958e-02
-5.343347460524938697e-02
-4.833986613118668174e-02
-4.579306189415532913e-02
-5.343347460524938697e-02
-5.852708307931209220e-02
-5.852708307931209220e-02
-6.107388731634344481e-02
-5.343347460524938697e-02
-4.833986613118668174e-02
-4.833986613118668174e-02
-5.343347460524938697e-02
-5.598027884228073958e-02
-5.852708307931209220e-02
-5.852708307931209220e-02
-5.343347460524938697e-02
-5.343347460524938697e-02
-4.833986613118668174e-02
-5.343347460524938697e-02
-5.343347460524938697e-02
-6.107388731634344481e-02
-5.852708307931209220e-02
-5.343347460524938697e-02
-5.343347460524938697e-02
-5.088667036821803435e-02
-5.343347460524938697e-02
-5.343347460524938697e-02
-5.852708307931209220e-02
-6.107388731634344481e-02
-5.598027884228073958e-02
-4.833986613118668174e-02
-5.088667036821803435e-02
-5.088667036821803435e-02
-5.343347460524938697e-02
-5.343347460524938697e-02
-5.852708307931209220e-02
-5.852708307931209220e-02
-5.343347460524938697e-02
-5.343347460524938697e-02
-4.833986613118668174e-02
-4.579306189415532913e-02
-5.343347460524938697e-02
-6.107388731634344481e-02
-5.852708307931209220e-02
-5.852708307931209220e-02
-5.343347460524938697e-02
-5.343347460524938697e-02
-4.833986613118668174e-02
-5.598027884228073958e-02
-5.343347460524938697e-02
-6.107388731634344481e-02
-6.107388731634344481e-02
-5.852708307931209220e-02
-5.088667036821803435e-02
-5.088667036821803435e-02
-4.833986613118668174e-02
-4.833986613118668174e-02
-5.088667036821803435e-02
-6.107388731634344481e-02
-6.107388731634344481e-02
-5.598027884228073958e-02
-5.343347460524938697e-02
-4.579306189415532913e-02
-5.343347460524938697e-02
-5.343347460524938697e-02
-5.852708307931209220e-02
-6.107388731634344481e-02
-5.343347460524938697e-02
-4.579306189415532913e-02
-4.833986613118668174e-02
-4.579306189415532913e-02
-4.579306189415532913e-02
-5.343347460524938697e-02
-6.107388731634344481e-02
-5.852708307931209220e-02
-5.343347460524938697e-02
-5.343347460524938697e-02
-4.833986613118668174e-02
-4.579306189415532913e-02
-5.088667036821803435e-02
-5.088667036821803435e-02
-6.107388731634344481e-02
-5.852708307931209220e-02
-5.343347460524938697e-02
-5.343347460524938697e-02
-4.833986613118668174e-02
-5.343347460524938697e-02
-5.852708307931209220e-02
-6.107388731634344481e-02
-5.088667036821803435e-02
-5.598027884228073958e-02
-4.833986613118668174e-02
-4.833986613118668174e-02
-4.579306189415532913e-02
-5.343347460524938697e-02
-5.088667036821803435e-02
-6.107388731634344481e-02
-5.343347460524938697e-02
-5.343347460524938697e-02
-4.833986613118668174e-02
-4.833986613118668174e-02
-5.343347460524938697e-02
-6.107388731634344481e-02
-6.107388731634344481e-02
-5.343347460524938697e-02
-4.579306189415532913e-02
-4.579306189415532913e-02
-5.343347460524938697e-02
-5.343347460524938697e-02
-5.852708307931209220e-02
-5.088667036821803435e-02
-5.343347460524938697e-02
-5.343347460524938697e-02
-4.833986613118668174e-02
-5.088667036821803435e-02
-5.343347460524938697e-02
-5.852708307931209220e-02
-6.107388731634344481e-02
-5.852708307931209220e-02
-5.343347460524938697e-02
-5.343347460524938697e-02
-4.833986613118668174e-02
-5.343347460524938697e-02
-5.343347460524938697e-02
-6.107388731634344481e-02
-5.852708307931209220e-02
-5.343347460524938697e-02
-4.579306189415532913e-02
-4.833986613118668174e-02
-4.579306189415532913e-02
-5.343347460524938697e-02
-5.852708307931209220e-02
-5.852708307931209220e-02
-5.343347460524938697e-02
-5.088667036821803435e-02
-4.833986613118668174e-02
-5.343347460524938697e-02
-5.343347460524938697e-02
-5.852708307931209220e-02
-5.852708307931209220e-02
-5.343347460524938697e-02
-5.343347460524938697e-02
-4.579306189415532913e-02
-5.088667036821803435e-02
-5.343347460524938697e-02
-5.852708307931209220e-02
-5.852708307931209220e-02
-5.088667036821803435e-02
-5.343347460524938697e-02
-5.088667036821803435e-02
-4.579306189415532913e-02
-5.088667036821803435e-02
-5.852708307931209220e-02
-6.107388731634344481e-02
-5.343347460524938697e-02
-5.343347460524938697e-02
-4.579306189415532913e-02
-5.088667036821803435e-02
-5.343347460524938697e-02
-5.343347460524938697e-02
-6.107388731634344481e-02
-5.852708307931209220e-02
-5.343347460524938697e-02
-5.343347460524938697e-02
-4.833986613118668174e-02
-5.343347460524938697e-02
-5.598027884228073958e-02
-5.343347460524938697e-02
-5.852708307931209220e-02
-5.598027884228073958e-02
-5.598027884228073958e-02
-4.579306189415532913e-02
-4.833986613118668174e-02
-5.343347460524938697e-02
-5.088667036821803435e-02
-6.107388731634344481e-02
-5.852708307931209220e-02
-5.343347460524938697e-02
-5.343347460524938697e-02
-4.833986613118668174e-02
-4.833986613118668174e-02
-5.343347460524938697e-02
-6.107388731634344481e-02
-5.852708307931209220e-02
-5.343347460524938697e-02
-5.088667036821803435e-02
-4.579306189415532913e-02
-4.579306189415532913e-02
-5.343347460524938697e-02
-5.343347460524938697e-02
-6.107388731634344481e-02
-5.852708307931209220e-02
-5.598027884228073958e-02
-5.343347460524938697e-02
-4.833986613118668174e-02
-5.343347460524938697e-02
-5.343347460524938697e-02
-6.107388731634344481e-02
-5.088667036821803435e-02
-5.343347460524938697e-02
-5.343347460524938697e-02
-4.579306189415532913e-02
-4.833986613118668174e-02
-5.088667036821803435e-02
-5.343347460524938697e-02
-5.852708307931209220e-02
-5.343347460524938697e-02
-4.579306189415532913e-02
-5.088667036821803435e-02
-5.088667036821803435e-02
-5.598027884228073958e-02
-5.852708307931209220e-02
-6.107388731634344481e-02
-5.343347460524938697e-02
-5.343347460524938697e-02
-5.343347460524938697e-02
-4.833986613118668174e-02
-4.579306189415532913e-02
-5.088667036821803435e-02
-5.343347460524938697e-02
-5.852708307931209220e-02
-5.343347460524938697e-02
-5.343347460524938697e-02
-5.088667036821803435e-02
-4.579306189415532913e-02
-5.343347460524938697e-02
-6.107388731634344481e-02
-6.107388731634344481e-02
-5.088667036821803435e-02
-5.343347460524938697e-02
-4.833986613118668174e-02
-5.088667036821803435e-02
-4.579306189415532913e-02
-5.343347460524938697e-02
-6.107388731634344481e-02
-5.852708307931209220e-02
-5.343347460524938697e-02
-5.343347460524938697e-02
-4.833986613118668174e-02
-4.833986613118668174e-02
-5.343347460524938697e-02
-5.088667036821803435e-02
-5.852708307931209220e-02
-5.343347460524938697e-02
-5.088667036821803435e-02
-4.579306189415532913e-02
-4.833986613118668174e-02
-5.343347460524938697e-02
-5.343347460524938697e-02
-5.852708307931209220e-02
-5.598027884228073958e-02
-5.088667036821803435e-02
-4.833986613118668174e-02
-4.833986613118668174e-02
-5.343347460524938697e-02
-5.343347460524938697e-02
-5.852708307931209220e-02
-5.852708307931209220e-02
-5.343347460524938697e-02
-5.343347460524938697e-02
-4.833986613118668174e-02
-5.343347460524938697e-02
-5.343347460524938697e-02
-6.107388731634344481e-02
-5.852708307931209220e-02
-5.343347460524938697e-02
-5.343347460524938697e-02
-5.088667036821803435e-02
-5.088667036821803435e-02
-6.107388731634344481e-02
-5.852708307931209220e-02
-5.852708307931209220e-02
-5.343347460524938697e-02
-5.088667036821803435e-02
-4.833986613118668174e-02
-5.343347460524938697e-02
-5.343347460524938697e-02
-5.852708307931209220e-02
-5.852708307931209220e-02
-5.343347460524938697e-02
-5.343347460524938697e-02
-4.833986613118668174e-02
-5.343347460524938697e-02
-5.343347460524938697e-02
-5.343347460524938697e-02
-6.107388731634344481e-02
-5.852708307931209220e-02
-5.343347460524938697e-02
-5.343347460524938697e-02
-5.088667036821803435e-02
-5.343347460524938697e-02
-5.343347460524938697e-02
-6.107388731634344481e-02
-5.343347460524938697e-02
-5.088667036821803435e-02
-5.088667036821803435e-02
-4.579306189415532913e-02
-5.343347460524938697e-02
-5.343347460524938697e-02
-5.852708307931209220e-02
-6.107388731634344481e-02
-5.343347460524938697e-02
-5.343347460524938697e-02
-4.579306189415532913e-02
-4.833986613118668174e-02
-5.343347460524938697e-02
-5.343347460524938697e-02
-5.852708307931209220e-02
-5.088667036821803435e-02
-5.343347460524938697e-02
-4.833986613118668174e-02
-5.343347460524938697e-02
-5.343347460524938697e-02
-6.107388731634344481e-02
-5.852708307931209220e-02
-5.343347460524938697e-02
-5.343347460524938697e-02
-5.088667036821803435e-02
-4.833986613118668174e-02
-5.343347460524938697e-02
-5.852708307931209220e-02
-6.107388731634344481e-02
-5.852708307931209220e-02
-5.343347460524938697e-02
-4.579306189415532913e-02
-5.088667036821803435e-02
-5.343347460524938697e-02
-5.343347460524938697e-02
-6.107388731634344481e-02
-5.852708307931209220e-02
-5.852708307931209220e-02
-5.088667036821803435e-02
-4.833986613118668174e-02
-4.833986613118668174e-02
-5.343347460524938697e-02
-6.107388731634344481e-02
-5.852708307931209220e-02
-5.088667036821803435e-02
-5.343347460524938697e-02
-4.833986613118668174e-02
-4.833986613118668174e-02
-5.598027884228073958e-02
-5.343347460524938697e-02
-5.852708307931209220e-02
-6.107388731634344481e-02
-5.343347460524938697e-02
-5.343347460524938697e-02
-4.833986613118668174e-02
-5.343347460524938697e-02
-5.343347460524938697e-02
-6.107388731634344481e-02
-5.852708307931209220e-02
-5.852708307931209220e-02
-5.343347460524938697e-02
-5.343347460524938697e-02
-5.343347460524938697e-02
-5.343347460524938697e-02
-5.852708307931209220e-02
-5.852708307931209220e-02
-5.343347460524938697e-02
-5.088667036821803435e-02
-5.088667036821803435e-02
-4.833986613118668174e-02
-4.579306189415532913e-02
-5.343347460524938697e-02
-6.107388731634344481e-02
-5.852708307931209220e-02
-5.088667036821803435e-02
-5.088667036821803435e-02
-4.579306189415532913e-02
-4.579306189415532913e-02
-5.343347460524938697e-02
-5.343347460524938697e-02
-6.107388731634344481e-02
-5.343347460524938697e-02
-5.088667036821803435e-02
-4.579306189415532913e-02
-5.088667036821803435e-02
-5.343347460524938697e-02
-5.343347460524938697e-02
-5.852708307931209220e-02
-5.852708307931209220e-02
-5.343347460524938697e-02
-5.088667036821803435e-02
-4.833986613118668174e-02
-5.343347460524938697e-02
-5.343347460524938697e-02
-5.852708307931209220e-02
-5.852708307931209220e-02
-5.343347460524938697e-02
-5.598027884228073958e-02
-4.833986613118668174e-02
-4.579306189415532913e-02
-5.343347460524938697e-02
-5.598027884228073958e-02
-5.088667036821803435e-02
-5.343347460524938697e-02
-5.343347460524938697e-02
-4.579306189415532913e-02
-5.088667036821803435e-02
-5.088667036821803435e-02
-5.852708307931209220e-02
-6.107388731634344481e-02
-6.107388731634344481e-02
-5.343347460524938697e-02
-5.598027884228073958e-02
-4.833986613118668174e-02
-4.579306189415532913e-02
-5.343347460524938697e-02
-5.852708307931209220e-02
-5.852708307931209220e-02
-5.343347460524938697e-02
-5.088667036821803435e-02
-5.088667036821803435e-02
-4.833986613118668174e-02
-5.343347460524938697e-02
-5.343347460524938697e-02
-5.852708307931209220e-02
-5.343347460524938697e-02
-5.343347460524938697e-02
-4.833986613118668174e-02
-4.579306189415532913e-02
-5.088667036821803435e-02
-5.852708307931209220e-02
-5.852708307931209220e-02
-5.852708307931209220e-02
-5.343347460524938697e-02
-5.088667036821803435e-02
-4.579306189415532913e-02
-5.343347460524938697e-02
-5.343347460524938697e-02
-5.852708307931209220e-02
-6.107388731634344481e-02
-5.343347460524938697e-02
-5.088667036821803435e-02
-4.833986613118668174e-02
-4.833986613118668174e-02
-5.343347460524938697e-02
-5.343347460524938697e-02
-5.598027884228073958e-02
-5.852708307931209220e-02
-5.088667036821803435e-02
-5.343347460524938697e-02
-4.579306189415532913e-02
-5.088667036821803435e-02
-5.343347460524938697e-02
-5.852708307931209220e-02
-5.852708307931209220e-02
-5.088667036821803435e-02
-5.088667036821803435e-02
-4.833986613118668174e-02
-5.088667036821803435e-02
-5.343347460524938697e-02
-5.852708307931209220e-02
-5.852708307931209220e-02
-5.088667036821803435e-02
-5.598027884228073958e-02
-4.579306189415532913e-02
-5.343347460524938697e-02
-5.343347460524938697e-02
-5.852708307931209220e-02
-5.852708307931209220e-02
-5.343347460524938697e-02
-5.343347460524938697e-02
-4.833986613118668174e-02
-4.833986613118668174e-02
-5.343347460524938697e-02
-5.852708307931209220e-02
-6.107388731634344481e-02
-5.343347460524938697e-02
-5.343347460524938697e-02
-4.833986613118668174e-02
-5.088667036821803435e-02
-5.343347460524938697e-02
-6.107388731634344481e-02
-6.107388731634344481e-02
-5.343347460524938697e-02
-5.343347460524938697e-02
-4.579306189415532913e-02
-4.579306189415532913e-02
-5.343347460524938697e-02
-5.088667036821803435e-02
-5.852708307931209220e-02
-5.852708307931209220e-02
-5.088667036821803435e-02
-5.343347460524938697e-02
-4.579306189415532913e-02
-4.833986613118668174e-02
-5.343347460524938697e-02
-5.343347460524938697e-02
-6.107388731634344481e-02
-5.852708307931209220e-02
-5.343347460524938697e-02
-5.343347460524938697e-02
-4.833986613118668174e-02
-5.343347460524938697e-02
-5.343347460524938697e-02
-5.852708307931209220e-02
-5.088667036821803435e-02
-5.343347460524938697e-02
-5.088667036821803435e-02
-4.579306189415532913e-02
-5.343347460524938697e-02
-5.343347460524938697e-02
-6.107388731634344481e-02
-5.852708307931209220e-02
-5.343347460524938697e-02
-5.088667036821803435e-02
-4.833986613118668174e-02
-4.833986613118668174e-02
-5.343347460524938697e-02
-5.343347460524938697e-02
-5.088667036821803435e-02
-5.088667036821803435e-02
-5.343347460524938697e-02
-4.833986613118668174e-02
-4.579306189415532913e-02
-5.343347460524938697e-02
-5.343347460524938697e-02
-5.852708307931209220e-02
-5.852708307931209220e-02
-5.088667036821803435e-02
-4.579306189415532913e-02
-5.343347460524938697e-02
-5.343347460524938697e-02
-5.852708307931209220e-02
-5.852708307931209220e-02
-5.343347460524938697e-02
-5.343347460524938697e-02
-4.833986613118668174e-02
-4.579306189415532913e-02
-5.343347460524938697e-02
-5.598027884228073958e-02
-6.107388731634344481e-02
-5.852708307931209220e-02
-5.343347460524938697e-02
-5.343347460524938697e-02
-5.088667036821803435e-02
-4.833986613118668174e-02
-5.343347460524938697e-02
-5.343347460524938697e-02
-6.107388731634344481e-02
-5.852708307931209220e-02
-5.343347460524938697e-02
-5.343347460524938697e-02
-4.833986613118668174e-02
-5.343347460524938697e-02
-5.343347460524938697e-02
-6.107388731634344481e-02
-5.852708307931209220e-02
-5.343347460524938697e-02
-4.833986613118668174e-02
-4.579306189415532913e-02
-5.343347460524938697e-02
-5.343347460524938697e-02
-5.852708307931209220e-02
-5.852708307931209220e-02
-5.088667036821803435e-02
-5.343347460524938697e-02
-4.833986613118668174e-02
-4.833986613118668174e-02
-4.833986613118668174e-02
-5.343347460524938697e-02
-5.088667036821803435e-02
-5.598027884228073958e-02
-5.852708307931209220e-02
-5.088667036821803435e-02
-4.833986613118668174e-02
-4.833986613118668174e-02
-5.088667036821803435e-02
-5.343347460524938697e-02
-5.852708307931209220e-02
-5.852708307931209220e-02
-5.343347460524938697e-02
-5.343347460524938697e-02
-4.833986613118668174e-02
-4.579306189415532913e-02
-5.343347460524938697e-02
-6.107388731634344481e-02
-6.107388731634344481e-02
-5.088667036821803435e-02
-5.343347460524938697e-02
-4.833986613118668174e-02
-4.833986613118668174e-02
-5.088667036821803435e-02
-5.088667036821803435e-02
-5.852708307931209220e-02
-5.343347460524938697e-02
-5.343347460524938697e-02
-4.833986613118668174e-02
-5.088667036821803435e-02
-5.343347460524938697e-02
-5.088667036821803435e-02
-5.852708307931209220e-02
-5.852708307931209220e-02
-5.343347460524938697e-02
-5.343347460524938697e-02
-4.579306189415532913e-02
-4.833986613118668174e-02
-5.343347460524938697e-02
-6.107388731634344481e-02
-5.852708307931209220e-02
-5.343347460524938697e-02
-5.343347460524938697e-02
-4.833986613118668174e-02
-4.833986613118668174e-02
-5.343347460524938697e-02
-5.088667036821803435e-02
-5.852708307931209220e-02
-6.107388731634344481e-02
-4.833986613118668174e-02
-4.579306189415532913e-02
-4.833986613118668174e-02
-5.088667036821803435e-02
-5.343347460524938697e-02
-6.107388731634344481e-02
-5.852708307931209220e-02
-5.343347460524938697e-02
-5.343347460524938697e-02
-4.579306189415532913e-02
-4.579306189415532913e-02
-5.343347460524938697e-02
-5.343347460524938697e-02
-5.852708307931209220e-02
-5.852708307931209220e-02
-5.343347460524938697e-02
-4.833986613118668174e-02
-4.833986613118668174e-02
-4.833986613118668174e-02
-5.343347460524938697e-02
-5.852708307931209220e-02
-5.852708307931209220e-02
-5.088667036821803435e-02
-5.088667036821803435e-02
-4.833986613118668174e-02
-4.579306189415532913e-02
-5.343347460524938697e-02
-5.088667036821803435e-02
-5.852708307931209220e-02
-5.852708307931209220e-02
-5.343347460524938697e-02
-4.833986613118668174e-02
-5.088667036821803435e-02
-5.343347460524938697e-02
-5.088667036821803435e-02
-5.852708307931209220e-02
-6.107388731634344481e-02
-5.343347460524938697e-02
-5.343347460524938697e-02
-5.088667036821803435e-02
-4.833986613118668174e-02
-5.088667036821803435e-02
-5.343347460524938697e-02
-6.107388731634344481e-02
-5.852708307931209220e-02
-5.343347460524938697e-02
-5.343347460524938697e-02
-4.833986613118668174e-02
-4.833986613118668174e-02
-5.343347460524938697e-02
-5.343347460524938697e-02
-5.852708307931209220e-02
-5.852708307931209220e-02
-5.343347460524938697e-02
-5.088667036821803435e-02
-4.579306189415532913e-02
-4.833986613118668174e-02
-5.088667036821803435e-02
-5.852708307931209220e-02
-6.107388731634344481e-02
-5.088667036821803435e-02
-5.343347460524938697e-02
-4.579306189415532913e-02
-5.088667036821803435e-02
-5.343347460524938697e-02
-6.107388731634344481e-02
-5.852708307931209220e-02
-5.343347460524938697e-02
-5.343347460524938697e-02
-4.833986613118668174e-02
-4.833986613118668174e-02
-5.343347460524938697e-02
-5.088667036821803435e-02
-6.107388731634344481e-02
-6.107388731634344481e-02
-5.343347460524938697e-02
-4.833986613118668174e-02
-4.579306189415532913e-02
-4.579306189415532913e-02
-5.088667036821803435e-02
-5.343347460524938697e-02
-6.107388731634344481e-02
-5.852708307931209220e-02
-5.343347460524938697e-02
-5.343347460524938697e-02
-4.579306189415532913e-02
-4.579306189415532913e-02
-5.343347460524938697e-02
-6.107388731634344481e-02
-5.852708307931209220e-02
-6.107388731634344481e-02
-5.343347460524938697e-02
-4.579306189415532913e-02
-4.579306189415532913e-02
-5.088667036821803435e-02
-5.343347460524938697e-02
-5.852708307931209220e-02
-5.852708307931209220e-02
-5.088667036821803435e-02
-5.088667036821803435e-02
-4.579306189415532913e-02
-4.833986613118668174e-02
-5.088667036821803435e-02
-5.088667036821803435e-02
-5.852708307931209220e-02
-6.107388731634344481e-02
-5.343347460524938697e-02
-5.343347460524938697e-02
-4.579306189415532913e-02
-5.088667036821803435e-02
-5.343347460524938697e-02
-5.852708307931209220e-02
-5.852708307931209220e-02
-5.343347460524938697e-02
-4.833986613118668174e-02
-4.833986613118668174e-02
-5.343347460524938697e-02
-5.343347460524938697e-02
-6.107388731634344481e-02
-5.343347460524938697e-02
-5.088667036821803435e-02
-5.343347460524938697e-02
-4.833986613118668174e-02
-5.343347460524938697e-02
-5.088667036821803435e-02
-6.107388731634344481e-02
-6.107388731634344481e-02
-5.852708307931209220e-02
-5.088667036821803435e-02
-4.833986613118668174e-02
-4.833986613118668174e-02
-4.833986613118668174e-02
-5.343347460524938697e-02
-5.852708307931209220e-02
-5.852708307931209220e-02
-5.598027884228073958e-02
-5.343347460524938697e-02
-4.579306189415532913e-02
-5.088667036821803435e-02
-5.088667036821803435e-02
-5.343347460524938697e-02
-5.852708307931209220e-02
-5.852708307931209220e-02
-5.343347460524938697e-02
-5.343347460524938697e-02
-5.088667036821803435e-02
-5.343347460524938697e-02
-5.343347460524938697e-02
-5.852708307931209220e-02
-5.088667036821803435e-02
-5.343347460524938697e-02
-5.343347460524938697e-02
-4.579306189415532913e-02
-5.343347460524938697e-02
-5.088667036821803435e-02
-5.343347460524938697e-02
-6.107388731634344481e-02
-5.598027884228073958e-02
-5.088667036821803435e-02
-5.598027884228073958e-02
-5.088667036821803435e-02
-4.579306189415532913e-02
-5.343347460524938697e-02
-5.343347460524938697e-02
-5.852708307931209220e-02
-5.088667036821803435e-02
-5.088667036821803435e-02
-4.579306189415532913e-02
-4.579306189415532913e-02
-5.343347460524938697e-02
-5.852708307931209220e-02
-6.107388731634344481e-02
-5.343347460524938697e-02
-5.088667036821803435e-02
-4.579306189415532913e-02
-4.579306189415532913e-02
-5.343347460524938697e-02
-5.343347460524938697e-02
-5.852708307931209220e-02
-5.343347460524938697e-02
-5.343347460524938697e-02
-4.833986613118668174e-02
-4.579306189415532913e-02
-5.343347460524938697e-02
-5.088667036821803435e-02
-6.107388731634344481e-02
-6.107388731634344481e-02
-5.343347460524938697e-02
-5.343347460524938697e-02
-4.579306189415532913e-02
-5.343347460524938697e-02
-5.343347460524938697e-02
-6.107388731634344481e-02
-5.852708307931209220e-02
-5.343347460524938697e-02
-5.343347460524938697e-02
-4.579306189415532913e-02
-4.579306189415532913e-02
-5.343347460524938697e-02
-5.852708307931209220e-02
-6.107388731634344481e-02
-5.852708307931209220e-02
-5.343347460524938697e-02
-4.833986613118668174e-02
-4.579306189415532913e-02
-5.088667036821803435e-02
-5.852708307931209220e-02
-6.107388731634344481e-02
-5.852708307931209220e-02
-5.343347460524938697e-02
-5.343347460524938697e-02
-5.343347460524938697e-02
-4.833986613118668174e-02
-5.343347460524938697e-02
-5.343347460524938697e-02
-6.107388731634344481e-02
-5.852708307931209220e-02
-5.343347460524938697e-02
-5.343347460524938697e-02
-4.579306189415532913e-02
-4.579306189415532913e-02
-5.343347460524938697e-02
-5.343347460524938697e-02
-5.852708307931209220e-02
-5.852708307931209220e-02
-5.598027884228073958e-02
-4.833986613118668174e-02
-4.579306189415532913e-02
-5.343347460524938697e-02
-6.107388731634344481e-02
-5.852708307931209220e-02
-5.343347460524938697e-02
-5.343347460524938697e-02
-4.579306189415532913e-02
-5.088667036821803435e-02
-5.088667036821803435e-02
-5.088667036821803435e-02
-5.852708307931209220e-02
-6.107388731634344481e-02
-5.343347460524938697e-02
-4.833986613118668174e-02
-4.579306189415532913e-02
-5.088667036821803435e-02
-5.088667036821803435e-02
-6.107388731634344481e-02
-6.107388731634344481e-02
-5.343347460524938697e-02
-5.343347460524938697e-02
-4.833986613118668174e-02
-4.833986613118668174e-02
-5.343347460524938697e-02
-5.852708307931209220e-02
-5.852708307931209220e-02
-5.088667036821803435e-02
-5.598027884228073958e-02
-5.088667036821803435e-02
-4.579306189415532913e-02
-5.088667036821803435e-02
-5.343347460524938697e-02
-5.852708307931209220e-02
-5.852708307931209220e-02
-5.343347460524938697e-02
-5.088667036821803435e-02
-4.833986613118668174e-02
-5.598027884228073958e-02
-5.088667036821803435e-02
-6.107388731634344481e-02
-5.852708307931209220e-02
-5.088667036821803435e-02
-5.343347460524938697e-02
-5.343347460524938697e-02
-4.579306189415532913e-02
-4.833986613118668174e-02
-5.088667036821803435e-02
-5.852708307931209220e-02
-6.107388731634344481e-02
-5.088667036821803435e-02
-4.833986613118668174e-02
-4.833986613118668174e-02
-5.088667036821803435e-02
-5.088667036821803435e-02
-5.852708307931209220e-02
-5.852708307931209220e-02
-6.107388731634344481e-02
-5.343347460524938697e-02
-5.343347460524938697e-02
-4.833986613118668174e-02
-4.579306189415532913e-02
-5.088667036821803435e-02
-5.343347460524938697e-02
-5.598027884228073958e-02
-5.088667036821803435e-02
-5.343347460524938697e-02
-4.579306189415532913e-02
-5.343347460524938697e-02
-5.343347460524938697e-02
-5.852708307931209220e-02
-5.852708307931209220e-02
-5.343347460524938697e-02
-5.343347460524938697e-02
-5.343347460524938697e-02
-4.579306189415532913e-02
-4.833986613118668174e-02
-5.343347460524938697e-02
-5.343347460524938697e-02
-5.852708307931209220e-02
-5.852708307931209220e-02
-5.343347460524938697e-02
-4.579306189415532913e-02
-5.088667036821803435e-02
-5.343347460524938697e-02
-5.343347460524938697e-02
-6.107388731634344481e-02
-5.852708307931209220e-02
-5.343347460524938697e-02
-5.343347460524938697e-02
-4.833986613118668174e-02
-4.833986613118668174e-02
-5.343347460524938697e-02
-5.343347460524938697e-02
-6.107388731634344481e-02
-5.343347460524938697e-02
-5.343347460524938697e-02
-4.579306189415532913e-02
-5.343347460524938697e-02
-5.343347460524938697e-02
-5.852708307931209220e-02
-5.852708307931209220e-02
-5.343347460524938697e-02
-5.088667036821803435e-02
-4.579306189415532913e-02
-5.343347460524938697e-02
-5.343347460524938697e-02
-5.852708307931209220e-02
-5.852708307931209220e-02
-5.343347460524938697e-02
-5.088667036821803435e-02
-4.833986613118668174e-02
-4.579306189415532913e-02
-5.088667036821803435e-02
-5.852708307931209220e-02
-5.598027884228073958e-02
-5.088667036821803435e-02
-5.088667036821803435e-02
-5.343347460524938697e-02
-4.579306189415532913e-02
-5.343347460524938697e-02
-5.088667036821803435e-02
-5.343347460524938697e-02
-5.088667036821803435e-02
-5.343347460524938697e-02
-5.088667036821803435e-02
-4.579306189415532913e-02
-4.833986613118668174e-02
-5.343347460524938697e-02
-6.107388731634344481e-02
-5.852708307931209220e-02
-6.107388731634344481e-02
-5.088667036821803435e-02
-5.088667036821803435e-02
-4.579306189415532913e-02
-4.833986613118668174e-02
-5.088667036821803435e-02
-5.343347460524938697e-02
-5.852708307931209220e-02
-5.852708307931209220e-02
-5.343347460524938697e-02
-4.579306189415532913e-02
-4.579306189415532913e-02
-5.343347460524938697e-02
-5.088667036821803435e-02
-5.852708307931209220e-02
-6.107388731634344481e-02
-5.088667036821803435e-02
-5.088667036821803435e-02
-4.579306189415532913e-02
-4.833986613118668174e-02
-5.088667036821803435e-02
-5.343347460524938697e-02
-5.852708307931209220e-02
-5.343347460524938697e-02
-4.833986613118668174e-02
-4.579306189415532913e-02
-5.088667036821803435e-02
-5.343347460524938697e-02
-6.107388731634344481e-02
-5.852708307931209220e-02
-5.852708307931209220e-02
-5.088667036821803435e-02
-5.343347460524938697e-02
-4.833986613118668174e-02
-5.088667036821803435e-02
-5.343347460524938697e-02
-6.107388731634344481e-02
-5.852708307931209220e-02
-5.343347460524938697e-02
-5.343347460524938697e-02
-4.579306189415532913e-02
-4.579306189415532913e-02
-5.343347460524938697e-02
-5.343347460524938697e-02
-5.852708307931209220e-02
-5.343347460524938697e-02
-5.343347460524938697e-02
-4.579306189415532913e-02
-4.579306189415532913e-02
-5.343347460524938697e-02
-5.343347460524938697e-02
-6.107388731634344481e-02
-6.107388731634344481e-02
-5.598027884228073958e-02
-5.343347460524938697e-02
-4.579306189415532913e-02
-5.088667036821803435e-02
-5.088667036821803435e-02
-5.852708307931209220e-02
-6.107388731634344481e-02
-5.343347460524938697e-02
-5.343347460524938697e-02
-4.579306189415532913e-02
-4.579306189415532913e-02
-5.088667036821803435e-02
-5.343347460524938697e-02
-5.852708307931209220e-02
-6.107388731634344481e-02
-5.343347460524938697e-02
-5.088667036821803435e-02
-4.833986613118668174e-02
-4.833986613118668174e-02
-5.343347460524938697e-02
-5.852708307931209220e-02
-5.852708307931209220e-02
-5.343347460524938697e-02
-5.343347460524938697e-02
-4.833986613118668174e-02
-4.833986613118668174e-02
-5.343347460524938697e-02
-6.107388731634344481e-02
-5.852708307931209220e-02
-5.343347460524938697e-02
-5.343347460524938697e-02
-4.833986613118668174e-02
-4.579306189415532913e-02
-5.343347460524938697e-02
-5.343347460524938697e-02
-5.852708307931209220e-02
-5.852708307931209220e-02
-5.343347460524938697e-02
-5.343347460524938697e-02
-4.579306189415532913e-02
-4.833986613118668174e-02
-5.343347460524938697e-02
-5.343347460524938697e-02
-5.852708307931209220e-02
-5.343347460524938697e-02
-5.598027884228073958e-02
-4.324625765712397651e-02
-5.088667036821803435e-02
-5.343347460524938697e-02
-5.343347460524938697e-02
-5.852708307931209220e-02
-5.088667036821803435e-02
-5.343347460524938697e-02
-4.833986613118668174e-02
-4.579306189415532913e-02
-5.343347460524938697e-02
-5.343347460524938697e-02
-5.852708307931209220e-02
-5.343347460524938697e-02
-5.343347460524938697e-02
-4.833986613118668174e-02
-5.343347460524938697e-02
-5.343347460524938697e-02
-5.343347460524938697e-02
-5.852708307931209220e-02
-5.343347460524938697e-02
-5.343347460524938697e-02
-5.343347460524938697e-02
-4.833986613118668174e-02
-4.579306189415532913e-02
-5.343347460524938697e-02
-5.852708307931209220e-02
-5.852708307931209220e-02
-5.343347460524938697e-02
-5.343347460524938697e-02
-4.579306189415532913e-02
-5.343347460524938697e-02
-5.343347460524938697e-02
-5.852708307931209220e-02
-6.107388731634344481e-02
-5.088667036821803435e-02
-5.343347460524938697e-02
-4.579306189415532913e-02
-5.343347460524938697e-02
-5.343347460524938697e-02
-5.852708307931209220e-02
-5.852708307931209220e-02
-5.343347460524938697e-02
-5.343347460524938697e-02
-4.579306189415532913e-02
-4.579306189415532913e-02
-5.343347460524938697e-02
-5.343347460524938697e-02
-5.343347460524938697e-02
-5.598027884228073958e-02
-5.852708307931209220e-02
-5.343347460524938697e-02
-5.343347460524938697e-02
-5.343347460524938697e-02
-5.343347460524938697e-02
-5.343347460524938697e-02
-6.107388731634344481e-02
-5.852708307931209220e-02
-5.088667036821803435e-02
-5.088667036821803435e-02
-5.088667036821803435e-02
-4.833986613118668174e-02
-5.088667036821803435e-02
-5.088667036821803435e-02
-6.107388731634344481e-02
-5.343347460524938697e-02
-5.343347460524938697e-02
-4.579306189415532913e-02
-4.833986613118668174e-02
-5.343347460524938697e-02
-5.343347460524938697e-02
-6.107388731634344481e-02
-6.107388731634344481e-02
-5.343347460524938697e-02
-5.343347460524938697e-02
-4.833986613118668174e-02
-5.088667036821803435e-02
-5.852708307931209220e-02
-5.852708307931209220e-02
-6.107388731634344481e-02
-5.088667036821803435e-02
-5.598027884228073958e-02
-4.833986613118668174e-02
-4.833986613118668174e-02
-5.088667036821803435e-02
-5.343347460524938697e-02
-5.852708307931209220e-02
-5.852708307931209220e-02
-5.343347460524938697e-02
-5.343347460524938697e-02
-4.833986613118668174e-02
-4.833986613118668174e-02
-5.343347460524938697e-02
-5.088667036821803435e-02
-6.107388731634344481e-02
-5.852708307931209220e-02
-5.343347460524938697e-02
-5.343347460524938697e-02
-4.833986613118668174e-02
-5.343347460524938697e-02
-5.343347460524938697e-02
-5.852708307931209220e-02
-5.852708307931209220e-02
-5.343347460524938697e-02
-4.833986613118668174e-02
-4.579306189415532913e-02
-5.343347460524938697e-02
-5.343347460524938697e-02
-5.852708307931209220e-02
-5.852708307931209220e-02
-6.107388731634344481e-02
-5.088667036821803435e-02
-5.598027884228073958e-02
-4.833986613118668174e-02
-4.579306189415532913e-02
-5.343347460524938697e-02
-5.343347460524938697e-02
-5.852708307931209220e-02
-5.343347460524938697e-02
-5.598027884228073958e-02
-4.833986613118668174e-02
-4.833986613118668174e-02
-5.343347460524938697e-02
-5.343347460524938697e-02
-5.852708307931209220e-02
-5.852708307931209220e-02
-5.088667036821803435e-02
-5.343347460524938697e-02
-4.579306189415532913e-02
-4.833986613118668174e-02
-5.088667036821803435e-02
-6.107388731634344481e-02
-6.107388731634344481e-02
-6.107388731634344481e-02
-5.088667036821803435e-02
-4.579306189415532913e-02
-4.833986613118668174e-02
-5.088667036821803435e-02
-5.343347460524938697e-02
-5.852708307931209220e-02
-5.852708307931209220e-02
-5.343347460524938697e-02
-4.579306189415532913e-02
-4.833986613118668174e-02
-5.343347460524938697e-02
-5.343347460524938697e-02
-5.852708307931209220e-02
-5.852708307931209220e-02
-5.343347460524938697e-02
-5.343347460524938697e-02
-5.343347460524938697e-02
-4.833986613118668174e-02
-4.833986613118668174e-02
-5.343347460524938697e-02
-5.852708307931209220e-02
-5.852708307931209220e-02
-5.343347460524938697e-02
-5.343347460524938697e-02
-4.579306189415532913e-02
-5.343347460524938697e-02
-5.088667036821803435e-02
-5.852708307931209220e-02
-5.852708307931209220e-02
-5.088667036821803435e-02
-5.343347460524938697e-02
-4.579306189415532913e-02
-4.833986613118668174e-02
-4.833986613118668174e-02
-5.343347460524938697e-02
-5.852708307931209220e-02
-6.107388731634344481e-02
-5.343347460524938697e-02
-5.343347460524938697e-02
-4.833986613118668174e-02
-4.579306189415532913e-02
-5.088667036821803435e-02
-5.343347460524938697e-02
-5.852708307931209220e-02
-5.852708307931209220e-02
-5.343347460524938697e-02
-5.088667036821803435e-02
-4.833986613118668174e-02
-4.833986613118668174e-02
-5.343347460524938697e-02
-6.107388731634344481e-02
-6.107388731634344481e-02
-5.343347460524938697e-02
-5.343347460524938697e-02
-4.579306189415532913e-02
-4.833986613118668174e-02
-5.343347460524938697e-02
-5.852708307931209220e-02
-5.852708307931209220e-02
-5.088667036821803435e-02
-5.088667036821803435e-02
-5.343347460524938697e-02
-4.833986613118668174e-02
-4.579306189415532913e-02
-5.343347460524938697e-02
-5.852708307931209220e-02
-5.598027884228073958e-02
-5.088667036821803435e-02
-5.343347460524938697e-02
-4.579306189415532913e-02
-4.833986613118668174e-02
-5.088667036821803435e-02
-5.343347460524938697e-02
-5.852708307931209220e-02
-5.852708307931209220e-02
-5.088667036821803435e-02
-5.343347460524938697e-02
-4.833986613118668174e-02
-4.833986613118668174e-02
-5.088667036821803435e-02
-5.088667036821803435e-02
-5.852708307931209220e-02
-5.343347460524938697e-02
-5.088667036821803435e-02
-4.833986613118668174e-02
-4.833986613118668174e-02
-5.343347460524938697e-02
-5.343347460524938697e-02
-5.852708307931209220e-02
-5.088667036821803435e-02
-5.343347460524938697e-02
-5.343347460524938697e-02
-4.579306189415532913e-02
-4.833986613118668174e-02
-5.343347460524938697e-02
-5.343347460524938697e-02
-5.598027884228073958e-02
-6.107388731634344481e-02
-5.088667036821803435e-02
-5.343347460524938697e-02
-4.579306189415532913e-02
-4.579306189415532913e-02
-5.088667036821803435e-02
-5.343347460524938697e-02
-5.852708307931209220e-02
-6.107388731634344481e-02
-5.343347460524938697e-02
-4.579306189415532913e-02
-4.833986613118668174e-02
-5.088667036821803435e-02
-5.852708307931209220e-02
-5.852708307931209220e-02
-5.343347460524938697e-02
-5.343347460524938697e-02
-5.343347460524938697e-02
-4.833986613118668174e-02
-4.833986613118668174e-02
-5.343347460524938697e-02
-5.088667036821803435e-02
-5.852708307931209220e-02
-5.852708307931209220e-02
-5.343347460524938697e-02
-4.579306189415532913e-02
-4.833986613118668174e-02
-5.343347460524938697e-02
-5.852708307931209220e-02
-5.852708307931209220e-02
-5.598027884228073958e-02
-4.579306189415532913e-02
-4.579306189415532913e-02
-5.343347460524938697e-02
-5.343347460524938697e-02
-5.852708307931209220e-02
-5.852708307931209220e-02
-5.852708307931209220e-02
-5.343347460524938697e-02
-4.579306189415532913e-02
-4.833986613118668174e-02
-5.343347460524938697e-02
-5.343347460524938697e-02
-5.852708307931209220e-02
-5.852708307931209220e-02
-5.343347460524938697e-02
-5.343347460524938697e-02
-4.833986613118668174e-02
-4.579306189415532913e-02
-5.088667036821803435e-02
-5.343347460524938697e-02
-5.852708307931209220e-02
-5.343347460524938697e-02
-5.343347460524938697e-02
-5.088667036821803435e-02
-4.833986613118668174e-02
-5.343347460524938697e-02
-5.088667036821803435e-02
-5.343347460524938697e-02
-5.852708307931209220e-02
-5.852708307931209220e-02
-5.343347460524938697e-02
-5.598027884228073958e-02
-4.579306189415532913e-02
-4.579306189415532913e-02
-5.088667036821803435e-02
-5.343347460524938697e-02
-5.852708307931209220e-02
-5.343347460524938697e-02
-5.088667036821803435e-02
-4.579306189415532913e-02
-4.833986613118668174e-02
-5.343347460524938697e-02
-5.343347460524938697e-02
-5.852708307931209220e-02
-5.852708307931209220e-02
-5.088667036821803435e-02
-5.343347460524938697e-02
-4.833986613118668174e-02
-4.579306189415532913e-02
-5.088667036821803435e-02
-5.852708307931209220e-02
-5.343347460524938697e-02
-5.343347460524938697e-02
-5.088667036821803435e-02
-4.579306189415532913e-02
-4.833986613118668174e-02
-4.579306189415532913e-02
-5.343347460524938697e-02
-6.107388731634344481e-02
-5.852708307931209220e-02
-5.088667036821803435e-02
-5.343347460524938697e-02
-4.579306189415532913e-02
-4.833986613118668174e-02
-5.343347460524938697e-02
-5.088667036821803435e-02
-5.852708307931209220e-02
-5.852708307931209220e-02
-5.343347460524938697e-02
-4.833986613118668174e-02
-4.579306189415532913e-02
-5.343347460524938697e-02
-5.088667036821803435e-02
-6.107388731634344481e-02
-5.343347460524938697e-02
-5.343347460524938697e-02
-5.343347460524938697e-02
-4.579306189415532913e-02
-4.579306189415532913e-02
-5.088667036821803435e-02
-5.598027884228073958e-02
-6.107388731634344481e-02
-6.107388731634344481e-02
-5.088667036821803435e-02
-5.343347460524938697e-02
-4.833986613118668174e-02
-4.833986613118668174e-02
-5.088667036821803435e-02
-5.343347460524938697e-02
-6.107388731634344481e-02
-5.343347460524938697e-02
-5.343347460524938697e-02
-4.579306189415532913e-02
-4.579306189415532913e-02
-5.088667036821803435e-02
-5.343347460524938697e-02
-5.852708307931209220e-02
-5.852708307931209220e-02
-5.343347460524938697e-02
-5.343347460524938697e-02
-4.833986613118668174e-02
-4.833986613118668174e-02
-5.343347460524938697e-02
-5.343347460524938697e-02
-5.852708307931209220e-02
-5.852708307931209220e-02
-5.088667036821803435e-02
-4.579306189415532913e-02
-4.579306189415532913e-02
-5.343347460524938697e-02
-5.343347460524938697e-02
-5.852708307931209220e-02
-6.107388731634344481e-02
-5.088667036821803435e-02
-5.088667036821803435e-02
-4.579306189415532913e-02
-4.833986613118668174e-02
-5.088667036821803435e-02
-5.088667036821803435e-02
-5.852708307931209220e-02
-5.598027884228073958e-02
-5.088667036821803435e-02
-5.598027884228073958e-02
-4.579306189415532913e-02
-5.343347460524938697e-02
-5.088667036821803435e-02
-5.852708307931209220e-02
-6.107388731634344481e-02
-5.343347460524938697e-02
-5.088667036821803435e-02
-4.579306189415532913e-02
-4.579306189415532913e-02
-4.833986613118668174e-02
-5.343347460524938697e-02
-5.343347460524938697e-02
-6.107388731634344481e-02
-5.852708307931209220e-02
-5.088667036821803435e-02
-4.579306189415532913e-02
-4.833986613118668174e-02
-5.343347460524938697e-02
-5.343347460524938697e-02
-5.852708307931209220e-02
-5.852708307931209220e-02
-5.088667036821803435e-02
-5.088667036821803435e-02
-4.579306189415532913e-02
-4.833986613118668174e-02
-5.088667036821803435e-02
-5.088667036821803435e-02
-6.107388731634344481e-02
-5.852708307931209220e-02
-5.343347460524938697e-02
-4.579306189415532913e-02
-4.833986613118668174e-02
-5.343347460524938697e-02
-5.343347460524938697e-02
-5.852708307931209220e-02
-5.852708307931209220e-02
-4.833986613118668174e-02
-4.579306189415532913e-02
-4.579306189415532913e-02
-5.343347460524938697e-02
-5.343347460524938697e-02
-5.852708307931209220e-02
-5.343347460524938697e-02
-5.343347460524938697e-02
-4.833986613118668174e-02
-4.579306189415532913e-02
-5.088667036821803435e-02
-5.343347460524938697e-02
-6.107388731634344481e-02
-5.852708307931209220e-02
-5.343347460524938697e-02
-5.343347460524938697e-02
-4.579306189415532913e-02
-5.343347460524938697e-02
-5.343347460524938697e-02
-5.343347460524938697e-02
-5.852708307931209220e-02
-5.343347460524938697e-02
-5.088667036821803435e-02
-4.579306189415532913e-02
-4.833986613118668174e-02
-5.343347460524938697e-02
-5.343347460524938697e-02
-6.107388731634344481e-02
-5.852708307931209220e-02
-5.343347460524938697e-02
-5.088667036821803435e-02
-4.833986613118668174e-02
-4.833986613118668174e-02
-5.088667036821803435e-02
-5.343347460524938697e-02
-5.852708307931209220e-02
-5.852708307931209220e-02
-5.088667036821803435e-02
-4.579306189415532913e-02
-4.833986613118668174e-02
-5.343347460524938697e-02
-5.343347460524938697e-02
-5.852708307931209220e-02
-6.107388731634344481e-02
-5.343347460524938697e-02
-5.088667036821803435e-02
-5.343347460524938697e-02
-4.833986613118668174e-02
-5.343347460524938697e-02
-5.343347460524938697e-02
-5.852708307931209220e-02
-5.852708307931209220e-02
-5.343347460524938697e-02
-4.579306189415532913e-02
-4.833986613118668174e-02
-5.343347460524938697e-02
-5.088667036821803435e-02
-6.107388731634344481e-02
-5.343347460524938697e-02
-5.088667036821803435e-02
-5.343347460524938697e-02
-4.833986613118668174e-02
-4.579306189415532913e-02
-5.088667036821803435e-02
-5.343347460524938697e-02
-5.852708307931209220e-02
-5.852708307931209220e-02
-5.088667036821803435e-02
-5.343347460524938697e-02
-4.833986613118668174e-02
-4.833986613118668174e-02
-5.343347460524938697e-02
-5.343347460524938697e-02
-5.852708307931209220e-02
-5.852708307931209220e-02
-5.343347460524938697e-02
-5.088667036821803435e-02
-4.833986613118668174e-02
-4.579306189415532913e-02
-5.343347460524938697e-02
-6.107388731634344481e-02
-5.852708307931209220e-02
-5.343347460524938697e-02
-4.833986613118668174e-02
-4.579306189415532913e-02
-4.833986613118668174e-02
-5.088667036821803435e-02
-5.088667036821803435e-02
-5.598027884228073958e-02
-6.107388731634344481e-02
-5.343347460524938697e-02
-5.343347460524938697e-02
-4.833986613118668174e-02
-4.833986613118668174e-02
-5.343347460524938697e-02
-5.088667036821803435e-02
-5.852708307931209220e-02
-5.852708307931209220e-02
-5.343347460524938697e-02
-4.579306189415532913e-02
-4.579306189415532913e-02
-5.088667036821803435e-02
-5.343347460524938697e-02
-5.852708307931209220e-02
-5.852708307931209220e-02
-5.343347460524938697e-02
-5.343347460524938697e-02
-4.324625765712397651e-02
-4.833986613118668174e-02
-5.343347460524938697e-02
-5.088667036821803435e-02
-5.852708307931209220e-02
-6.107388731634344481e-02
-5.598027884228073958e-02
-4.833986613118668174e-02
-5.343347460524938697e-02
-5.088667036821803435e-02
-6.107388731634344481e-02
-5.598027884228073958e-02
-5.343347460524938697e-02
-5.088667036821803435e-02
-4.579306189415532913e-02
-4.833986613118668174e-02
-5.343347460524938697e-02
-5.088667036821803435e-02
-5.852708307931209220e-02
-5.343347460524938697e-02
-5.343347460524938697e-02
-5.343347460524938697e-02
-4.833986613118668174e-02
-5.343347460524938697e-02
-5.088667036821803435e-02
-5.343347460524938697e-02
-5.852708307931209220e-02
-5.088667036821803435e-02
-5.343347460524938697e-02
-4.579306189415532913e-02
-5.343347460524938697e-02
-5.088667036821803435e-02
-6.107388731634344481e-02
-6.107388731634344481e-02
-5.343347460524938697e-02
-5.343347460524938697e-02
-4.579306189415532913e-02
-4.833986613118668174e-02
-4.833986613118668174e-02
-4.833986613118668174e-02
-5.852708307931209220e-02
-5.852708307931209220e-02
-5.343347460524938697e-02
-5.088667036821803435e-02
-4.833986613118668174e-02
-4.833986613118668174e-02
-5.088667036821803435e-02
-5.852708307931209220e-02
-6.107388731634344481e-02
-6.107388731634344481e-02
-5.343347460524938697e-02
-5.598027884228073958e-02
-4.579306189415532913e-02
-4.833986613118668174e-02
-5.343347460524938697e-02
-5.088667036821803435e-02
-6.107388731634344481e-02
-5.852708307931209220e-02
-5.343347460524938697e-02
-5.343347460524938697e-02
-4.579306189415532913e-02
-5.088667036821803435e-02
-5.343347460524938697e-02
-6.107388731634344481e-02
-5.852708307931209220e-02
-5.088667036821803435e-02
-5.343347460524938697e-02
-4.833986613118668174e-02
-4.833986613118668174e-02
-5.088667036821803435e-02
-5.343347460524938697e-02
-6.107388731634344481e-02
-5.852708307931209220e-02
-5.343347460524938697e-02
-5.343347460524938697e-02
-4.579306189415532913e-02
-5.598027884228073958e-02
-5.343347460524938697e-02
-5.852708307931209220e-02
-5.852708307931209220e-02
-5.088667036821803435e-02
-5.343347460524938697e-02
-5.088667036821803435e-02
-4.579306189415532913e-02
-5.343347460524938697e-02
-5.343347460524938697e-02
-5.852708307931209220e-02
-5.852708307931209220e-02
-5.343347460524938697e-02
-5.088667036821803435e-02
-4.833986613118668174e-02
-5.343347460524938697e-02
-5.088667036821803435e-02
-5.852708307931209220e-02
-5.852708307931209220e-02
-5.343347460524938697e-02
-5.343347460524938697e-02
-4.833986613118668174e-02
-4.579306189415532913e-02
-5.343347460524938697e-02
-6.107388731634344481e-02
-5.852708307931209220e-02
-5.343347460524938697e-02
-5.088667036821803435e-02
-4.833986613118668174e-02
-4.579306189415532913e-02
-5.598027884228073958e-02
-5.343347460524938697e-02
-6.107388731634344481e-02
-5.852708307931209220e-02
-5.343347460524938697e-02
-5.343347460524938697e-02
-4.833986613118668174e-02
-5.343347460524938697e-02
-5.343347460524938697e-02
-5.343347460524938697e-02
-6.107388731634344481e-02
-6.107388731634344481e-02
-5.343347460524938697e-02
-5.343347460524938697e-02
-4.833986613118668174e-02
-5.343347460524938697e-02
-5.343347460524938697e-02
-5.088667036821803435e-02
-6.107388731634344481e-02
-5.343347460524938697e-02
-5.088667036821803435e-02
-4.833986613118668174e-02
-5.343347460524938697e-02
-5.343347460524938697e-02
-5.852708307931209220e-02
-5.852708307931209220e-02
-5.852708307931209220e-02
-5.343347460524938697e-02
-5.088667036821803435e-02
-4.833986613118668174e-02
-5.088667036821803435e-02
-5.088667036821803435e-02
-5.343347460524938697e-02
-5.852708307931209220e-02
-5.852708307931209220e-02
-5.088667036821803435e-02
-5.343347460524938697e-02
-4.579306189415532913e-02
-5.343347460524938697e-02
-6.107388731634344481e-02
-5.852708307931209220e-02
-5.852708307931209220e-02
-5.343347460524938697e-02
-5.343347460524938697e-02
-4.579306189415532913e-02
-4.579306189415532913e-02
-5.343347460524938697e-02
-5.343347460524938697e-02
-6.107388731634344481e-02
-5.852708307931209220e-02
-5.343347460524938697e-02
-5.343347460524938697e-02
-4.833986613118668174e-02
-5.343347460524938697e-02
-5.852708307931209220e-02
-5.852708307931209220e-02
-5.343347460524938697e-02
-5.343347460524938697e-02
-4.833986613118668174e-02
-4.579306189415532913e-02
-5.343347460524938697e-02
-5.343347460524938697e-02
-6.107388731634344481e-02
-5.598027884228073958e-02
-5.343347460524938697e-02
-5.343347460524938697e-02
-5.088667036821803435e-02
-5.343347460524938697e-02
-5.343347460524938697e-02
-6.107388731634344481e-02
-5.852708307931209220e-02
-5.343347460524938697e-02
-4.833986613118668174e-02
-4.833986613118668174e-02
-5.343347460524938697e-02
-5.343347460524938697e-02
-5.343347460524938697e-02
-5.852708307931209220e-02
-5.598027884228073958e-02
-5.343347460524938697e-02
-4.833986613118668174e-02
-4.579306189415532913e-02
-5.343347460524938697e-02
-5.343347460524938697e-02
-6.107388731634344481e-02
-6.107388731634344481e-02
-5.852708307931209220e-02
-5.343347460524938697e-02
-4.833986613118668174e-02
-4.579306189415532913e-02
-5.598027884228073958e-02
-5.088667036821803435e-02
-5.852708307931209220e-02
-5.343347460524938697e-02
-5.343347460524938697e-02
-4.833986613118668174e-02
-4.833986613118668174e-02
-5.343347460524938697e-02
-5.343347460524938697e-02
-5.852708307931209220e-02
-5.343347460524938697e-02
-5.343347460524938697e-02
-4.579306189415532913e-02
-4.833986613118668174e-02
-5.343347460524938697e-02
-6.107388731634344481e-02
-6.107388731634344481e-02
-5.088667036821803435e-02
-5.343347460524938697e-02
-5.088667036821803435e-02
-4.579306189415532913e-02
-4.833986613118668174e-02
-5.343347460524938697e-02
-5.343347460524938697e-02
-5.852708307931209220e-02
-5.598027884228073958e-02
-5.088667036821803435e-02
-4.833986613118668174e-02
-4.579306189415532913e-02
-5.343347460524938697e-02
-5.088667036821803435e-02
-5.852708307931209220e-02
-5.852708307931209220e-02
-5.343347460524938697e-02
-5.343347460524938697e-02
-4.579306189415532913e-02
-4.579306189415532913e-02
-5.343347460524938697e-02
-5.088667036821803435e-02
-5.852708307931209220e-02
-5.852708307931209220e-02
-5.088667036821803435e-02
-4.579306189415532913e-02
-4.579306189415532913e-02
-5.343347460524938697e-02
-5.088667036821803435e-02
-6.107388731634344481e-02
-5.852708307931209220e-02
-5.343347460524938697e-02
-5.088667036821803435e-02
-4.833986613118668174e-02
-4.833986613118668174e-02
-5.343347460524938697e-02
-5.088667036821803435e-02
-6.107388731634344481e-02
-5.852708307931209220e-02
-5.343347460524938697e-02
-4.833986613118668174e-02
-4.579306189415532913e-02
-5.343347460524938697e-02
-6.107388731634344481e-02
-6.107388731634344481e-02
-5.343347460524938697e-02
-5.598027884228073958e-02
-4.833986613118668174e-02
-4.579306189415532913e-02
-5.343347460524938697e-02
-5.343347460524938697e-02
-6.107388731634344481e-02
-5.852708307931209220e-02
-5.598027884228073958e-02
-5.343347460524938697e-02
-4.833986613118668174e-02
-5.088667036821803435e-02
-5.343347460524938697e-02
-5.852708307931209220e-02
-6.107388731634344481e-02
-5.343347460524938697e-02
-5.598027884228073958e-02
-4.833986613118668174e-02
-4.833986613118668174e-02
-5.343347460524938697e-02
-5.088667036821803435e-02
-6.107388731634344481e-02
-5.852708307931209220e-02
-5.343347460524938697e-02
-5.598027884228073958e-02
-4.833986613118668174e-02
-4.579306189415532913e-02
-5.088667036821803435e-02
-5.343347460524938697e-02
-5.852708307931209220e-02
-5.343347460524938697e-02
-5.088667036821803435e-02
-4.833986613118668174e-02
-4.833986613118668174e-02
-5.343347460524938697e-02
-5.343347460524938697e-02
-6.107388731634344481e-02
-6.107388731634344481e-02
-5.088667036821803435e-02
-5.343347460524938697e-02
-5.088667036821803435e-02
-4.579306189415532913e-02
-5.343347460524938697e-02
-5.852708307931209220e-02
-5.598027884228073958e-02
-5.343347460524938697e-02
-4.833986613118668174e-02
-4.833986613118668174e-02
-4.833986613118668174e-02
-5.343347460524938697e-02
-5.088667036821803435e-02
-6.107388731634344481e-02
-5.852708307931209220e-02
-5.088667036821803435e-02
-5.343347460524938697e-02
-4.833986613118668174e-02
-4.833986613118668174e-02
-5.088667036821803435e-02
-6.107388731634344481e-02
-6.107388731634344481e-02
-5.088667036821803435e-02
-5.343347460524938697e-02
-5.088667036821803435e-02
-4.833986613118668174e-02
-5.343347460524938697e-02
-5.343347460524938697e-02
-5.852708307931209220e-02
-5.852708307931209220e-02
-5.343347460524938697e-02
-5.088667036821803435e-02
-4.833986613118668174e-02
-4.579306189415532913e-02
-5.343347460524938697e-02
-5.852708307931209220e-02
-6.107388731634344481e-02
-5.343347460524938697e-02
-5.343347460524938697e-02
-4.833986613118668174e-02
-5.343347460524938697e-02
-5.343347460524938697e-02
-5.852708307931209220e-02
-6.107388731634344481e-02
-5.088667036821803435e-02
-5.343347460524938697e-02
-5.343347460524938697e-02
-4.579306189415532913e-02
-4.579306189415532913e-02
-5.088667036821803435e-02
-5.852708307931209220e-02
-6.107388731634344481e-02
-5.598027884228073958e-02
-5.343347460524938697e-02
-4.579306189415532913e-02
-4.579306189415532913e-02
-5.343347460524938697e-02
-5.343347460524938697e-02
-5.852708307931209220e-02
-5.852708307931209220e-02
-5.343347460524938697e-02
-4.833986613118668174e-02
-4.833986613118668174e-02
-5.088667036821803435e-02
-5.343347460524938697e-02
-6.107388731634344481e-02
-5.852708307931209220e-02
-5.343347460524938697e-02
-5.343347460524938697e-02
-4.579306189415532913e-02
-4.579306189415532913e-02
-5.343347460524938697e-02
-5.343347460524938697e-02
-5.852708307931209220e-02
-5.343347460524938697e-02
-5.088667036821803435e-02
-4.579306189415532913e-02
-4.833986613118668174e-02
-5.343347460524938697e-02
-5.088667036821803435e-02
-6.107388731634344481e-02
-5.852708307931209220e-02
-5.343347460524938697e-02
-5.343347460524938697e-02
-5.088667036821803435e-02
-5.598027884228073958e-02
-5.343347460524938697e-02
-6.107388731634344481e-02
-5.852708307931209220e-02
-5.343347460524938697e-02
-5.088667036821803435e-02
-4.833986613118668174e-02
-5.088667036821803435e-02
-5.343347460524938697e-02
-5.343347460524938697e-02
-6.107388731634344481e-02
-5.852708307931209220e-02
-5.088667036821803435e-02
-4.833986613118668174e-02
-5.343347460524938697e-02
-5.343347460524938697e-02
-5.852708307931209220e-02
-6.107388731634344481e-02
-5.852708307931209220e-02
-5.343347460524938697e-02
-4.579306189415532913e-02
-5.343347460524938697e-02
-4.579306189415532913e-02
-5.343347460524938697e-02
-5.343347460524938697e-02
-5.852708307931209220e-02
-6.107388731634344481e-02
-5.598027884228073958e-02
-5.088667036821803435e-02
-4.833986613118668174e-02
-4.579306189415532913e-02
-5.343347460524938697e-02
-5.088667036821803435e-02
-5.852708307931209220e-02
-5.343347460524938697e-02
-5.343347460524938697e-02
-4.833986613118668174e-02
-4.579306189415532913e-02
-5.598027884228073958e-02
-5.088667036821803435e-02
-5.852708307931209220e-02
-5.852708307931209220e-02
-5.598027884228073958e-02
-5.343347460524938697e-02
-4.579306189415532913e-02
-4.833986613118668174e-02
-5.088667036821803435e-02
-6.107388731634344481e-02
-5.852708307931209220e-02
-5.343347460524938697e-02
-5.343347460524938697e-02
-4.833986613118668174e-02
-4.579306189415532913e-02
-5.343347460524938697e-02
-5.343347460524938697e-02
-5.852708307931209220e-02
-5.852708307931209220e-02
-5.088667036821803435e-02
-4.579306189415532913e-02
-4.833986613118668174e-02
-5.343347460524938697e-02
-5.343347460524938697e-02
-6.107388731634344481e-02
-5.852708307931209220e-02
-5.343347460524938697e-02
-5.343347460524938697e-02
-4.579306189415532913e-02
-5.343347460524938697e-02
-5.088667036821803435e-02
-6.107388731634344481e-02
-5.852708307931209220e-02
-5.598027884228073958e-02
-4.833986613118668174e-02
-4.833986613118668174e-02
-5.343347460524938697e-02
-5.343347460524938697e-02
-5.852708307931209220e-02
-5.343347460524938697e-02
-5.343347460524938697e-02
-4.833986613118668174e-02
-4.579306189415532913e-02
-5.343347460524938697e-02
-5.598027884228073958e-02
-5.852708307931209220e-02
-5.852708307931209220e-02
-5.598027884228073958e-02
-5.598027884228073958e-02
-4.579306189415532913e-02
-4.833986613118668174e-02
-5.343347460524938697e-02
-5.343347460524938697e-02
-5.852708307931209220e-02
-6.107388731634344481e-02
-5.088667036821803435e-02
-5.343347460524938697e-02
-5.343347460524938697e-02
-4.579306189415532913e-02
-5.343347460524938697e-02
-5.088667036821803435e-02
-5.852708307931209220e-02
-5.088667036821803435e-02
-5.343347460524938697e-02
-5.088667036821803435e-02
-4.833986613118668174e-02
-5.343347460524938697e-02
-5.088667036821803435e-02
-6.107388731634344481e-02
-6.107388731634344481e-02
-5.343347460524938697e-02
-5.343347460524938697e-02
-4.833986613118668174e-02
-4.833986613118668174e-02
-5.088667036821803435e-02
-5.852708307931209220e-02
-6.107388731634344481e-02
-5.852708307931209220e-02
-5.343347460524938697e-02
-5.088667036821803435e-02
-4.579306189415532913e-02
-5.343347460524938697e-02
-5.343347460524938697e-02
-6.107388731634344481e-02
-6.107388731634344481e-02
-5.088667036821803435e-02
-5.343347460524938697e-02
-4.833986613118668174e-02
-4.579306189415532913e-02
-5.343347460524938697e-02
-5.343347460524938697e-02
-6.107388731634344481e-02
-5.088667036821803435e-02
-5.598027884228073958e-02
-5.598027884228073958e-02
-4.833986613118668174e-02
-4.579306189415532913e-02
-5.343347460524938697e-02
-5.343347460524938697e-02
-6.107388731634344481e-02
-5.343347460524938697e-02
-5.343347460524938697e-02
-4.579306189415532913e-02
-5.088667036821803435e-02
-5.088667036821803435e-02
-5.088667036821803435e-02
-6.107388731634344481e-02
-5.343347460524938697e-02
-5.343347460524938697e-02
-5.343347460524938697e-02
-4.579306189415532913e-02
-5.343347460524938697e-02
-5.343347460524938697e-02
-5.088667036821803435e-02
-6.107388731634344481e-02
-5.598027884228073958e-02
-5.598027884228073958e-02
-4.833986613118668174e-02
-4.833986613118668174e-02
-5.343347460524938697e-02
-5.852708307931209220e-02
-6.107388731634344481e-02
-5.343347460524938697e-02
-5.598027884228073958e-02
-5.088667036821803435e-02
-4.833986613118668174e-02
-5.343347460524938697e-02
-5.343347460524938697e-02
-6.107388731634344481e-02
-5.852708307931209220e-02
-5.343347460524938697e-02
-5.343347460524938697e-02
-5.088667036821803435e-02
-4.579306189415532913e-02
-5.343347460524938697e-02
-5.852708307931209220e-02
-6.107388731634344481e-02
-5.088667036821803435e-02
-5.343347460524938697e-02
-4.579306189415532913e-02
-4.833986613118668174e-02
-5.343347460524938697e-02
-5.088667036821803435e-02
-6.107388731634344481e-02
-6.107388731634344481e-02
-5.598027884228073958e-02
-5.343347460524938697e-02
-4.579306189415532913e-02
-4.579306189415532913e-02
-5.343347460524938697e-02
-5.088667036821803435e-02
-5.852708307931209220e-02
-5.852708307931209220e-02
-5.088667036821803435e-02
-5.343347460524938697e-02
-4.833986613118668174e-02
-4.579306189415532913e-02
-5.343347460524938697e-02
-5.852708307931209220e-02
-5.088667036821803435e-02
-5.598027884228073958e-02
-4.579306189415532913e-02
-4.579306189415532913e-02
-5.088667036821803435e-02
-5.343347460524938697e-02
-5.852708307931209220e-02
-5.852708307931209220e-02
-5.343347460524938697e-02
-5.343347460524938697e-02
-5.088667036821803435e-02
-5.088667036821803435e-02
-5.088667036821803435e-02
-5.852708307931209220e-02
-5.852708307931209220e-02
-5.343347460524938697e-02
-5.598027884228073958e-02
-4.833986613118668174e-02
-4.833986613118668174e-02
-5.598027884228073958e-02
-5.343347460524938697e-02
-6.107388731634344481e-02
-5.852708307931209220e-02
-5.598027884228073958e-02
-5.088667036821803435e-02
-4.833986613118668174e-02
-4.833986613118668174e-02
-5.343347460524938697e-02
-5.343347460524938697e-02
-5.852708307931209220e-02
-5.852708307931209220e-02
-5.343347460524938697e-02
-5.343347460524938697e-02
-4.579306189415532913e-02
-4.579306189415532913e-02
-5.343347460524938697e-02
-6.107388731634344481e-02
-5.852708307931209220e-02
-5.343347460524938697e-02
-5.343347460524938697e-02
-4.833986613118668174e-02
-4.579306189415532913e-02
-5.343347460524938697e-02
-5.343347460524938697e-02
-6.107388731634344481e-02
-5.852708307931209220e-02
-5.343347460524938697e-02
-5.088667036821803435e-02
-4.833986613118668174e-02
-4.833986613118668174e-02
-5.343347460524938697e-02
-6.107388731634344481e-02
-5.852708307931209220e-02
-5.343347460524938697e-02
-5.343347460524938697e-02
-5.088667036821803435e-02
-4.579306189415532913e-02
-5.343347460524938697e-02
-5.343347460524938697e-02
-6.107388731634344481e-02
-5.852708307931209220e-02
-5.088667036821803435e-02
-5.343347460524938697e-02
-4.579306189415532913e-02
-5.343347460524938697e-02
-5.852708307931209220e-02
-6.107388731634344481e-02
-5.343347460524938697e-02
-5.088667036821803435e-02
-4.833986613118668174e-02
-4.833986613118668174e-02
-4.833986613118668174e-02
-5.343347460524938697e-02
-5.852708307931209220e-02
-5.598027884228073958e-02
-5.852708307931209220e-02
-5.598027884228073958e-02
-5.088667036821803435e-02
-4.579306189415532913e-02
-5.343347460524938697e-02
-5.088667036821803435e-02
-5.852708307931209220e-02
-6.107388731634344481e-02
-5.343347460524938697e-02
-4.833986613118668174e-02
-4.833986613118668174e-02
-5.343347460524938697e-02
-5.343347460524938697e-02
-5.852708307931209220e-02
-6.107388731634344481e-02
-5.852708307931209220e-02
-5.088667036821803435e-02
-5.343347460524938697e-02
-4.579306189415532913e-02
-4.579306189415532913e-02
-5.343347460524938697e-02
-5.852708307931209220e-02
-5.852708307931209220e-02
-5.343347460524938697e-02
-5.088667036821803435e-02
-5.088667036821803435e-02
-4.579306189415532913e-02
-5.343347460524938697e-02
-5.343347460524938697e-02
-5.852708307931209220e-02
-6.107388731634344481e-02
-5.343347460524938697e-02
-5.343347460524938697e-02
-4.833986613118668174e-02
-4.579306189415532913e-02
-5.343347460524938697e-02
-6.107388731634344481e-02
-5.343347460524938697e-02
-5.343347460524938697e-02
-4.579306189415532913e-02
-4.833986613118668174e-02
-5.343347460524938697e-02
-5.343347460524938697e-02
-6.107388731634344481e-02
-6.107388731634344481e-02
-5.598027884228073958e-02
-5.343347460524938697e-02
-4.579306189415532913e-02
-4.833986613118668174e-02
-5.343347460524938697e-02
-5.598027884228073958e-02
-6.107388731634344481e-02
-5.852708307931209220e-02
-5.598027884228073958e-02
-5.343347460524938697e-02
-4.833986613118668174e-02
-4.579306189415532913e-02
-5.343347460524938697e-02
-5.852708307931209220e-02
-5.852708307931209220e-02
-5.088667036821803435e-02
-5.343347460524938697e-02
-4.833986613118668174e-02
-5.088667036821803435e-02
-5.343347460524938697e-02
-5.343347460524938697e-02
-6.107388731634344481e-02
-5.343347460524938697e-02
-5.088667036821803435e-02
-5.343347460524938697e-02
-4.579306189415532913e-02
-4.833986613118668174e-02
-5.598027884228073958e-02
-5.088667036821803435e-02
-6.107388731634344481e-02
-5.852708307931209220e-02
-5.343347460524938697e-02
-4.833986613118668174e-02
-4.833986613118668174e-02
-5.343347460524938697e-02
-5.343347460524938697e-02
-5.852708307931209220e-02
-6.107388731634344481e-02
-5.343347460524938697e-02
-5.343347460524938697e-02
-4.833986613118668174e-02
-4.833986613118668174e-02
-5.343347460524938697e-02
-5.343347460524938697e-02
-5.852708307931209220e-02
-5.852708307931209220e-02
-5.343347460524938697e-02
-5.598027884228073958e-02
-4.579306189415532913e-02
-4.833986613118668174e-02
-5.343347460524938697e-02
-5.343347460524938697e-02
-6.107388731634344481e-02
-5.852708307931209220e-02
-5.343347460524938697e-02
-5.088667036821803435e-02
-4.579306189415532913e-02
-4.579306189415532913e-02
-5.343347460524938697e-02
-5.088667036821803435e-02
-6.107388731634344481e-02
-5.343347460524938697e-02
-5.088667036821803435e-02
-5.088667036821803435e-02
-4.833986613118668174e-02
-4.833986613118668174e-02
-5.343347460524938697e-02
-6.107388731634344481e-02
-6.107388731634344481e-02
-5.343347460524938697e-02
-5.343347460524938697e-02
-4.833986613118668174e-02
-4.579306189415532913e-02
-5.343347460524938697e-02
-6.107388731634344481e-02
-6.107388731634344481e-02
-5.598027884228073958e-02
-5.343347460524938697e-02
-5.088667036821803435e-02
-5.088667036821803435e-02
-5.343347460524938697e-02
-5.088667036821803435e-02
-6.107388731634344481e-02
-5.852708307931209220e-02
-5.088667036821803435e-02
-5.343347460524938697e-02
-4.579306189415532913e-02
-4.579306189415532913e-02
-5.343347460524938697e-02
-6.107388731634344481e-02
-6.107388731634344481e-02
-5.343347460524938697e-02
-5.343347460524938697e-02
-4.579306189415532913e-02
-4.833986613118668174e-02
-5.343347460524938697e-02
-5.852708307931209220e-02
-6.107388731634344481e-02
-5.852708307931209220e-02
-5.343347460524938697e-02
-4.579306189415532913e-02
-4.579306189415532913e-02
-4.833986613118668174e-02
-5.343347460524938697e-02
-5.852708307931209220e-02
-6.107388731634344481e-02
-5.598027884228073958e-02
-5.343347460524938697e-02
-4.833986613118668174e-02
-5.343347460524938697e-02
-5.343347460524938697e-02
-5.343347460524938697e-02
-6.107388731634344481e-02
-5.852708307931209220e-02
-5.343347460524938697e-02
-4.833986613118668174e-02
-4.833986613118668174e-02
-5.343347460524938697e-02
-5.343347460524938697e-02
-5.343347460524938697e-02
-5.852708307931209220e-02
-5.852708307931209220e-02
-5.598027884228073958e-02
-5.343347460524938697e-02
-4.833986613118668174e-02
-5.088667036821803435e-02
-5.343347460524938697e-02
-6.107388731634344481e-02
-5.852708307931209220e-02
-5.088667036821803435e-02
-4.579306189415532913e-02
-4.833986613118668174e-02
-5.343347460524938697e-02
-5.343347460524938697e-02
-6.107388731634344481e-02
-5.598027884228073958e-02
-5.343347460524938697e-02
-5.343347460524938697e-02
-4.833986613118668174e-02
-4.579306189415532913e-02
-5.343347460524938697e-02
-5.598027884228073958e-02
-5.852708307931209220e-02
-5.343347460524938697e-02
-5.088667036821803435e-02
-4.833986613118668174e-02
-4.579306189415532913e-02
-5.343347460524938697e-02
-5.852708307931209220e-02
-6.107388731634344481e-02
-5.343347460524938697e-02
-5.343347460524938697e-02
-4.833986613118668174e-02
-4.833986613118668174e-02
-5.343347460524938697e-02
-5.343347460524938697e-02
-6.107388731634344481e-02
-5.088667036821803435e-02
-5.343347460524938697e-02
-4.579306189415532913e-02
-4.833986613118668174e-02
-4.833986613118668174e-02
-5.343347460524938697e-02
-5.088667036821803435e-02
-5.598027884228073958e-02
-5.598027884228073958e-02
-5.343347460524938697e-02
-5.088667036821803435e-02
-4.833986613118668174e-02
-5.343347460524938697e-02
-5.343347460524938697e-02
-6.107388731634344481e-02
-5.852708307931209220e-02
-5.343347460524938697e-02
-5.088667036821803435e-02
-5.343347460524938697e-02
-4.579306189415532913e-02
-5.088667036821803435e-02
-5.088667036821803435e-02
-6.107388731634344481e-02
-5.852708307931209220e-02
-5.343347460524938697e-02
-5.088667036821803435e-02
-4.833986613118668174e-02
-5.343347460524938697e-02
-5.343347460524938697e-02
-6.107388731634344481e-02
-6.107388731634344481e-02
-5.598027884228073958e-02
-5.343347460524938697e-02
-4.579306189415532913e-02
-5.088667036821803435e-02
-5.343347460524938697e-02
-6.107388731634344481e-02
-5.852708307931209220e-02
-5.852708307931209220e-02
-5.343347460524938697e-02
-4.833986613118668174e-02
-4.833986613118668174e-02
-5.088667036821803435e-02
-5.343347460524938697e-02
-6.107388731634344481e-02
-6.107388731634344481e-02
-5.343347460524938697e-02
-5.598027884228073958e-02
-5.088667036821803435e-02
-4.579306189415532913e-02
-5.343347460524938697e-02
-5.343347460524938697e-02
-6.107388731634344481e-02
-5.852708307931209220e-02
-5.598027884228073958e-02
-5.343347460524938697e-02
-4.833986613118668174e-02
-4.833986613118668174e-02
-5.343347460524938697e-02
-6.107388731634344481e-02
-5.852708307931209220e-02
-5.343347460524938697e-02
-5.598027884228073958e-02
-4.579306189415532913e-02
-5.343347460524938697e-02
-5.343347460524938697e-02
-5.852708307931209220e-02
-5.852708307931209220e-02
-5.852708307931209220e-02
-5.088667036821803435e-02
-5.343347460524938697e-02
-4.833986613118668174e-02
-5.088667036821803435e-02
-5.343347460524938697e-02
-5.343347460524938697e-02
-6.107388731634344481e-02
-5.852708307931209220e-02
-5.343347460524938697e-02
-5.088667036821803435e-02
-4.579306189415532913e-02
-5.088667036821803435e-02
-5.343347460524938697e-02
-5.598027884228073958e-02
-5.852708307931209220e-02
-5.343347460524938697e-02
-4.833986613118668174e-02
-4.833986613118668174e-02
-5.343347460524938697e-02
-5.598027884228073958e-02
-6.107388731634344481e-02
-5.852708307931209220e-02
-5.343347460524938697e-02
-5.343347460524938697e-02
-4.833986613118668174e-02
-4.833986613118668174e-02
-5.343347460524938697e-02
-5.852708307931209220e-02
-5.343347460524938697e-02
-5.088667036821803435e-02
-5.088667036821803435e-02
-4.833986613118668174e-02
-4.833986613118668174e-02
-5.343347460524938697e-02
-5.343347460524938697e-02
-5.852708307931209220e-02
-6.107388731634344481e-02
-5.598027884228073958e-02
-4.579306189415532913e-02
-4.579306189415532913e-02
-4.579306189415532913e-02
-5.343347460524938697e-02
-5.852708307931209220e-02
-5.852708307931209220e-02
-6.107388731634344481e-02
-5.343347460524938697e-02
-4.833986613118668174e-02
-4.579306189415532913e-02
-5.343347460524938697e-02
-5.343347460524938697e-02
-6.107388731634344481e-02
-5.852708307931209220e-02
-5.343347460524938697e-02
-5.088667036821803435e-02
-4.579306189415532913e-02
-4.579306189415532913e-02
-5.343347460524938697e-02
-5.852708307931209220e-02
-6.107388731634344481e-02
-5.088667036821803435e-02
-5.343347460524938697e-02
-5.088667036821803435e-02
-4.579306189415532913e-02
-5.343347460524938697e-02
-5.088667036821803435e-02
-6.107388731634344481e-02
-5.852708307931209220e-02
-5.343347460524938697e-02
-5.343347460524938697e-02
-4.833986613118668174e-02
-4.833986613118668174e-02
-5.343347460524938697e-02
-5.852708307931209220e-02
-6.107388731634344481e-02
-5.852708307931209220e-02
-5.343347460524938697e-02
-5.088667036821803435e-02
-4.833986613118668174e-02
-4.833986613118668174e-02
-5.088667036821803435e-02
-5.088667036821803435e-02
-5.852708307931209220e-02
-5.598027884228073958e-02
-5.343347460524938697e-02
-4.833986613118668174e-02
-5.343347460524938697e-02
-5.343347460524938697e-02
-6.107388731634344481e-02
-5.852708307931209220e-02
-5.343347460524938697e-02
-5.343347460524938697e-02
-4.833986613118668174e-02
-4.833986613118668174e-02
-5.343347460524938697e-02
-5.343347460524938697e-02
-5.852708307931209220e-02
-5.343347460524938697e-02
-5.088667036821803435e-02
-5.088667036821803435e-02
-5.088667036821803435e-02
-4.833986613118668174e-02
-5.343347460524938697e-02
-6.107388731634344481e-02
-6.107388731634344481e-02
-5.343347460524938697e-02
-5.343347460524938697e-02
-4.579306189415532913e-02
-4.579306189415532913e-02
-5.088667036821803435e-02
-5.088667036821803435e-02
-6.107388731634344481e-02
-5.852708307931209220e-02
-5.088667036821803435e-02
-5.343347460524938697e-02
-4.833986613118668174e-02
-4.833986613118668174e-02
-4.579306189415532913e-02
-5.088667036821803435e-02
-5.343347460524938697e-02
-5.852708307931209220e-02
-5.852708307931209220e-02
-5.343347460524938697e-02
-4.833986613118668174e-02
-4.833986613118668174e-02
-5.343347460524938697e-02
-5.088667036821803435e-02
-5.852708307931209220e-02
-5.088667036821803435e-02
-5.343347460524938697e-02
-4.833986613118668174e-02
-4.833986613118668174e-02
-5.343347460524938697e-02
-5.088667036821803435e-02
-5.852708307931209220e-02
-5.852708307931209220e-02
-5.343347460524938697e-02
-5.343347460524938697e-02
-4.833986613118668174e-02
-5.343347460524938697e-02
-5.343347460524938697e-02
-5.852708307931209220e-02
-5.852708307931209220e-02
-5.852708307931209220e-02
-5.088667036821803435e-02
-5.343347460524938697e-02
-4.579306189415532913e-02
-5.343347460524938697e-02
-5.343347460524938697e-02
-5.852708307931209220e-02
-6.107388731634344481e-02
-5.343347460524938697e-02
-5.343347460524938697e-02
-4.579306189415532913e-02
-4.833986613118668174e-02
-5.343347460524938697e-02
-5.343347460524938697e-02
-6.107388731634344481e-02
-5.852708307931209220e-02
-5.343347460524938697e-02
-5.343347460524938697e-02
-4.579306189415532913e-02
-4.833986613118668174e-02
-5.343347460524938697e-02
-5.852708307931209220e-02
-5.852708307931209220e-02
-5.343347460524938697e-02
-4.579306189415532913e-02
-4.579306189415532913e-02
-5.343347460524938697e-02
-5.343347460524938697e-02
-5.598027884228073958e-02
-6.107388731634344481e-02
-5.343347460524938697e-02
-5.343347460524938697e-02
-4.579306189415532913e-02
-4.833986613118668174e-02
-5.343347460524938697e-02
-5.852708307931209220e-02
-6.107388731634344481e-02
-6.107388731634344481e-02
-5.343347460524938697e-02
-5.343347460524938697e-02
-4.833986613118668174e-02
-4.833986613118668174e-02
-5.088667036821803435e-02
-5.343347460524938697e-02
-5.852708307931209220e-02
-5.852708307931209220e-02
-5.343347460524938697e-02
-5.088667036821803435e-02
-4.579306189415532913e-02
-4.833986613118668174e-02
-5.088667036821803435e-02
-6.107388731634344481e-02
-5.852708307931209220e-02
-5.343347460524938697e-02
-5.343347460524938697e-02
-4.833986613118668174e-02
-5.088667036821803435e-02
-5.343347460524938697e-02
-5.088667036821803435e-02
-6.107388731634344481e-02
-5.852708307931209220e-02
-5.343347460524938697e-02
-5.343347460524938697e-02
-4.833986613118668174e-02
-4.579306189415532913e-02
-5.343347460524938697e-02
-5.852708307931209220e-02
-5.852708307931209220e-02
-5.088667036821803435e-02
-5.598027884228073958e-02
-4.579306189415532913e-02
-4.833986613118668174e-02
-5.343347460524938697e-02
-5.852708307931209220e-02
-6.107388731634344481e-02
-5.088667036821803435e-02
-5.088667036821803435e-02
-5.088667036821803435e-02
-4.833986613118668174e-02
-5.343347460524938697e-02
-5.852708307931209220e-02
-6.107388731634344481e-02
-5.088667036821803435e-02
-5.343347460524938697e-02
-4.579306189415532913e-02
-4.833986613118668174e-02
-5.343347460524938697e-02
-5.343347460524938697e-02
-6.107388731634344481e-02
-5.852708307931209220e-02
-5.088667036821803435e-02
-5.088667036821803435e-02
-4.579306189415532913e-02
-5.598027884228073958e-02
-5.343347460524938697e-02
-5.852708307931209220e-02
-5.852708307931209220e-02
-5.088667036821803435e-02
-5.343347460524938697e-02
-4.833986613118668174e-02
-4.833986613118668174e-02
-5.343347460524938697e-02
-5.852708307931209220e-02
-5.852708307931209220e-02
-5.088667036821803435e-02
-5.343347460524938697e-02
-5.343347460524938697e-02
-4.579306189415532913e-02
-5.088667036821803435e-02
-5.343347460524938697e-02
-5.088667036821803435e-02
-5.852708307931209220e-02
-6.107388731634344481e-02
-5.088667036821803435e-02
-5.088667036821803435e-02
-4.579306189415532913e-02
-4.833986613118668174e-02
-5.088667036821803435e-02
-5.852708307931209220e-02
-5.598027884228073958e-02
-5.343347460524938697e-02
-4.579306189415532913e-02
-4.833986613118668174e-02
-5.088667036821803435e-02
-5.343347460524938697e-02
-5.852708307931209220e-02
-6.107388731634344481e-02
-5.088667036821803435e-02
-4.833986613118668174e-02
-4.579306189415532913e-02
-5.343347460524938697e-02
-5.343347460524938697e-02
-5.343347460524938697e-02
-5.598027884228073958e-02
-5.852708307931209220e-02
-5.598027884228073958e-02
-5.343347460524938697e-02
-4.833986613118668174e-02
-5.343347460524938697e-02
-5.343347460524938697e-02
-6.107388731634344481e-02
-6.107388731634344481e-02
-5.088667036821803435e-02
-5.088667036821803435e-02
-4.833986613118668174e-02
-5.088667036821803435e-02
-5.088667036821803435e-02
-6.107388731634344481e-02
-5.852708307931209220e-02
-5.343347460524938697e-02
-4.833986613118668174e-02
-4.833986613118668174e-02
-5.088667036821803435e-02
-5.598027884228073958e-02
-6.107388731634344481e-02
-5.852708307931209220e-02
-5.088667036821803435e-02
-5.088667036821803435e-02
-4.833986613118668174e-02
-4.833986613118668174e-02
-5.343347460524938697e-02
-5.852708307931209220e-02
-5.343347460524938697e-02
-5.852708307931209220e-02
-6.107388731634344481e-02
-5.343347460524938697e-02
-4.833986613118668174e-02
-4.579306189415532913e-02
-5.343347460524938697e-02
-5.343347460524938697e-02
-5.852708307931209220e-02
-5.852708307931209220e-02
-5.343347460524938697e-02
-4.579306189415532913e-02
-4.833986613118668174e-02
-5.088667036821803435e-02
-5.088667036821803435e-02
-6.107388731634344481e-02
-6.107388731634344481e-02
-5.343347460524938697e-02
-5.088667036821803435e-02
-4.579306189415532913e-02
-5.088667036821803435e-02
-5.343347460524938697e-02
-6.107388731634344481e-02
-5.852708307931209220e-02
-5.088667036821803435e-02
-5.088667036821803435e-02
-4.833986613118668174e-02
-4.579306189415532913e-02
-5.343347460524938697e-02
-5.343347460524938697e-02
-5.852708307931209220e-02
-5.852708307931209220e-02
-5.088667036821803435e-02
-4.579306189415532913e-02
-4.579306189415532913e-02
-5.343347460524938697e-02
-5.343347460524938697e-02
-6.107388731634344481e-02
-5.852708307931209220e-02
-5.598027884228073958e-02
-5.343347460524938697e-02
-4.833986613118668174e-02
-5.343347460524938697e-02
-5.088667036821803435e-02
-5.343347460524938697e-02
-5.852708307931209220e-02
-6.107388731634344481e-02
-5.598027884228073958e-02
-5.343347460524938697e-02
-4.579306189415532913e-02
-5.088667036821803435e-02
-5.343347460524938697e-02
-5.088667036821803435e-02
-5.852708307931209220e-02
-5.343347460524938697e-02
-5.343347460524938697e-02
-4.833986613118668174e-02
-4.579306189415532913e-02
-5.343347460524938697e-02
-5.088667036821803435e-02
-5.598027884228073958e-02
-5.598027884228073958e-02
-5.088667036821803435e-02
-5.343347460524938697e-02
-4.579306189415532913e-02
-4.833986613118668174e-02
-5.088667036821803435e-02
-5.343347460524938697e-02
-5.598027884228073958e-02
-5.343347460524938697e-02
-5.343347460524938697e-02
-5.088667036821803435e-02
-4.579306189415532913e-02
-5.343347460524938697e-02
-5.088667036821803435e-02
-5.852708307931209220e-02
-6.107388731634344481e-02
-5.088667036821803435e-02
-5.088667036821803435e-02
-5.343347460524938697e-02
-4.579306189415532913e-02
-4.833986613118668174e-02
-5.343347460524938697e-02
-5.343347460524938697e-02
-5.852708307931209220e-02
-5.088667036821803435e-02
-4.579306189415532913e-02
-4.579306189415532913e-02
-5.343347460524938697e-02
-5.088667036821803435e-02
-5.852708307931209220e-02
-6.107388731634344481e-02
-5.088667036821803435e-02
-5.343347460524938697e-02
-4.579306189415532913e-02
-4.833986613118668174e-02
-5.343347460524938697e-02
-5.343347460524938697e-02
-5.852708307931209220e-02
-6.107388731634344481e-02
-5.088667036821803435e-02
-4.579306189415532913e-02
-4.579306189415532913e-02
-5.088667036821803435e-02
-5.343347460524938697e-02
-5.598027884228073958e-02
-5.852708307931209220e-02
-5.343347460524938697e-02
-5.343347460524938697e-02
-4.833986613118668174e-02
-4.579306189415532913e-02
-5.088667036821803435e-02
-5.343347460524938697e-02
-6.107388731634344481e-02
-6.107388731634344481e-02
-5.343347460524938697e-02
-5.343347460524938697e-02
-4.579306189415532913e-02
-4.833986613118668174e-02
-5.343347460524938697e-02
-5.852708307931209220e-02
-5.598027884228073958e-02
-5.343347460524938697e-02
-5.088667036821803435e-02
-4.579306189415532913e-02
-4.833986613118668174e-02
-4.833986613118668174e-02
-5.343347460524938697e-02
-5.343347460524938697e-02
-5.852708307931209220e-02
-5.852708307931209220e-02
-5.343347460524938697e-02
-5.343347460524938697e-02
-4.833986613118668174e-02
-4.833986613118668174e-02
-5.343347460524938697e-02
-5.343347460524938697e-02
-5.852708307931209220e-02
-6.107388731634344481e-02
-5.088667036821803435e-02
-5.343347460524938697e-02
-4.833986613118668174e-02
-4.579306189415532913e-02
-5.343347460524938697e-02
-5.852708307931209220e-02
-5.852708307931209220e-02
-5.088667036821803435e-02
-4.833986613118668174e-02
-4.579306189415532913e-02
-5.343347460524938697e-02
-5.343347460524938697e-02
-6.107388731634344481e-02
-5.852708307931209220e-02
-5.343347460524938697e-02
-5.343347460524938697e-02
-4.579306189415532913e-02
-4.833986613118668174e-02
-5.088667036821803435e-02
-5.343347460524938697e-02
-5.343347460524938697e-02
-5.852708307931209220e-02
-6.107388731634344481e-02
-5.088667036821803435e-02
-4.833986613118668174e-02
-4.833986613118668174e-02
-5.343347460524938697e-02
-5.343347460524938697e-02
-5.598027884228073958e-02
-5.343347460524938697e-02
-5.343347460524938697e-02
-4.833986613118668174e-02
-4.579306189415532913e-02
-5.343347460524938697e-02
-5.343347460524938697e-02
-5.852708307931209220e-02
-5.343347460524938697e-02
-5.088667036821803435e-02
-5.343347460524938697e-02
-4.579306189415532913e-02
-5.343347460524938697e-02
-5.343347460524938697e-02
-5.852708307931209220e-02
-5.088667036821803435e-02
-5.343347460524938697e-02
-5.088667036821803435e-02
-5.088667036821803435e-02
-5.343347460524938697e-02
-5.088667036821803435e-02
-5.343347460524938697e-02
-5.852708307931209220e-02
-5.343347460524938697e-02
-5.343347460524938697e-02
-4.579306189415532913e-02
-4.579306189415532913e-02
-5.343347460524938697e-02
-5.088667036821803435e-02
-5.852708307931209220e-02
-5.598027884228073958e-02
-5.343347460524938697e-02
-5.343347460524938697e-02
-5.343347460524938697e-02
-4.833986613118668174e-02
-5.088667036821803435e-02
-5.088667036821803435e-02
-5.343347460524938697e-02
-5.852708307931209220e-02
-6.107388731634344481e-02
-5.088667036821803435e-02
-4.579306189415532913e-02
-4.579306189415532913e-02
-5.088667036821803435e-02
-5.088667036821803435e-02
-5.852708307931209220e-02
-6.107388731634344481e-02
-5.088667036821803435e-02
-5.088667036821803435e-02
-5.343347460524938697e-02
-4.579306189415532913e-02
-4.833986613118668174e-02
-5.088667036821803435e-02
-5.343347460524938697e-02
-5.598027884228073958e-02
-5.852708307931209220e-02
-5.088667036821803435e-02
-5.598027884228073958e-02
-4.833986613118668174e-02
-4.833986613118668174e-02
-5.343347460524938697e-02
-5.343347460524938697e-02
-5.598027884228073958e-02
-6.107388731634344481e-02
-5.343347460524938697e-02
-4.833986613118668174e-02
-4.579306189415532913e-02
-5.088667036821803435e-02
-5.343347460524938697e-02
-5.852708307931209220e-02
-5.852708307931209220e-02
-5.343347460524938697e-02
-5.343347460524938697e-02
-5.088667036821803435e-02
-4.833986613118668174e-02
-5.343347460524938697e-02
-5.598027884228073958e-02
-5.088667036821803435e-02
-5.088667036821803435e-02
-4.833986613118668174e-02
-4.579306189415532913e-02
-5.343347460524938697e-02
-5.343347460524938697e-02
-6.107388731634344481e-02
-5.852708307931209220e-02
-5.343347460524938697e-02
-5.343347460524938697e-02
-4.833986613118668174e-02
-4.579306189415532913e-02
-5.343347460524938697e-02
-5.343347460524938697e-02
-5.343347460524938697e-02
-5.852708307931209220e-02
-5.088667036821803435e-02
-5.343347460524938697e-02
-4.579306189415532913e-02
-4.833986613118668174e-02
-5.343347460524938697e-02
-5.343347460524938697e-02
-6.107388731634344481e-02
-6.107388731634344481e-02
-5.088667036821803435e-02
-5.343347460524938697e-02
-4.579306189415532913e-02
-4.833986613118668174e-02
-5.088667036821803435e-02
-6.107388731634344481e-02
-5.852708307931209220e-02
-5.343347460524938697e-02
-5.088667036821803435e-02
-4.579306189415532913e-02
-4.833986613118668174e-02
-5.343347460524938697e-02
-5.343347460524938697e-02
-5.852708307931209220e-02
-5.343347460524938697e-02
-5.343347460524938697e-02
-4.579306189415532913e-02
-4.579306189415532913e-02
-5.343347460524938697e-02
-5.088667036821803435e-02
-5.852708307931209220e-02
-5.852708307931209220e-02
-6.107388731634344481e-02
-5.343347460524938697e-02
-4.579306189415532913e-02
-4.833986613118668174e-02
-5.343347460524938697e-02
-6.107388731634344481e-02
-5.852708307931209220e-02
-5.088667036821803435e-02
-5.343347460524938697e-02
-4.579306189415532913e-02
-4.579306189415532913e-02
-5.343347460524938697e-02
-5.852708307931209220e-02
-5.852708307931209220e-02
-5.343347460524938697e-02
-5.088667036821803435e-02
-4.833986613118668174e-02
-4.833986613118668174e-02
-5.343347460524938697e-02
-5.343347460524938697e-02
-6.107388731634344481e-02
-6.362069155337479742e-02
-5.088667036821803435e-02
-5.088667036821803435e-02
-4.579306189415532913e-02
-4.833986613118668174e-02
-5.088667036821803435e-02
-5.343347460524938697e-02
-6.107388731634344481e-02
-5.343347460524938697e-02
-5.343347460524938697e-02
-4.833986613118668174e-02
-4.579306189415532913e-02
-4.833986613118668174e-02
-5.343347460524938697e-02
-5.343347460524938697e-02
-5.852708307931209220e-02
-5.852708307931209220e-02
-5.343347460524938697e-02
-5.343347460524938697e-02
-4.833986613118668174e-02
-5.088667036821803435e-02
-5.343347460524938697e-02
-5.852708307931209220e-02
-5.598027884228073958e-02
-5.343347460524938697e-02
-5.598027884228073958e-02
-4.833986613118668174e-02
-4.833986613118668174e-02
-5.343347460524938697e-02
-5.343347460524938697e-02
-5.852708307931209220e-02
-5.088667036821803435e-02
-5.343347460524938697e-02
-5.088667036821803435e-02
-4.579306189415532913e-02
-5.343347460524938697e-02
-5.343347460524938697e-02
-5.852708307931209220e-02
-5.852708307931209220e-02
-5.088667036821803435e-02
-5.343347460524938697e-02
-4.579306189415532913e-02
-5.343347460524938697e-02
-5.343347460524938697e-02
-5.598027884228073958e-02
-6.107388731634344481e-02
-5.088667036821803435e-02
-4.833986613118668174e-02
-4.833986613118668174e-02
-5.343347460524938697e-02
-4.833986613118668174e-02
-5.852708307931209220e-02
-5.852708307931209220e-02
-5.088667036821803435e-02
-5.343347460524938697e-02
-4.833986613118668174e-02
-5.343347460524938697e-02
-5.343347460524938697e-02
-5.343347460524938697e-02
-5.852708307931209220e-02
-5.343347460524938697e-02
-5.088667036821803435e-02
-4.833986613118668174e-02
-4.833986613118668174e-02
-4.833986613118668174e-02
-5.088667036821803435e-02
-5.343347460524938697e-02
-5.852708307931209220e-02
-6.107388731634344481e-02
-5.343347460524938697e-02
-5.343347460524938697e-02
-4.579306189415532913e-02
-5.088667036821803435e-02
-5.343347460524938697e-02
-5.088667036821803435e-02
-5.852708307931209220e-02
-5.343347460524938697e-02
-5.343347460524938697e-02
-4.833986613118668174e-02
-4.833986613118668174e-02
-5.343347460524938697e-02
-5.343347460524938697e-02
-5.852708307931209220e-02
-5.598027884228073958e-02
-5.088667036821803435e-02
-5.598027884228073958e-02
-4.833986613118668174e-02
-4.833986613118668174e-02
-5.088667036821803435e-02
-6.107388731634344481e-02
-5.852708307931209220e-02
-5.088667036821803435e-02
-5.088667036821803435e-02
-4.579306189415532913e-02
-5.343347460524938697e-02
-6.107388731634344481e-02
-5.852708307931209220e-02
-5.852708307931209220e-02
-5.343347460524938697e-02
-5.088667036821803435e-02
-4.579306189415532913e-02
-4.579306189415532913e-02
-5.343347460524938697e-02
-5.343347460524938697e-02
-5.852708307931209220e-02
-5.852708307931209220e-02
-5.343347460524938697e-02
-5.343347460524938697e-02
-5.088667036821803435e-02
-4.579306189415532913e-02
-4.833986613118668174e-02
-5.343347460524938697e-02
-5.088667036821803435e-02
-5.852708307931209220e-02
-5.343347460524938697e-02
-5.343347460524938697e-02
-4.579306189415532913e-02
-4.833986613118668174e-02
-5.088667036821803435e-02
-6.107388731634344481e-02
-5.852708307931209220e-02
-5.343347460524938697e-02
-5.343347460524938697e-02
-4.579306189415532913e-02
-4.579306189415532913e-02
-5.343347460524938697e-02
-5.343347460524938697e-02
-6.107388731634344481e-02
-5.598027884228073958e-02
-5.088667036821803435e-02
-4.833986613118668174e-02
-5.343347460524938697e-02
-4.579306189415532913e-02
-5.088667036821803435e-02
-5.343347460524938697e-02
-5.852708307931209220e-02
-6.107388731634344481e-02
-5.088667036821803435e-02
-5.343347460524938697e-02
-4.833986613118668174e-02
-4.579306189415532913e-02
-5.343347460524938697e-02
-5.343347460524938697e-02
-5.852708307931209220e-02
-5.088667036821803435e-02
-4.833986613118668174e-02
-4.833986613118668174e-02
-5.343347460524938697e-02
-5.343347460524938697e-02
-5.852708307931209220e-02
-5.852708307931209220e-02
-5.343347460524938697e-02
-5.343347460524938697e-02
-4.833986613118668174e-02
-5.088667036821803435e-02
-5.343347460524938697e-02
-5.852708307931209220e-02
-5.852708307931209220e-02
-5.852708307931209220e-02
-5.343347460524938697e-02
-4.579306189415532913e-02
-4.833986613118668174e-02
-5.343347460524938697e-02
-6.107388731634344481e-02
-6.107388731634344481e-02
-5.343347460524938697e-02
-5.343347460524938697e-02
-5.598027884228073958e-02
-4.833986613118668174e-02
-4.833986613118668174e-02
-5.343347460524938697e-02
-5.343347460524938697e-02
-5.852708307931209220e-02
-6.107388731634344481e-02
-5.088667036821803435e-02
-5.343347460524938697e-02
-4.833986613118668174e-02
-4.833986613118668174e-02
-5.088667036821803435e-02
-5.852708307931209220e-02
-6.107388731634344481e-02
-5.343347460524938697e-02
-5.343347460524938697e-02
-4.579306189415532913e-02
-5.088667036821803435e-02
-5.343347460524938697e-02
-5.088667036821803435e-02
-5.852708307931209220e-02
-6.107388731634344481e-02
-5.343347460524938697e-02
-5.343347460524938697e-02
-4.833986613118668174e-02
-4.833986613118668174e-02
-5.343347460524938697e-02
-5.852708307931209220e-02
-6.107388731634344481e-02
-5.343347460524938697e-02
-5.598027884228073958e-02
-4.833986613118668174e-02
-5.088667036821803435e-02
-5.852708307931209220e-02
-6.107388731634344481e-02
-5.088667036821803435e-02
-5.088667036821803435e-02
-5.343347460524938697e-02
-4.579306189415532913e-02
-5.343347460524938697e-02
-5.088667036821803435e-02
-5.343347460524938697e-02
-5.852708307931209220e-02
-5.852708307931209220e-02
-5.088667036821803435e-02
-5.343347460524938697e-02
-4.833986613118668174e-02
-5.088667036821803435e-02
-5.343347460524938697e-02
-5.852708307931209220e-02
-5.852708307931209220e-02
-5.088667036821803435e-02
-4.579306189415532913e-02
-4.833986613118668174e-02
-5.343347460524938697e-02
-5.088667036821803435e-02
-5.852708307931209220e-02
-6.107388731634344481e-02
-5.088667036821803435e-02
-4.579306189415532913e-02
-5.088667036821803435e-02
-5.343347460524938697e-02
-5.088667036821803435e-02
-5.852708307931209220e-02
-6.107388731634344481e-02
-5.852708307931209220e-02
-5.343347460524938697e-02
-5.343347460524938697e-02
-5.088667036821803435e-02
-4.833986613118668174e-02
-5.088667036821803435e-02
-5.343347460524938697e-02
-6.107388731634344481e-02
-5.852708307931209220e-02
-5.343347460524938697e-02
-5.343347460524938697e-02
-4.833986613118668174e-02
-4.833986613118668174e-02
-5.088667036821803435e-02
-5.852708307931209220e-02
-5.852708307931209220e-02
-5.598027884228073958e-02
-5.343347460524938697e-02
-4.833986613118668174e-02
-4.579306189415532913e-02
-5.343347460524938697e-02
-5.343347460524938697e-02
-5.852708307931209220e-02
-5.343347460524938697e-02
-5.343347460524938697e-02
-4.833986613118668174e-02
-5.343347460524938697e-02
-5.343347460524938697e-02
-5.343347460524938697e-02
-5.852708307931209220e-02
-6.107388731634344481e-02
-5.343347460524938697e-02
-4.833986613118668174e-02
-4.833986613118668174e-02
-5.088667036821803435e-02
-5.852708307931209220e-02
-6.107388731634344481e-02
-5.852708307931209220e-02
-5.343347460524938697e-02
-5.343347460524938697e-02
-4.833986613118668174e-02
-4.833986613118668174e-02
-5.088667036821803435e-02
-5.343347460524938697e-02
-5.852708307931209220e-02
-5.598027884228073958e-02
-5.343347460524938697e-02
-4.579306189415532913e-02
-4.833986613118668174e-02
-5.088667036821803435e-02
-5.852708307931209220e-02
-6.107388731634344481e-02
-5.598027884228073958e-02
-5.343347460524938697e-02
-5.088667036821803435e-02
-4.833986613118668174e-02
-4.833986613118668174e-02
-5.343347460524938697e-02
-5.343347460524938697e-02
-5.852708307931209220e-02
-5.852708307931209220e-02
-5.343347460524938697e-02
-5.343347460524938697e-02
-4.833986613118668174e-02
-4.833986613118668174e-02
-5.343347460524938697e-02
-5.852708307931209220e-02
-6.107388731634344481e-02
-5.343347460524938697e-02
-5.088667036821803435e-02
-4.833986613118668174e-02
-4.833986613118668174e-02
-5.343347460524938697e-02
-5.343347460524938697e-02
-5.852708307931209220e-02
-6.107388731634344481e-02
-5.343347460524938697e-02
-4.579306189415532913e-02
-5.088667036821803435e-02
-5.343347460524938697e-02
-5.598027884228073958e-02
-5.598027884228073958e-02
-6.107388731634344481e-02
-5.343347460524938697e-02
-5.343347460524938697e-02
-4.833986613118668174e-02
-4.579306189415532913e-02
-5.852708307931209220e-02
-6.107388731634344481e-02
-5.343347460524938697e-02
-5.343347460524938697e-02
-4.833986613118668174e-02
-4.833986613118668174e-02
-4.833986613118668174e-02
-5.343347460524938697e-02
-5.343347460524938697e-02
-5.852708307931209220e-02
-5.088667036821803435e-02
-5.343347460524938697e-02
-4.579306189415532913e-02
-4.579306189415532913e-02
-5.343347460524938697e-02
-5.343347460524938697e-02
-6.107388731634344481e-02
-5.088667036821803435e-02
-5.343347460524938697e-02
-4.833986613118668174e-02
-5.343347460524938697e-02
-5.343347460524938697e-02
-5.852708307931209220e-02
-6.107388731634344481e-02
-5.343347460524938697e-02
-5.343347460524938697e-02
-5.088667036821803435e-02
-4.833986613118668174e-02
-5.598027884228073958e-02
-6.107388731634344481e-02
-6.107388731634344481e-02
-5.088667036821803435e-02
-4.579306189415532913e-02
-5.343347460524938697e-02
-4.579306189415532913e-02
-4.833986613118668174e-02
-5.088667036821803435e-02
-6.107388731634344481e-02
-6.107388731634344481e-02
-5.343347460524938697e-02
-5.343347460524938697e-02
-4.833986613118668174e-02
-5.343347460524938697e-02
-5.343347460524938697e-02
-5.852708307931209220e-02
-6.107388731634344481e-02
-6.107388731634344481e-02
-5.343347460524938697e-02
-4.833986613118668174e-02
-5.343347460524938697e-02
-5.343347460524938697e-02
-5.852708307931209220e-02
-6.107388731634344481e-02
-5.343347460524938697e-02
-5.343347460524938697e-02
-4.833986613118668174e-02
-4.579306189415532913e-02
-4.833986613118668174e-02
-5.343347460524938697e-02
-6.107388731634344481e-02
-6.107388731634344481e-02
-5.343347460524938697e-02
-5.343347460524938697e-02
-4.833986613118668174e-02
-4.833986613118668174e-02
-5.343347460524938697e-02
-5.343347460524938697e-02
-6.107388731634344481e-02
-5.852708307931209220e-02
-5.343347460524938697e-02
-4.833986613118668174e-02
-4.833986613118668174e-02
-5.343347460524938697e-02
-6.107388731634344481e-02
-5.852708307931209220e-02
-5.598027884228073958e-02
-5.088667036821803435e-02
-5.343347460524938697e-02
-5.088667036821803435e-02
-5.343347460524938697e-02
-5.343347460524938697e-02
-6.107388731634344481e-02
-6.107388731634344481e-02
-5.343347460524938697e-02
-5.343347460524938697e-02
-4.833986613118668174e-02
-4.833986613118668174e-02
-5.343347460524938697e-02
-5.088667036821803435e-02
-5.852708307931209220e-02
-5.343347460524938697e-02
-5.343347460524938697e-02
-4.833986613118668174e-02
-4.833986613118668174e-02
-5.343347460524938697e-02
-6.107388731634344481e-02
-5.852708307931209220e-02
-5.088667036821803435e-02
-5.343347460524938697e-02
-4.833986613118668174e-02
-4.579306189415532913e-02
-5.088667036821803435e-02
-5.852708307931209220e-02
-6.107388731634344481e-02
-5.343347460524938697e-02
-5.343347460524938697e-02
-4.579306189415532913e-02
-5.088667036821803435e-02
-5.088667036821803435e-02
-5.343347460524938697e-02
-5.852708307931209220e-02
-6.107388731634344481e-02
-6.107388731634344481e-02
-5.343347460524938697e-02
-4.833986613118668174e-02
-4.833986613118668174e-02
-5.343347460524938697e-02
-5.343347460524938697e-02
-5.852708307931209220e-02
-5.852708307931209220e-02
-5.343347460524938697e-02
-5.088667036821803435e-02
-4.833986613118668174e-02
-5.343347460524938697e-02
-5.343347460524938697e-02
-5.852708307931209220e-02
-5.852708307931209220e-02
-5.343347460524938697e-02
-5.088667036821803435e-02
-4.833986613118668174e-02
-4.833986613118668174e-02
-5.343347460524938697e-02
-5.088667036821803435e-02
-5.852708307931209220e-02
-5.343347460524938697e-02
-5.343347460524938697e-02
-4.833986613118668174e-02
-4.579306189415532913e-02
-5.343347460524938697e-02
-5.343347460524938697e-02
-6.107388731634344481e-02
-6.107388731634344481e-02
-5.598027884228073958e-02
-5.088667036821803435e-02
-4.579306189415532913e-02
-5.088667036821803435e-02
-5.343347460524938697e-02
-5.852708307931209220e-02
-6.107388731634344481e-02
-5.343347460524938697e-02
-5.088667036821803435e-02
-4.833986613118668174e-02
-5.343347460524938697e-02
-5.343347460524938697e-02
-5.852708307931209220e-02
-5.852708307931209220e-02
-5.343347460524938697e-02
-5.343347460524938697e-02
-4.833986613118668174e-02
-5.343347460524938697e-02
-5.343347460524938697e-02
-5.852708307931209220e-02
-5.088667036821803435e-02
-5.343347460524938697e-02
-4.579306189415532913e-02
-5.343347460524938697e-02
-5.343347460524938697e-02
-5.343347460524938697e-02
-5.852708307931209220e-02
-6.107388731634344481e-02
-5.343347460524938697e-02
-4.579306189415532913e-02
-5.088667036821803435e-02
-5.343347460524938697e-02
-5.088667036821803435e-02
-5.852708307931209220e-02
-6.107388731634344481e-02
-5.852708307931209220e-02
-5.343347460524938697e-02
-5.343347460524938697e-02
-4.833986613118668174e-02
-5.088667036821803435e-02
-5.343347460524938697e-02
-5.852708307931209220e-02
-6.107388731634344481e-02
-5.598027884228073958e-02
-5.343347460524938697e-02
-4.833986613118668174e-02
-4.833986613118668174e-02
-5.088667036821803435e-02
-6.107388731634344481e-02
-5.852708307931209220e-02
-5.343347460524938697e-02
-4.833986613118668174e-02
-4.579306189415532913e-02
-5.343347460524938697e-02
-5.343347460524938697e-02
-6.107388731634344481e-02
-5.598027884228073958e-02
-5.598027884228073958e-02
-4.579306189415532913e-02
-4.579306189415532913e-02
-5.598027884228073958e-02
-5.088667036821803435e-02
-5.852708307931209220e-02
-5.088667036821803435e-02
-5.343347460524938697e-02
-5.343347460524938697e-02
-4.833986613118668174e-02
-5.088667036821803435e-02
-5.088667036821803435e-02
-5.343347460524938697e-02
-5.852708307931209220e-02
-6.107388731634344481e-02
-5.088667036821803435e-02
-4.579306189415532913e-02
-4.833986613118668174e-02
-4.833986613118668174e-02
-5.088667036821803435e-02
-5.343347460524938697e-02
-5.852708307931209220e-02
-5.343347460524938697e-02
-5.343347460524938697e-02
-4.579306189415532913e-02
-4.833986613118668174e-02
-5.343347460524938697e-02
-5.343347460524938697e-02
-5.852708307931209220e-02
-5.852708307931209220e-02
-5.343347460524938697e-02
-5.088667036821803435e-02
-4.579306189415532913e-02
-5.343347460524938697e-02
-6.107388731634344481e-02
-6.107388731634344481e-02
-5.343347460524938697e-02
-5.343347460524938697e-02
-4.579306189415532913e-02
-5.343347460524938697e-02
-5.343347460524938697e-02
-5.343347460524938697e-02
-5.852708307931209220e-02
-6.107388731634344481e-02
-5.598027884228073958e-02
-5.598027884228073958e-02
-4.833986613118668174e-02
-5.088667036821803435e-02
-5.343347460524938697e-02
-6.107388731634344481e-02
-5.852708307931209220e-02
-5.343347460524938697e-02
-5.088667036821803435e-02
-4.833986613118668174e-02
-4.833986613118668174e-02
-5.343347460524938697e-02
-5.088667036821803435e-02
-6.107388731634344481e-02
-5.343347460524938697e-02
-5.088667036821803435e-02
-4.833986613118668174e-02
-4.579306189415532913e-02
-5.343347460524938697e-02
-5.852708307931209220e-02
-6.107388731634344481e-02
-5.343347460524938697e-02
-5.343347460524938697e-02
-5.343347460524938697e-02
-5.088667036821803435e-02
-5.343347460524938697e-02
-5.343347460524938697e-02
-6.107388731634344481e-02
-6.107388731634344481e-02
-5.343347460524938697e-02
-5.343347460524938697e-02
-4.833986613118668174e-02
-4.833986613118668174e-02
-5.343347460524938697e-02
-5.088667036821803435e-02
-5.598027884228073958e-02
-5.343347460524938697e-02
-4.579306189415532913e-02
-4.833986613118668174e-02
-5.088667036821803435e-02
-5.343347460524938697e-02
-5.343347460524938697e-02
-6.107388731634344481e-02
-5.343347460524938697e-02
-5.343347460524938697e-02
-4.833986613118668174e-02
-4.579306189415532913e-02
-5.343347460524938697e-02
-5.343347460524938697e-02
-5.852708307931209220e-02
-5.852708307931209220e-02
-5.343347460524938697e-02
-4.579306189415532913e-02
-4.833986613118668174e-02
-5.343347460524938697e-02
-5.343347460524938697e-02
-6.107388731634344481e-02
-6.107388731634344481e-02
-5.343347460524938697e-02
-5.343347460524938697e-02
-4.833986613118668174e-02
-5.343347460524938697e-02
-5.343347460524938697e-02
-6.107388731634344481e-02
-5.852708307931209220e-02
-5.088667036821803435e-02
-5.088667036821803435e-02
-4.579306189415532913e-02
-4.833986613118668174e-02
-5.343347460524938697e-02
-5.598027884228073958e-02
-5.088667036821803435e-02
-5.598027884228073958e-02
-4.579306189415532913e-02
-5.088667036821803435e-02
-5.088667036821803435e-02
-5.088667036821803435e-02
-6.107388731634344481e-02
-5.852708307931209220e-02
-5.852708307931209220e-02
-5.088667036821803435e-02
-5.343347460524938697e-02
-4.833986613118668174e-02
-4.833986613118668174e-02
-5.343347460524938697e-02
-6.107388731634344481e-02
-5.852708307931209220e-02
-5.343347460524938697e-02
-5.343347460524938697e-02
-4.579306189415532913e-02
-5.343347460524938697e-02
-5.343347460524938697e-02
-6.107388731634344481e-02
-6.107388731634344481e-02
-5.088667036821803435e-02
-5.343347460524938697e-02
-5.088667036821803435e-02
-4.833986613118668174e-02
-5.343347460524938697e-02
-5.852708307931209220e-02
-5.852708307931209220e-02
-5.343347460524938697e-02
-4.579306189415532913e-02
-4.579306189415532913e-02
-5.343347460524938697e-02
-5.343347460524938697e-02
-5.343347460524938697e-02
-5.852708307931209220e-02
-6.107388731634344481e-02
-5.088667036821803435e-02
-4.579306189415532913e-02
-5.343347460524938697e-02
-5.343347460524938697e-02
-5.852708307931209220e-02
-5.852708307931209220e-02
-5.598027884228073958e-02
-5.088667036821803435e-02
-4.833986613118668174e-02
-4.833986613118668174e-02
-5.088667036821803435e-02
-5.343347460524938697e-02
-5.852708307931209220e-02
-6.107388731634344481e-02
-5.343347460524938697e-02
-5.343347460524938697e-02
-4.833986613118668174e-02
-5.088667036821803435e-02
-5.343347460524938697e-02
-5.343347460524938697e-02
-6.107388731634344481e-02
-5.343347460524938697e-02
-5.343347460524938697e-02
-4.833986613118668174e-02
-4.579306189415532913e-02
-5.343347460524938697e-02
-5.088667036821803435e-02
-6.107388731634344481e-02
-5.852708307931209220e-02
-5.343347460524938697e-02
-4.579306189415532913e-02
-4.833986613118668174e-02
-5.088667036821803435e-02
-5.343347460524938697e-02
-6.107388731634344481e-02
-6.107388731634344481e-02
-5.343347460524938697e-02
-4.579306189415532913e-02
-4.833986613118668174e-02
-5.343347460524938697e-02
-5.343347460524938697e-02
-5.852708307931209220e-02
-5.088667036821803435e-02
-5.598027884228073958e-02
-4.833986613118668174e-02
-4.579306189415532913e-02
-5.088667036821803435e-02
-5.343347460524938697e-02
-6.107388731634344481e-02
-5.343347460524938697e-02
-5.343347460524938697e-02
-5.088667036821803435e-02
-4.833986613118668174e-02
-4.833986613118668174e-02
-5.343347460524938697e-02
-5.343347460524938697e-02
-5.852708307931209220e-02
-5.852708307931209220e-02
-5.598027884228073958e-02
-4.579306189415532913e-02
-4.833986613118668174e-02
-5.343347460524938697e-02
-5.343347460524938697e-02
-5.852708307931209220e-02
-5.852708307931209220e-02
-5.088667036821803435e-02
-5.088667036821803435e-02
-4.579306189415532913e-02
-4.579306189415532913e-02
-5.343347460524938697e-02
-6.107388731634344481e-02
-5.852708307931209220e-02
-5.088667036821803435e-02
-5.343347460524938697e-02
-5.088667036821803435e-02
-5.343347460524938697e-02
-5.343347460524938697e-02
-5.852708307931209220e-02
-5.852708307931209220e-02
-5.343347460524938697e-02
-5.343347460524938697e-02
-4.833986613118668174e-02
-5.343347460524938697e-02
-5.088667036821803435e-02
-5.852708307931209220e-02
-5.852708307931209220e-02
-5.343347460524938697e-02
-5.343347460524938697e-02
-4.833986613118668174e-02
-4.579306189415532913e-02
-5.088667036821803435e-02
-5.088667036821803435e-02
-6.107388731634344481e-02
-5.343347460524938697e-02
-5.088667036821803435e-02
-4.833986613118668174e-02
-4.833986613118668174e-02
-5.598027884228073958e-02
-5.088667036821803435e-02
-6.107388731634344481e-02
-5.343347460524938697e-02
-5.343347460524938697e-02
-4.833986613118668174e-02
-4.833986613118668174e-02
-5.088667036821803435e-02
-5.343347460524938697e-02
-5.852708307931209220e-02
-5.852708307931209220e-02
-5.343347460524938697e-02
-5.343347460524938697e-02
-4.833986613118668174e-02
-5.343347460524938697e-02
-5.343347460524938697e-02
-5.088667036821803435e-02
-6.107388731634344481e-02
-5.088667036821803435e-02
-5.343347460524938697e-02
-4.579306189415532913e-02
-4.833986613118668174e-02
-5.343347460524938697e-02
-5.088667036821803435e-02
-6.107388731634344481e-02
-5.852708307931209220e-02
-5.088667036821803435e-02
-5.343347460524938697e-02
-4.579306189415532913e-02
-4.579306189415532913e-02
-5.343347460524938697e-02
-5.343347460524938697e-02
-5.852708307931209220e-02
-5.343347460524938697e-02
-5.343347460524938697e-02
-4.833986613118668174e-02
-5.088667036821803435e-02
-5.343347460524938697e-02
-5.343347460524938697e-02
-6.107388731634344481e-02
-5.852708307931209220e-02
-5.343347460524938697e-02
-5.088667036821803435e-02
-4.579306189415532913e-02
-5.343347460524938697e-02
-5.343347460524938697e-02
-6.107388731634344481e-02
-5.852708307931209220e-02
-5.343347460524938697e-02
-5.343347460524938697e-02
-4.833986613118668174e-02
-4.833986613118668174e-02
-5.343347460524938697e-02
-5.343347460524938697e-02
-5.852708307931209220e-02
-5.343347460524938697e-02
-5.088667036821803435e-02
-4.833986613118668174e-02
-4.833986613118668174e-02
-5.343347460524938697e-02
-5.852708307931209220e-02
-5.852708307931209220e-02
-5.343347460524938697e-02
-5.343347460524938697e-02
-5.088667036821803435e-02
-4.833986613118668174e-02
-5.343347460524938697e-02
-5.852708307931209220e-02
-5.852708307931209220e-02
-5.852708307931209220e-02
-5.088667036821803435e-02
-5.343347460524938697e-02
-4.833986613118668174e-02
-5.343347460524938697e-02
-5.343347460524938697e-02
-5.088667036821803435e-02
-6.107388731634344481e-02
-5.852708307931209220e-02
-5.343347460524938697e-02
-5.343347460524938697e-02
-5.088667036821803435e-02
-5.343347460524938697e-02
-5.343347460524938697e-02
-6.107388731634344481e-02
-5.852708307931209220e-02
-5.343347460524938697e-02
-5.343347460524938697e-02
-4.579306189415532913e-02
-4.579306189415532913e-02
-5.343347460524938697e-02
-5.343347460524938697e-02
-5.852708307931209220e-02
-5.852708307931209220e-02
-5.088667036821803435e-02
-4.579306189415532913e-02
-4.833986613118668174e-02
-5.343347460524938697e-02
-5.088667036821803435e-02
-5.852708307931209220e-02
-6.107388731634344481e-02
-5.598027884228073958e-02
-5.343347460524938697e-02
-4.579306189415532913e-02
-4.833986613118668174e-02
-5.343347460524938697e-02
-5.343347460524938697e-02
-6.107388731634344481e-02
-5.852708307931209220e-02
-5.343347460524938697e-02
-5.088667036821803435e-02
-5.088667036821803435e-02
-4.579306189415532913e-02
-5.598027884228073958e-02
-5.088667036821803435e-02
-6.107388731634344481e-02
-5.852708307931209220e-02
-5.343347460524938697e-02
-5.343347460524938697e-02
-4.833986613118668174e-02
-5.343347460524938697e-02
-5.852708307931209220e-02
-6.107388731634344481e-02
-5.343347460524938697e-02
-5.343347460524938697e-02
-4.579306189415532913e-02
-4.833986613118668174e-02
-5.598027884228073958e-02
-5.343347460524938697e-02
-6.107388731634344481e-02
-6.107388731634344481e-02
-5.343347460524938697e-02
-4.579306189415532913e-02
-4.833986613118668174e-02
-4.579306189415532913e-02
-5.343347460524938697e-02
-5.343347460524938697e-02
-6.107388731634344481e-02
-6.107388731634344481e-02
-5.343347460524938697e-02
-5.343347460524938697e-02
-5.088667036821803435e-02
-5.343347460524938697e-02
-5.343347460524938697e-02
-6.107388731634344481e-02
-5.852708307931209220e-02
-5.088667036821803435e-02
-5.088667036821803435e-02
-4.833986613118668174e-02
-5.343347460524938697e-02
-5.343347460524938697e-02
-5.852708307931209220e-02
-6.107388731634344481e-02
-5.088667036821803435e-02
-5.343347460524938697e-02
-4.579306189415532913e-02
-4.579306189415532913e-02
-5.088667036821803435e-02
-5.852708307931209220e-02
-5.852708307931209220e-02
-5.343347460524938697e-02
-5.088667036821803435e-02
-5.088667036821803435e-02
-5.088667036821803435e-02
-5.598027884228073958e-02
-5.343347460524938697e-02
-6.107388731634344481e-02
-5.852708307931209220e-02
-5.088667036821803435e-02
-5.088667036821803435e-02
-4.833986613118668174e-02
-4.579306189415532913e-02
-5.343347460524938697e-02
-6.107388731634344481e-02
-6.107388731634344481e-02
-5.343347460524938697e-02
-5.343347460524938697e-02
-5.088667036821803435e-02
-4.579306189415532913e-02
-5.343347460524938697e-02
-5.598027884228073958e-02
-6.107388731634344481e-02
-5.852708307931209220e-02
-5.343347460524938697e-02
-5.343347460524938697e-02
-5.088667036821803435e-02
-5.343347460524938697e-02
-5.343347460524938697e-02
-5.852708307931209220e-02
-5.088667036821803435e-02
-5.343347460524938697e-02
-4.579306189415532913e-02
-4.833986613118668174e-02
-5.343347460524938697e-02
-5.088667036821803435e-02
-5.343347460524938697e-02
-6.107388731634344481e-02
-5.852708307931209220e-02
-5.088667036821803435e-02
-4.833986613118668174e-02
-4.833986613118668174e-02
-5.343347460524938697e-02
-6.107388731634344481e-02
-6.107388731634344481e-02
-5.343347460524938697e-02
-5.598027884228073958e-02
-4.579306189415532913e-02
-4.833986613118668174e-02
-5.343347460524938697e-02
-5.343347460524938697e-02
-5.852708307931209220e-02
-6.107388731634344481e-02
-5.343347460524938697e-02
-5.088667036821803435e-02
-4.579306189415532913e-02
-4.833986613118668174e-02
-5.343347460524938697e-02
-6.107388731634344481e-02
-6.107388731634344481e-02
-5.852708307931209220e-02
-5.088667036821803435e-02
-4.579306189415532913e-02
-4.579306189415532913e-02
-5.088667036821803435e-02
-5.088667036821803435e-02
-5.852708307931209220e-02
-5.852708307931209220e-02
-5.343347460524938697e-02
-4.579306189415532913e-02
-4.833986613118668174e-02
-4.579306189415532913e-02
-5.598027884228073958e-02
-5.852708307931209220e-02
-5.852708307931209220e-02
-5.343347460524938697e-02
-4.579306189415532913e-02
-5.088667036821803435e-02
-5.343347460524938697e-02
-5.343347460524938697e-02
-6.107388731634344481e-02
-6.107388731634344481e-02
-5.343347460524938697e-02
-5.088667036821803435e-02
-4.833986613118668174e-02
-5.088667036821803435e-02
-5.343347460524938697e-02
-5.852708307931209220e-02
-6.107388731634344481e-02
-5.343347460524938697e-02
-5.598027884228073958e-02
-5.343347460524938697e-02
-4.579306189415532913e-02
-5.343347460524938697e-02
-5.598027884228073958e-02
-5.852708307931209220e-02
-5.343347460524938697e-02
-5.852708307931209220e-02
-5.343347460524938697e-02
-4.833986613118668174e-02
-4.833986613118668174e-02
-5.343347460524938697e-02
-5.343347460524938697e-02
-5.852708307931209220e-02
-5.852708307931209220e-02
-5.088667036821803435e-02
-5.088667036821803435e-02
-4.833986613118668174e-02
-5.343347460524938697e-02
-5.088667036821803435e-02
-5.852708307931209220e-02
-5.852708307931209220e-02
-5.088667036821803435e-02
-5.088667036821803435e-02
-4.579306189415532913e-02
-4.833986613118668174e-02
-5.343347460524938697e-02
-5.343347460524938697e-02
-6.107388731634344481e-02
-5.852708307931209220e-02
-5.343347460524938697e-02
-5.088667036821803435e-02
-4.833986613118668174e-02
-5.598027884228073958e-02
-5.343347460524938697e-02
-5.852708307931209220e-02
-5.852708307931209220e-02
-5.343347460524938697e-02
-5.343347460524938697e-02
-4.579306189415532913e-02
-4.579306189415532913e-02
-5.343347460524938697e-02
-5.343347460524938697e-02
-5.852708307931209220e-02
-5.088667036821803435e-02
-4.833986613118668174e-02
-5.088667036821803435e-02
-5.088667036821803435e-02
-5.343347460524938697e-02
-6.107388731634344481e-02
-5.852708307931209220e-02
-5.852708307931209220e-02
-5.343347460524938697e-02
-5.088667036821803435e-02
-4.833986613118668174e-02
-5.343347460524938697e-02
-5.343347460524938697e-02
-6.107388731634344481e-02
-5.852708307931209220e-02
-5.088667036821803435e-02
-5.343347460524938697e-02
-4.579306189415532913e-02
-4.833986613118668174e-02
-5.343347460524938697e-02
-5.343347460524938697e-02
-6.107388731634344481e-02
-5.852708307931209220e-02
-5.088667036821803435e-02
-5.088667036821803435e-02
-4.833986613118668174e-02
-5.343347460524938697e-02
-5.343347460524938697e-02
-6.107388731634344481e-02
-5.852708307931209220e-02
-5.343347460524938697e-02
-5.343347460524938697e-02
-4.833986613118668174e-02
-4.833986613118668174e-02
-5.343347460524938697e-02
-5.343347460524938697e-02
-5.852708307931209220e-02
-5.852708307931209220e-02
-5.343347460524938697e-02
-4.833986613118668174e-02
-5.343347460524938697e-02
-5.343347460524938697e-02
-5.852708307931209220e-02
-5.852708307931209220e-02
-5.343347460524938697e-02
-5.343347460524938697e-02
-4.579306189415532913e-02
-5.343347460524938697e-02
-5.343347460524938697e-02
-5.088667036821803435e-02
-6.107388731634344481e-02
-5.343347460524938697e-02
-5.343347460524938697e-02
-4.833986613118668174e-02
-4.833986613118668174e-02
-4.579306189415532913e-02
-5.343347460524938697e-02
-5.343347460524938697e-02
-5.852708307931209220e-02
-5.852708307931209220e-02
-5.343347460524938697e-02
-4.833986613118668174e-02
-4.833986613118668174e-02
-5.343347460524938697e-02
-5.343347460524938697e-02
-5.852708307931209220e-02
-6.107388731634344481e-02
-5.598027884228073958e-02
-5.343347460524938697e-02
-5.088667036821803435e-02
-4.833986613118668174e-02
-5.343347460524938697e-02
-6.107388731634344481e-02
-5.852708307931209220e-02
-5.852708307931209220e-02
-5.343347460524938697e-02
-5.343347460524938697e-02
-4.833986613118668174e-02
-5.598027884228073958e-02
-5.343347460524938697e-02
-6.107388731634344481e-02
-5.852708307931209220e-02
-5.343347460524938697e-02
-4.833986613118668174e-02
-4.833986613118668174e-02
-5.343347460524938697e-02
-5.088667036821803435e-02
-5.852708307931209220e-02
-5.852708307931209220e-02
-5.343347460524938697e-02
-4.579306189415532913e-02
-5.088667036821803435e-02
-4.833986613118668174e-02
-5.343347460524938697e-02
-5.852708307931209220e-02
-5.852708307931209220e-02
-5.343347460524938697e-02
-5.343347460524938697e-02
-4.833986613118668174e-02
-4.833986613118668174e-02
-5.088667036821803435e-02
-6.107388731634344481e-02
-6.107388731634344481e-02
-6.107388731634344481e-02
-5.343347460524938697e-02
-4.579306189415532913e-02
-4.579306189415532913e-02
-5.343347460524938697e-02
-5.343347460524938697e-02
-5.852708307931209220e-02
-5.852708307931209220e-02
-5.343347460524938697e-02
-5.343347460524938697e-02
-4.833986613118668174e-02
-4.579306189415532913e-02
-5.343347460524938697e-02
-5.088667036821803435e-02
-6.107388731634344481e-02
-6.107388731634344481e-02
-5.343347460524938697e-02
-5.343347460524938697e-02
-4.833986613118668174e-02
-5.343347460524938697e-02
-5.343347460524938697e-02
-5.852708307931209220e-02
-5.852708307931209220e-02
-5.343347460524938697e-02
-5.343347460524938697e-02
-4.833986613118668174e-02
-4.579306189415532913e-02
-5.343347460524938697e-02
-5.088667036821803435e-02
-5.852708307931209220e-02
-5.343347460524938697e-02
-5.088667036821803435e-02
-4.833986613118668174e-02
-4.833986613118668174e-02
-5.343347460524938697e-02
-5.343347460524938697e-02
-5.852708307931209220e-02
-5.852708307931209220e-02
-5.343347460524938697e-02
-4.833986613118668174e-02
-4.833986613118668174e-02
-5.343347460524938697e-02
-5.343347460524938697e-02
-5.852708307931209220e-02
-5.852708307931209220e-02
-5.598027884228073958e-02
-5.343347460524938697e-02
-4.833986613118668174e-02
-5.343347460524938697e-02
-5.343347460524938697e-02
-5.852708307931209220e-02
-5.852708307931209220e-02
-5.343347460524938697e-02
-4.833986613118668174e-02
-4.579306189415532913e-02
-5.343347460524938697e-02
-5.088667036821803435e-02
-5.852708307931209220e-02
-5.343347460524938697e-02
-5.343347460524938697e-02
-4.833986613118668174e-02
-4.833986613118668174e-02
-5.343347460524938697e-02
-5.088667036821803435e-02
-5.852708307931209220e-02
-5.343347460524938697e-02
-5.343347460524938697e-02
-4.579306189415532913e-02
-4.579306189415532913e-02
-5.343347460524938697e-02
-5.852708307931209220e-02
-5.852708307931209220e-02
-5.343347460524938697e-02
-4.579306189415532913e-02
-4.579306189415532913e-02
-5.343347460524938697e-02
-5.088667036821803435e-02
-5.852708307931209220e-02
-6.107388731634344481e-02
-5.343347460524938697e-02
-5.343347460524938697e-02
-4.833986613118668174e-02
-4.579306189415532913e-02
-5.343347460524938697e-02
-5.343347460524938697e-02
-6.107388731634344481e-02
-5.088667036821803435e-02
-5.088667036821803435e-02
-4.579306189415532913e-02
-4.833986613118668174e-02
-5.088667036821803435e-02
-5.343347460524938697e-02
-5.852708307931209220e-02
-5.852708307931209220e-02
-5.343347460524938697e-02
-4.833986613118668174e-02
-4.833986613118668174e-02
-5.088667036821803435e-02
-5.343347460524938697e-02
-5.852708307931209220e-02
-5.852708307931209220e-02
-5.343347460524938697e-02
-5.088667036821803435e-02
-4.579306189415532913e-02
-4.833986613118668174e-02
-5.088667036821803435e-02
-5.088667036821803435e-02
-5.852708307931209220e-02
-5.343347460524938697e-02
-5.088667036821803435e-02
-4.833986613118668174e-02
-4.833986613118668174e-02
-5.343347460524938697e-02
-5.088667036821803435e-02
-5.852708307931209220e-02
-5.852708307931209220e-02
-5.343347460524938697e-02
-4.833986613118668174e-02
-4.833986613118668174e-02
-5.343347460524938697e-02
-5.088667036821803435e-02
-5.852708307931209220e-02
-5.343347460524938697e-02
-5.343347460524938697e-02
-4.833986613118668174e-02
-5.343347460524938697e-02
-5.343347460524938697e-02
-5.852708307931209220e-02
-5.852708307931209220e-02
-5.343347460524938697e-02
-5.343347460524938697e-02
-4.833986613118668174e-02
-4.833986613118668174e-02
-5.343347460524938697e-02
-5.088667036821803435e-02
-5.598027884228073958e-02
-5.343347460524938697e-02
-5.343347460524938697e-02
-5.343347460524938697e-02
-4.579306189415532913e-02
-5.343347460524938697e-02
-5.343347460524938697e-02
-5.852708307931209220e-02
-5.852708307931209220e-02
-5.343347460524938697e-02
-5.343347460524938697e-02
-4.833986613118668174e-02
-4.579306189415532913e-02
-5.343347460524938697e-02
-6.107388731634344481e-02
-5.852708307931209220e-02
-5.343347460524938697e-02
-5.088667036821803435e-02
-4.833986613118668174e-02
-4.833986613118668174e-02
-5.088667036821803435e-02
-5.088667036821803435e-02
-5.852708307931209220e-02
-5.343347460524938697e-02
-5.088667036821803435e-02
-5.088667036821803435e-02
-4.833986613118668174e-02
-5.088667036821803435e-02
-5.343347460524938697e-02
-5.088667036821803435e-02
-5.852708307931209220e-02
-5.852708307931209220e-02
-5.343347460524938697e-02
-4.833986613118668174e-02
-4.579306189415532913e-02
-5.343347460524938697e-02
-5.088667036821803435e-02
-5.852708307931209220e-02
-5.852708307931209220e-02
-5.088667036821803435e-02
-5.343347460524938697e-02
-4.579306189415532913e-02
-4.579306189415532913e-02
-5.343347460524938697e-02
-6.107388731634344481e-02
-5.343347460524938697e-02
-5.343347460524938697e-02
-4.833986613118668174e-02
-4.833986613118668174e-02
-4.833986613118668174e-02
-5.343347460524938697e-02
-5.852708307931209220e-02
-6.107388731634344481e-02
-5.343347460524938697e-02
-5.343347460524938697e-02
-4.833986613118668174e-02
-4.579306189415532913e-02
-5.343347460524938697e-02
-5.343347460524938697e-02
-6.107388731634344481e-02
-5.852708307931209220e-02
-5.088667036821803435e-02
-5.598027884228073958e-02
-4.579306189415532913e-02
-4.579306189415532913e-02
-5.343347460524938697e-02
-5.088667036821803435e-02
-5.852708307931209220e-02
-5.852708307931209220e-02
-5.343347460524938697e-02
-5.343347460524938697e-02
-4.833986613118668174e-02
-4.833986613118668174e-02
-5.343347460524938697e-02
-5.343347460524938697e-02
-5.852708307931209220e-02
-5.088667036821803435e-02
-5.088667036821803435e-02
-5.088667036821803435e-02
-4.579306189415532913e-02
-5.088667036821803435e-02
-5.088667036821803435e-02
-6.107388731634344481e-02
-5.343347460524938697e-02
-5.088667036821803435e-02
-4.579306189415532913e-02
-5.343347460524938697e-02
-5.343347460524938697e-02
-5.852708307931209220e-02
-6.107388731634344481e-02
-5.343347460524938697e-02
-5.088667036821803435e-02
-4.579306189415532913e-02
-4.833986613118668174e-02
-4.579306189415532913e-02
-5.343347460524938697e-02
-5.852708307931209220e-02
-5.852708307931209220e-02
-5.343347460524938697e-02
-5.088667036821803435e-02
-4.579306189415532913e-02
-4.833986613118668174e-02
-5.343347460524938697e-02
-5.343347460524938697e-02
-5.852708307931209220e-02
-5.343347460524938697e-02
-5.343347460524938697e-02
-4.833986613118668174e-02
-5.343347460524938697e-02
-5.343347460524938697e-02
-6.107388731634344481e-02
-5.852708307931209220e-02
-5.598027884228073958e-02
-5.343347460524938697e-02
-4.833986613118668174e-02
-4.833986613118668174e-02
-5.088667036821803435e-02
-5.852708307931209220e-02
-5.852708307931209220e-02
-5.343347460524938697e-02
-5.343347460524938697e-02
-5.343347460524938697e-02
-4.579306189415532913e-02
-5.343347460524938697e-02
-5.343347460524938697e-02
-5.343347460524938697e-02
-5.852708307931209220e-02
-5.852708307931209220e-02
-5.343347460524938697e-02
-5.343347460524938697e-02
-4.833986613118668174e-02
-5.343347460524938697e-02
-5.598027884228073958e-02
-5.852708307931209220e-02
-5.852708307931209220e-02
-5.343347460524938697e-02
-4.833986613118668174e-02
-4.833986613118668174e-02
-4.833986613118668174e-02
-5.343347460524938697e-02
-6.107388731634344481e-02
-5.598027884228073958e-02
-5.343347460524938697e-02
-5.343347460524938697e-02
-5.088667036821803435e-02
-4.833986613118668174e-02
-4.833986613118668174e-02
-5.852708307931209220e-02
-6.107388731634344481e-02
-5.343347460524938697e-02
-5.088667036821803435e-02
-4.833986613118668174e-02
-4.579306189415532913e-02
-5.343347460524938697e-02
-5.088667036821803435e-02
-5.852708307931209220e-02
-5.852708307931209220e-02
-5.343347460524938697e-02
-5.088667036821803435e-02
-5.088667036821803435e-02
-4.579306189415532913e-02
-5.343347460524938697e-02
-5.852708307931209220e-02
-5.852708307931209220e-02
-5.852708307931209220e-02
-5.343347460524938697e-02
-5.088667036821803435e-02
-4.579306189415532913e-02
-4.579306189415532913e-02
-5.088667036821803435e-02
-5.343347460524938697e-02
-5.852708307931209220e-02
-5.852708307931209220e-02
-5.343347460524938697e-02
-5.343347460524938697e-02
-4.833986613118668174e-02
-5.088667036821803435e-02
-6.107388731634344481e-02
-5.852708307931209220e-02
-5.852708307931209220e-02
-5.343347460524938697e-02
-5.343347460524938697e-02
-5.088667036821803435e-02
-4.833986613118668174e-02
-5.343347460524938697e-02
-5.343347460524938697e-02
-5.852708307931209220e-02
-5.852708307931209220e-02
-5.088667036821803435e-02
-5.343347460524938697e-02
-4.833986613118668174e-02
-4.833986613118668174e-02
-5.343347460524938697e-02
-5.852708307931209220e-02
-5.598027884228073958e-02
-5.343347460524938697e-02
-4.833986613118668174e-02
-4.579306189415532913e-02
-5.343347460524938697e-02
-6.107388731634344481e-02
-5.852708307931209220e-02
-5.852708307931209220e-02
-5.343347460524938697e-02
-4.833986613118668174e-02
-4.579306189415532913e-02
-5.343347460524938697e-02
-5.343347460524938697e-02
-6.107388731634344481e-02
-5.852708307931209220e-02
-5.343347460524938697e-02
-5.088667036821803435e-02
-5.343347460524938697e-02
-4.579306189415532913e-02
-5.088667036821803435e-02
-5.343347460524938697e-02
-5.852708307931209220e-02
-5.852708307931209220e-02
-5.343347460524938697e-02
-5.343347460524938697e-02
-5.088667036821803435e-02
-5.088667036821803435e-02
-5.088667036821803435e-02
-5.852708307931209220e-02
-5.343347460524938697e-02
-5.343347460524938697e-02
-5.343347460524938697e-02
-4.579306189415532913e-02
-5.088667036821803435e-02
-5.343347460524938697e-02
-5.852708307931209220e-02
-5.088667036821803435e-02
-5.088667036821803435e-02
-5.088667036821803435e-02
-4.579306189415532913e-02
-5.343347460524938697e-02
-5.088667036821803435e-02
-5.852708307931209220e-02
-5.088667036821803435e-02
-5.088667036821803435e-02
-4.579306189415532913e-02
-4.579306189415532913e-02
-5.343347460524938697e-02
-5.088667036821803435e-02
-5.852708307931209220e-02
-5.343347460524938697e-02
-5.343347460524938697e-02
-5.343347460524938697e-02
-4.833986613118668174e-02
-4.833986613118668174e-02
-5.343347460524938697e-02
-5.343347460524938697e-02
-5.598027884228073958e-02
-5.343347460524938697e-02
-4.833986613118668174e-02
-4.579306189415532913e-02
-5.343347460524938697e-02
-5.088667036821803435e-02
-6.107388731634344481e-02
-5.598027884228073958e-02
-5.088667036821803435e-02
-4.579306189415532913e-02
-4.833986613118668174e-02
-5.088667036821803435e-02
-5.343347460524938697e-02
-5.598027884228073958e-02
-6.107388731634344481e-02
-5.343347460524938697e-02
-5.088667036821803435e-02
-5.088667036821803435e-02
-5.343347460524938697e-02
-5.343347460524938697e-02
-6.107388731634344481e-02
-6.107388731634344481e-02
-5.343347460524938697e-02
-5.088667036821803435e-02
-4.833986613118668174e-02
-4.833986613118668174e-02
-5.088667036821803435e-02
-5.343347460524938697e-02
-5.852708307931209220e-02
-5.343347460524938697e-02
-5.088667036821803435e-02
-4.833986613118668174e-02
-5.343347460524938697e-02
-5.088667036821803435e-02
-5.343347460524938697e-02
-5.088667036821803435e-02
-5.852708307931209220e-02
-5.343347460524938697e-02
-5.343347460524938697e-02
-4.579306189415532913e-02
-4.833986613118668174e-02
-5.343347460524938697e-02
-5.343347460524938697e-02
-5.852708307931209220e-02
-5.852708307931209220e-02
-5.343347460524938697e-02
-4.833986613118668174e-02
-4.833986613118668174e-02
-5.088667036821803435e-02
-5.343347460524938697e-02
-5.852708307931209220e-02
-5.088667036821803435e-02
-5.343347460524938697e-02
-4.833986613118668174e-02
-4.833986613118668174e-02
-5.343347460524938697e-02
-5.343347460524938697e-02
-6.107388731634344481e-02
-5.852708307931209220e-02
-5.088667036821803435e-02
-5.343347460524938697e-02
-4.833986613118668174e-02
-4.833986613118668174e-02
-5.088667036821803435e-02
-5.088667036821803435e-02
-5.852708307931209220e-02
-5.852708307931209220e-02
-5.088667036821803435e-02
-4.833986613118668174e-02
-4.833986613118668174e-02
-5.343347460524938697e-02
-5.343347460524938697e-02
-5.852708307931209220e-02
-6.107388731634344481e-02
-5.343347460524938697e-02
-5.088667036821803435e-02
-4.833986613118668174e-02
-4.579306189415532913e-02
-5.088667036821803435e-02
-5.852708307931209220e-02
-5.343347460524938697e-02
-5.088667036821803435e-02
-5.088667036821803435e-02
-4.833986613118668174e-02
-5.088667036821803435e-02
-5.088667036821803435e-02
-5.852708307931209220e-02
-5.852708307931209220e-02
-5.343347460524938697e-02
-5.088667036821803435e-02
-4.579306189415532913e-02
-4.833986613118668174e-02
-5.088667036821803435e-02
-5.343347460524938697e-02
-5.852708307931209220e-02
-5.852708307931209220e-02
-5.088667036821803435e-02
-4.833986613118668174e-02
-4.833986613118668174e-02
-5.088667036821803435e-02
-5.343347460524938697e-02
-5.598027884228073958e-02
-5.343347460524938697e-02
-5.343347460524938697e-02
-4.833986613118668174e-02
-5.598027884228073958e-02
-5.343347460524938697e-02
-5.343347460524938697e-02
-5.852708307931209220e-02
-5.598027884228073958e-02
-5.343347460524938697e-02
-5.343347460524938697e-02
-4.579306189415532913e-02
-4.579306189415532913e-02
-5.343347460524938697e-02
-5.343347460524938697e-02
-5.852708307931209220e-02
-5.343347460524938697e-02
-5.343347460524938697e-02
-4.579306189415532913e-02
-4.833986613118668174e-02
-5.343347460524938697e-02
-5.343347460524938697e-02
-5.852708307931209220e-02
-5.343347460524938697e-02
-5.088667036821803435e-02
-5.343347460524938697e-02
-4.833986613118668174e-02
-4.833986613118668174e-02
-5.343347460524938697e-02
-5.088667036821803435e-02
-5.852708307931209220e-02
-5.088667036821803435e-02
-5.343347460524938697e-02
-4.833986613118668174e-02
-5.598027884228073958e-02
-5.343347460524938697e-02
-5.852708307931209220e-02
-5.852708307931209220e-02
-5.088667036821803435e-02
-5.088667036821803435e-02
-4.833986613118668174e-02
-5.088667036821803435e-02
-5.343347460524938697e-02
-5.852708307931209220e-02
-5.852708307931209220e-02
-5.088667036821803435e-02
-5.343347460524938697e-02
-4.579306189415532913e-02
-5.088667036821803435e-02
-5.088667036821803435e-02
-5.343347460524938697e-02
-6.107388731634344481e-02
-5.343347460524938697e-02
-5.343347460524938697e-02
-4.833986613118668174e-02
-4.579306189415532913e-02
-5.343347460524938697e-02
-5.088667036821803435e-02
-6.107388731634344481e-02
-5.343347460524938697e-02
-5.343347460524938697e-02
-4.833986613118668174e-02
-5.088667036821803435e-02
-4.579306189415532913e-02
-5.343347460524938697e-02
-6.107388731634344481e-02
-5.852708307931209220e-02
-5.343347460524938697e-02
-5.343347460524938697e-02
-4.579306189415532913e-02
-5.343347460524938697e-02
-5.088667036821803435e-02
-5.088667036821803435e-02
-6.107388731634344481e-02
-6.107388731634344481e-02
-5.343347460524938697e-02
-5.343347460524938697e-02
-4.833986613118668174e-02
-4.579306189415532913e-02
-5.088667036821803435e-02
-5.343347460524938697e-02
-5.852708307931209220e-02
-5.343347460524938697e-02
-4.833986613118668174e-02
-5.088667036821803435e-02
-5.088667036821803435e-02
-5.088667036821803435e-02
-5.852708307931209220e-02
-5.598027884228073958e-02
-5.343347460524938697e-02
-4.579306189415532913e-02
-5.088667036821803435e-02
-5.343347460524938697e-02
-5.088667036821803435e-02
-6.107388731634344481e-02
-5.852708307931209220e-02
-5.343347460524938697e-02
-5.088667036821803435e-02
-5.088667036821803435e-02
-4.833986613118668174e-02
-5.343347460524938697e-02
-5.343347460524938697e-02
-6.107388731634344481e-02
-6.107388731634344481e-02
-5.598027884228073958e-02
-5.088667036821803435e-02
-5.088667036821803435e-02
-5.343347460524938697e-02
-5.343347460524938697e-02
-6.107388731634344481e-02
-5.852708307931209220e-02
-5.088667036821803435e-02
-5.343347460524938697e-02
-4.579306189415532913e-02
-4.579306189415532913e-02
-5.598027884228073958e-02
-6.107388731634344481e-02
-5.852708307931209220e-02
-5.088667036821803435e-02
-5.343347460524938697e-02
-5.088667036821803435e-02
-4.579306189415532913e-02
-5.343347460524938697e-02
-6.107388731634344481e-02
-6.107388731634344481e-02
-5.343347460524938697e-02
-5.343347460524938697e-02
-4.833986613118668174e-02
-4.579306189415532913e-02
-5.343347460524938697e-02
-5.343347460524938697e-02
-5.852708307931209220e-02
-5.852708307931209220e-02
-5.343347460524938697e-02
-5.343347460524938697e-02
-5.088667036821803435e-02
-4.579306189415532913e-02
-5.088667036821803435e-02
-5.343347460524938697e-02
-5.852708307931209220e-02
-5.852708307931209220e-02
-5.343347460524938697e-02
-5.343347460524938697e-02
-4.579306189415532913e-02
-4.579306189415532913e-02
-5.343347460524938697e-02
-5.852708307931209220e-02
-6.107388731634344481e-02
-5.343347460524938697e-02
-5.088667036821803435e-02
-4.833986613118668174e-02
-4.833986613118668174e-02
-5.343347460524938697e-02
-6.107388731634344481e-02
-5.852708307931209220e-02
-5.088667036821803435e-02
-5.343347460524938697e-02
-4.833986613118668174e-02
-4.579306189415532913e-02
-5.343347460524938697e-02
-5.088667036821803435e-02
-5.852708307931209220e-02
-6.107388731634344481e-02
-5.343347460524938697e-02
-5.088667036821803435e-02
-4.833986613118668174e-02
-4.579306189415532913e-02
-5.343347460524938697e-02
-5.343347460524938697e-02
-5.852708307931209220e-02
-5.852708307931209220e-02
-5.088667036821803435e-02
-4.833986613118668174e-02
-4.579306189415532913e-02
-5.343347460524938697e-02
-5.088667036821803435e-02
-5.852708307931209220e-02
-5.852708307931209220e-02
-5.343347460524938697e-02
-5.343347460524938697e-02
-4.579306189415532913e-02
-4.579306189415532913e-02
-5.343347460524938697e-02
-5.343347460524938697e-02
-5.852708307931209220e-02
-5.343347460524938697e-02
-5.598027884228073958e-02
-4.579306189415532913e-02
-4.579306189415532913e-02
-5.343347460524938697e-02
-5.343347460524938697e-02
-5.852708307931209220e-02
-6.107388731634344481e-02
-5.343347460524938697e-02
-5.343347460524938697e-02
-4.579306189415532913e-02
-5.343347460524938697e-02
-5.088667036821803435e-02
-5.852708307931209220e-02
-5.852708307931209220e-02
-5.343347460524938697e-02
-5.343347460524938697e-02
-4.579306189415532913e-02
-5.343347460524938697e-02
-5.088667036821803435e-02
-5.852708307931209220e-02
-6.107388731634344481e-02
-5.598027884228073958e-02
-5.598027884228073958e-02
-4.579306189415532913e-02
-4.833986613118668174e-02
-5.088667036821803435e-02
-5.343347460524938697e-02
-6.107388731634344481e-02
-5.343347460524938697e-02
-5.088667036821803435e-02
-4.833986613118668174e-02
-5.088667036821803435e-02
-5.598027884228073958e-02
-5.088667036821803435e-02
-5.852708307931209220e-02
-5.852708307931209220e-02
-5.343347460524938697e-02
-5.088667036821803435e-02
-5.088667036821803435e-02
-5.088667036821803435e-02
-5.343347460524938697e-02
-6.107388731634344481e-02
-5.343347460524938697e-02
-5.088667036821803435e-02
-4.833986613118668174e-02
-4.579306189415532913e-02
-5.088667036821803435e-02
-6.107388731634344481e-02
-5.852708307931209220e-02
-5.343347460524938697e-02
-5.598027884228073958e-02
-5.088667036821803435e-02
-4.833986613118668174e-02
-5.343347460524938697e-02
-5.088667036821803435e-02
-5.852708307931209220e-02
-5.598027884228073958e-02
-5.852708307931209220e-02
-5.343347460524938697e-02
-5.343347460524938697e-02
-4.579306189415532913e-02
-4.579306189415532913e-02
-5.343347460524938697e-02
-5.852708307931209220e-02
-6.107388731634344481e-02
-5.343347460524938697e-02
-5.343347460524938697e-02
-4.833986613118668174e-02
-4.579306189415532913e-02
-5.343347460524938697e-02
-5.343347460524938697e-02
-5.852708307931209220e-02
-5.852708307931209220e-02
-5.343347460524938697e-02
-5.343347460524938697e-02
-4.833986613118668174e-02
-4.579306189415532913e-02
-5.343347460524938697e-02
-6.107388731634344481e-02
-6.107388731634344481e-02
-5.598027884228073958e-02
-5.343347460524938697e-02
-4.833986613118668174e-02
-5.088667036821803435e-02
-5.343347460524938697e-02
-5.852708307931209220e-02
-6.107388731634344481e-02
-5.088667036821803435e-02
-5.088667036821803435e-02
-4.579306189415532913e-02
-4.579306189415532913e-02
-5.598027884228073958e-02
-5.852708307931209220e-02
-6.107388731634344481e-02
-5.343347460524938697e-02
-5.343347460524938697e-02
-4.579306189415532913e-02
-4.833986613118668174e-02
-5.088667036821803435e-02
-6.107388731634344481e-02
-5.852708307931209220e-02
-5.852708307931209220e-02
-5.088667036821803435e-02
-5.343347460524938697e-02
-4.833986613118668174e-02
-5.343347460524938697e-02
-5.343347460524938697e-02
-5.852708307931209220e-02
-5.343347460524938697e-02
-5.088667036821803435e-02
-5.343347460524938697e-02
-4.833986613118668174e-02
-4.579306189415532913e-02
-5.343347460524938697e-02
-5.343347460524938697e-02
-5.852708307931209220e-02
-5.852708307931209220e-02
-5.343347460524938697e-02
-4.833986613118668174e-02
-4.833986613118668174e-02
-5.088667036821803435e-02
-5.088667036821803435e-02
-5.852708307931209220e-02
-5.852708307931209220e-02
-5.343347460524938697e-02
-5.088667036821803435e-02
-4.579306189415532913e-02
-5.343347460524938697e-02
-5.343347460524938697e-02
-5.852708307931209220e-02
-6.107388731634344481e-02
-5.598027884228073958e-02
-5.343347460524938697e-02
-4.833986613118668174e-02
-5.343347460524938697e-02
-5.852708307931209220e-02
-6.107388731634344481e-02
-5.343347460524938697e-02
-5.343347460524938697e-02
-4.579306189415532913e-02
-4.579306189415532913e-02
-5.088667036821803435e-02
-6.107388731634344481e-02
-5.852708307931209220e-02
-5.852708307931209220e-02
-5.598027884228073958e-02
-5.343347460524938697e-02
-4.833986613118668174e-02
-4.833986613118668174e-02
-5.088667036821803435e-02
-5.088667036821803435e-02
-5.343347460524938697e-02
-5.343347460524938697e-02
-4.833986613118668174e-02
-4.579306189415532913e-02
-5.343347460524938697e-02
-5.343347460524938697e-02
-5.852708307931209220e-02
-6.107388731634344481e-02
-5.343347460524938697e-02
-4.833986613118668174e-02
-4.833986613118668174e-02
-4.833986613118668174e-02
-5.343347460524938697e-02
-6.107388731634344481e-02
-5.852708307931209220e-02
-5.852708307931209220e-02
-5.343347460524938697e-02
-5.343347460524938697e-02
-4.579306189415532913e-02
-4.833986613118668174e-02
-5.343347460524938697e-02
-5.852708307931209220e-02
-5.852708307931209220e-02
-5.343347460524938697e-02
-4.579306189415532913e-02
-5.088667036821803435e-02
-5.343347460524938697e-02
-5.088667036821803435e-02
-5.088667036821803435e-02
-5.852708307931209220e-02
-5.852708307931209220e-02
-5.343347460524938697e-02
-5.088667036821803435e-02
-4.579306189415532913e-02
-5.343347460524938697e-02
-5.343347460524938697e-02
-6.107388731634344481e-02
-6.107388731634344481e-02
-5.343347460524938697e-02
-5.343347460524938697e-02
-4.579306189415532913e-02
-4.579306189415532913e-02
-5.343347460524938697e-02
-5.343347460524938697e-02
-6.107388731634344481e-02
-6.107388731634344481e-02
-5.088667036821803435e-02
-5.343347460524938697e-02
-4.833986613118668174e-02
-5.343347460524938697e-02
-5.343347460524938697e-02
-6.107388731634344481e-02
-5.852708307931209220e-02
-5.343347460524938697e-02
-5.343347460524938697e-02
-5.088667036821803435e-02
-4.833986613118668174e-02
-5.343347460524938697e-02
-5.343347460524938697e-02
-6.107388731634344481e-02
-5.598027884228073958e-02
-5.343347460524938697e-02
-4.579306189415532913e-02
-4.833986613118668174e-02
-5.343347460524938697e-02
-5.343347460524938697e-02
-5.852708307931209220e-02
-5.343347460524938697e-02
-4.579306189415532913e-02
-4.833986613118668174e-02
-4.833986613118668174e-02
-5.343347460524938697e-02
-5.852708307931209220e-02
-5.852708307931209220e-02
-5.088667036821803435e-02
-5.343347460524938697e-02
-4.579306189415532913e-02
-4.833986613118668174e-02
-5.343347460524938697e-02
-5.343347460524938697e-02
-5.343347460524938697e-02
-5.852708307931209220e-02
-5.598027884228073958e-02
-5.343347460524938697e-02
-4.579306189415532913e-02
-4.833986613118668174e-02
-5.343347460524938697e-02
-5.088667036821803435e-02
-6.107388731634344481e-02
-5.852708307931209220e-02
-5.088667036821803435e-02
-5.343347460524938697e-02
-4.833986613118668174e-02
-5.088667036821803435e-02
-6.107388731634344481e-02
-6.107388731634344481e-02
-5.852708307931209220e-02
-5.343347460524938697e-02
-5.343347460524938697e-02
-4.833986613118668174e-02
-4.579306189415532913e-02
-5.343347460524938697e-02
-5.343347460524938697e-02
-6.107388731634344481e-02
-6.107388731634344481e-02
-5.343347460524938697e-02
-4.579306189415532913e-02
-4.833986613118668174e-02
-5.343347460524938697e-02
-5.343347460524938697e-02
-5.852708307931209220e-02
-5.852708307931209220e-02
-5.088667036821803435e-02
-5.343347460524938697e-02
-4.833986613118668174e-02
-5.343347460524938697e-02
-5.343347460524938697e-02
-6.107388731634344481e-02
-6.107388731634344481e-02
-5.598027884228073958e-02
-4.579306189415532913e-02
-4.579306189415532913e-02
-5.088667036821803435e-02
-5.343347460524938697e-02
-6.107388731634344481e-02
-5.343347460524938697e-02
-5.088667036821803435e-02
-5.343347460524938697e-02
-4.579306189415532913e-02
-4.833986613118668174e-02
-5.343347460524938697e-02
-5.343347460524938697e-02
-6.107388731634344481e-02
-5.852708307931209220e-02
-5.343347460524938697e-02
-5.343347460524938697e-02
-4.833986613118668174e-02
-4.579306189415532913e-02
-5.343347460524938697e-02
-5.088667036821803435e-02
-5.852708307931209220e-02
-5.088667036821803435e-02
-5.343347460524938697e-02
-4.833986613118668174e-02
-4.579306189415532913e-02
-5.343347460524938697e-02
-5.343347460524938697e-02
-6.107388731634344481e-02
-5.343347460524938697e-02
-4.579306189415532913e-02
-4.579306189415532913e-02
-4.833986613118668174e-02
-5.343347460524938697e-02
-5.598027884228073958e-02
-5.852708307931209220e-02
-6.107388731634344481e-02
-5.343347460524938697e-02
-4.833986613118668174e-02
-4.833986613118668174e-02
-5.088667036821803435e-02
-5.852708307931209220e-02
-5.852708307931209220e-02
-5.598027884228073958e-02
-5.343347460524938697e-02
-4.579306189415532913e-02
-4.579306189415532913e-02
-5.088667036821803435e-02
-5.343347460524938697e-02
-5.852708307931209220e-02
-5.852708307931209220e-02
-5.343347460524938697e-02
-5.088667036821803435e-02
-4.579306189415532913e-02
-5.598027884228073958e-02
-5.088667036821803435e-02
-5.343347460524938697e-02
-6.107388731634344481e-02
-5.088667036821803435e-02
-5.343347460524938697e-02
-4.579306189415532913e-02
-4.579306189415532913e-02
-5.598027884228073958e-02
-5.343347460524938697e-02
-5.852708307931209220e-02
-5.088667036821803435e-02
-5.088667036821803435e-02
-4.579306189415532913e-02
-4.579306189415532913e-02
-5.088667036821803435e-02
-5.343347460524938697e-02
-5.852708307931209220e-02
-6.107388731634344481e-02
-5.343347460524938697e-02
-5.343347460524938697e-02
-4.833986613118668174e-02
-4.833986613118668174e-02
-5.088667036821803435e-02
-5.343347460524938697e-02
-5.852708307931209220e-02
-5.852708307931209220e-02
-5.598027884228073958e-02
-4.579306189415532913e-02
-4.579306189415532913e-02
-5.088667036821803435e-02
-5.343347460524938697e-02
-6.107388731634344481e-02
-6.107388731634344481e-02
-5.088667036821803435e-02
-5.343347460524938697e-02
-4.579306189415532913e-02
-5.343347460524938697e-02
-5.343347460524938697e-02
-5.852708307931209220e-02
-6.107388731634344481e-02
-5.088667036821803435e-02
-5.343347460524938697e-02
-4.579306189415532913e-02
-4.833986613118668174e-02
-5.343347460524938697e-02
-5.343347460524938697e-02
-5.343347460524938697e-02
-6.107388731634344481e-02
-5.343347460524938697e-02
-5.343347460524938697e-02
-4.833986613118668174e-02
-4.833986613118668174e-02
-5.088667036821803435e-02
-5.343347460524938697e-02
-5.852708307931209220e-02
-6.107388731634344481e-02
-5.088667036821803435e-02
-4.579306189415532913e-02
-4.833986613118668174e-02
-5.343347460524938697e-02
-5.343347460524938697e-02
-6.107388731634344481e-02
-5.852708307931209220e-02
-5.852708307931209220e-02
-5.343347460524938697e-02
-5.343347460524938697e-02
-4.833986613118668174e-02
-5.088667036821803435e-02
-5.343347460524938697e-02
-5.852708307931209220e-02
-6.107388731634344481e-02
-5.343347460524938697e-02
-5.343347460524938697e-02
-4.833986613118668174e-02
-4.579306189415532913e-02
-5.088667036821803435e-02
-5.852708307931209220e-02
-6.107388731634344481e-02
-5.088667036821803435e-02
-4.579306189415532913e-02
-4.833986613118668174e-02
-5.088667036821803435e-02
-5.343347460524938697e-02
-5.852708307931209220e-02
-6.107388731634344481e-02
-6.107388731634344481e-02
-5.343347460524938697e-02
-5.343347460524938697e-02
-4.833986613118668174e-02
-5.343347460524938697e-02
-5.088667036821803435e-02
-5.852708307931209220e-02
-5.852708307931209220e-02
-5.343347460524938697e-02
-5.088667036821803435e-02
-4.833986613118668174e-02
-5.343347460524938697e-02
-5.343347460524938697e-02
-5.852708307931209220e-02
-6.107388731634344481e-02
-5.343347460524938697e-02
-5.343347460524938697e-02
-4.833986613118668174e-02
-4.579306189415532913e-02
-5.343347460524938697e-02
-5.343347460524938697e-02
-6.107388731634344481e-02
-5.088667036821803435e-02
-5.343347460524938697e-02
-4.579306189415532913e-02
-5.343347460524938697e-02
-5.343347460524938697e-02
-5.852708307931209220e-02
-6.107388731634344481e-02
-5.343347460524938697e-02
-5.343347460524938697e-02
-4.833986613118668174e-02
-5.088667036821803435e-02
-5.343347460524938697e-02
-5.343347460524938697e-02
-5.852708307931209220e-02
-5.343347460524938697e-02
-5.343347460524938697e-02
-5.088667036821803435e-02
-4.579306189415532913e-02
-5.343347460524938697e-02
-5.343347460524938697e-02
-5.598027884228073958e-02
-6.107388731634344481e-02
-5.088667036821803435e-02
-5.088667036821803435e-02
-4.833986613118668174e-02
-4.579306189415532913e-02
-5.088667036821803435e-02
-5.852708307931209220e-02
-5.852708307931209220e-02
-5.343347460524938697e-02
-5.343347460524938697e-02
-4.833986613118668174e-02
-4.833986613118668174e-02
-5.343347460524938697e-02
-6.107388731634344481e-02
-5.852708307931209220e-02
-6.107388731634344481e-02
-5.343347460524938697e-02
-5.343347460524938697e-02
-4.833986613118668174e-02
-4.833986613118668174e-02
-5.343347460524938697e-02
-5.343347460524938697e-02
-5.852708307931209220e-02
-5.088667036821803435e-02
-5.343347460524938697e-02
-4.833986613118668174e-02
-4.833986613118668174e-02
-5.088667036821803435e-02
-5.852708307931209220e-02
-6.107388731634344481e-02
-5.343347460524938697e-02
-4.833986613118668174e-02
-4.579306189415532913e-02
-5.343347460524938697e-02
-5.343347460524938697e-02
-5.343347460524938697e-02
-5.852708307931209220e-02
-5.852708307931209220e-02
-5.088667036821803435e-02
-4.833986613118668174e-02
-4.833986613118668174e-02
-5.343347460524938697e-02
-5.343347460524938697e-02
-6.107388731634344481e-02
-5.598027884228073958e-02
-5.598027884228073958e-02
-4.833986613118668174e-02
-4.833986613118668174e-02
-4.579306189415532913e-02
-5.088667036821803435e-02
-5.343347460524938697e-02
-5.852708307931209220e-02
-5.088667036821803435e-02
-5.598027884228073958e-02
-4.833986613118668174e-02
-5.088667036821803435e-02
-5.343347460524938697e-02
-5.598027884228073958e-02
-5.852708307931209220e-02
-5.343347460524938697e-02
-5.088667036821803435e-02
-4.579306189415532913e-02
-4.833986613118668174e-02
-5.343347460524938697e-02
-5.343347460524938697e-02
-5.852708307931209220e-02
-5.088667036821803435e-02
-5.343347460524938697e-02
-5.343347460524938697e-02
-4.833986613118668174e-02
-5.088667036821803435e-02
-5.343347460524938697e-02
-5.852708307931209220e-02
-6.107388731634344481e-02
-5.343347460524938697e-02
-4.833986613118668174e-02
-4.579306189415532913e-02
-4.579306189415532913e-02
-5.343347460524938697e-02
-5.343347460524938697e-02
-5.852708307931209220e-02
-6.107388731634344481e-02
-5.088667036821803435e-02
-5.088667036821803435e-02
-4.833986613118668174e-02
-4.833986613118668174e-02
-5.343347460524938697e-02
-5.598027884228073958e-02
-5.852708307931209220e-02
-5.343347460524938697e-02
-5.088667036821803435e-02
-4.833986613118668174e-02
-5.088667036821803435e-02
-5.343347460524938697e-02
-5.343347460524938697e-02
-5.852708307931209220e-02
-6.107388731634344481e-02
-5.343347460524938697e-02
-5.598027884228073958e-02
-4.833986613118668174e-02
-5.088667036821803435e-02
-5.343347460524938697e-02
-6.107388731634344481e-02
-6.107388731634344481e-02
-5.343347460524938697e-02
-5.088667036821803435e-02
-4.833986613118668174e-02
-4.833986613118668174e-02
-5.343347460524938697e-02
-5.343347460524938697e-02
-5.852708307931209220e-02
-6.107388731634344481e-02
-5.343347460524938697e-02
-5.343347460524938697e-02
-4.579306189415532913e-02
-5.088667036821803435e-02
-5.343347460524938697e-02
-6.107388731634344481e-02
-6.107388731634344481e-02
-5.343347460524938697e-02
-5.343347460524938697e-02
-4.833986613118668174e-02
-5.343347460524938697e-02
-5.343347460524938697e-02
-5.598027884228073958e-02
-5.852708307931209220e-02
-5.343347460524938697e-02
-5.088667036821803435e-02
-4.833986613118668174e-02
-5.343347460524938697e-02
-5.088667036821803435e-02
-5.852708307931209220e-02
-5.088667036821803435e-02
-5.343347460524938697e-02
-4.579306189415532913e-02
-4.833986613118668174e-02
-5.088667036821803435e-02
-5.343347460524938697e-02
-6.107388731634344481e-02
-5.852708307931209220e-02
-5.088667036821803435e-02
-4.579306189415532913e-02
-4.833986613118668174e-02
-5.343347460524938697e-02
-6.107388731634344481e-02
-5.852708307931209220e-02
-5.343347460524938697e-02
-5.088667036821803435e-02
-4.579306189415532913e-02
-4.579306189415532913e-02
-5.343347460524938697e-02
-5.343347460524938697e-02
-5.343347460524938697e-02
-6.107388731634344481e-02
-5.343347460524938697e-02
-5.343347460524938697e-02
-4.833986613118668174e-02
-5.088667036821803435e-02
-5.343347460524938697e-02
-5.343347460524938697e-02
-6.107388731634344481e-02
-6.107388731634344481e-02
-5.343347460524938697e-02
-4.579306189415532913e-02
-4.833986613118668174e-02
-5.343347460524938697e-02
-5.343347460524938697e-02
-5.852708307931209220e-02
-6.107388731634344481e-02
-5.343347460524938697e-02
-5.598027884228073958e-02
-4.833986613118668174e-02
-4.833986613118668174e-02
-5.343347460524938697e-02
-5.343347460524938697e-02
-6.107388731634344481e-02
-5.088667036821803435e-02
-5.343347460524938697e-02
-4.579306189415532913e-02
-4.833986613118668174e-02
-5.343347460524938697e-02
-5.852708307931209220e-02
-6.107388731634344481e-02
-5.343347460524938697e-02
-5.598027884228073958e-02
-4.833986613118668174e-02
-5.088667036821803435e-02
-5.343347460524938697e-02
-5.343347460524938697e-02
-6.107388731634344481e-02
-5.343347460524938697e-02
-5.598027884228073958e-02
-4.579306189415532913e-02
-4.579306189415532913e-02
-5.088667036821803435e-02
-5.343347460524938697e-02
-5.343347460524938697e-02
-6.107388731634344481e-02
-5.088667036821803435e-02
-5.343347460524938697e-02
-4.833986613118668174e-02
-5.088667036821803435e-02
-5.343347460524938697e-02
-5.343347460524938697e-02
-6.107388731634344481e-02
-5.852708307931209220e-02
-5.343347460524938697e-02
-4.833986613118668174e-02
-4.833986613118668174e-02
-5.343347460524938697e-02
-5.343347460524938697e-02
-6.107388731634344481e-02
-5.852708307931209220e-02
-5.343347460524938697e-02
-5.088667036821803435e-02
-4.579306189415532913e-02
-4.833986613118668174e-02
-5.343347460524938697e-02
-5.598027884228073958e-02
-6.107388731634344481e-02
-5.343347460524938697e-02
-5.088667036821803435e-02
-4.833986613118668174e-02
-4.833986613118668174e-02
-5.343347460524938697e-02
-5.088667036821803435e-02
-5.852708307931209220e-02
-5.852708307931209220e-02
-4.579306189415532913e-02
-4.833986613118668174e-02
-5.343347460524938697e-02
-5.088667036821803435e-02
-5.598027884228073958e-02
-6.107388731634344481e-02
-5.088667036821803435e-02
-5.343347460524938697e-02
-4.833986613118668174e-02
-4.833986613118668174e-02
-5.343347460524938697e-02
-5.343347460524938697e-02
-5.852708307931209220e-02
-6.107388731634344481e-02
-5.343347460524938697e-02
-5.343347460524938697e-02
-5.088667036821803435e-02
-5.343347460524938697e-02
-5.088667036821803435e-02
-6.107388731634344481e-02
-5.852708307931209220e-02
-5.598027884228073958e-02
-5.343347460524938697e-02
-4.833986613118668174e-02
-5.088667036821803435e-02
-5.343347460524938697e-02
-5.598027884228073958e-02
-5.343347460524938697e-02
-5.343347460524938697e-02
-4.833986613118668174e-02
-4.833986613118668174e-02
-5.343347460524938697e-02
-5.852708307931209220e-02
-5.852708307931209220e-02
-5.088667036821803435e-02
-5.343347460524938697e-02
-4.579306189415532913e-02
-4.579306189415532913e-02
-5.343347460524938697e-02
-5.088667036821803435e-02
-6.107388731634344481e-02
-5.852708307931209220e-02
-5.343347460524938697e-02
-5.343347460524938697e-02
-4.579306189415532913e-02
-4.833986613118668174e-02
-5.343347460524938697e-02
-5.852708307931209220e-02
-5.852708307931209220e-02
-5.343347460524938697e-02
-5.343347460524938697e-02
-4.833986613118668174e-02
-5.343347460524938697e-02
-5.598027884228073958e-02
-5.852708307931209220e-02
-5.852708307931209220e-02
-5.598027884228073958e-02
-4.579306189415532913e-02
-4.833986613118668174e-02
-4.833986613118668174e-02
-5.598027884228073958e-02
-5.088667036821803435e-02
-5.852708307931209220e-02
-6.107388731634344481e-02
-5.343347460524938697e-02
-5.343347460524938697e-02
-4.579306189415532913e-02
-4.833986613118668174e-02
-5.343347460524938697e-02
-5.343347460524938697e-02
-5.852708307931209220e-02
-5.343347460524938697e-02
-4.833986613118668174e-02
-4.579306189415532913e-02
-5.088667036821803435e-02
-5.088667036821803435e-02
-5.852708307931209220e-02
-6.107388731634344481e-02
-5.343347460524938697e-02
-4.579306189415532913e-02
-4.579306189415532913e-02
-4.833986613118668174e-02
-5.343347460524938697e-02
-5.343347460524938697e-02
-6.107388731634344481e-02
-6.107388731634344481e-02
-5.343347460524938697e-02
-5.343347460524938697e-02
-4.833986613118668174e-02
-4.833986613118668174e-02
-5.343347460524938697e-02
-5.343347460524938697e-02
-6.107388731634344481e-02
-5.852708307931209220e-02
-5.343347460524938697e-02
-5.343347460524938697e-02
-4.833986613118668174e-02
-4.833986613118668174e-02
-5.343347460524938697e-02
-6.107388731634344481e-02
-5.088667036821803435e-02
-5.343347460524938697e-02
-4.833986613118668174e-02
-4.833986613118668174e-02
-5.343347460524938697e-02
-5.088667036821803435e-02
-5.343347460524938697e-02
-6.107388731634344481e-02
-6.107388731634344481e-02
-5.343347460524938697e-02
-5.343347460524938697e-02
-4.833986613118668174e-02
-4.833986613118668174e-02
-5.343347460524938697e-02
-5.852708307931209220e-02
-5.343347460524938697e-02
-5.343347460524938697e-02
-4.833986613118668174e-02
-4.833986613118668174e-02
-5.343347460524938697e-02
-5.343347460524938697e-02
-6.107388731634344481e-02
-6.107388731634344481e-02
-5.852708307931209220e-02
-5.343347460524938697e-02
-4.579306189415532913e-02
-4.833986613118668174e-02
-5.343347460524938697e-02
-5.343347460524938697e-02
-6.107388731634344481e-02
-5.343347460524938697e-02
-5.343347460524938697e-02
-4.833986613118668174e-02
-5.088667036821803435e-02
-5.343347460524938697e-02
-5.343347460524938697e-02
-5.852708307931209220e-02
-5.852708307931209220e-02
-5.088667036821803435e-02
-4.833986613118668174e-02
-4.579306189415532913e-02
-5.343347460524938697e-02
-5.343347460524938697e-02
-6.107388731634344481e-02
-6.107388731634344481e-02
-5.343347460524938697e-02
-5.343347460524938697e-02
-4.833986613118668174e-02
-4.833986613118668174e-02
-5.343347460524938697e-02
-5.343347460524938697e-02
-6.107388731634344481e-02
-5.343347460524938697e-02
-4.579306189415532913e-02
-4.833986613118668174e-02
-5.343347460524938697e-02
-5.343347460524938697e-02
-6.107388731634344481e-02
-6.107388731634344481e-02
-5.343347460524938697e-02
-4.833986613118668174e-02
-5.088667036821803435e-02
-5.088667036821803435e-02
-5.343347460524938697e-02
-5.343347460524938697e-02
-5.852708307931209220e-02
-5.852708307931209220e-02
-5.343347460524938697e-02
-5.343347460524938697e-02
-4.833986613118668174e-02
-5.343347460524938697e-02
-5.343347460524938697e-02
-6.107388731634344481e-02
-6.107388731634344481e-02
-5.343347460524938697e-02
-5.088667036821803435e-02
-4.579306189415532913e-02
-4.833986613118668174e-02
-5.343347460524938697e-02
-5.852708307931209220e-02
-5.852708307931209220e-02
-5.343347460524938697e-02
-5.088667036821803435e-02
-4.579306189415532913e-02
-4.579306189415532913e-02
-5.598027884228073958e-02
-5.088667036821803435e-02
-5.852708307931209220e-02
-5.088667036821803435e-02
-5.343347460524938697e-02
-5.088667036821803435e-02
-5.088667036821803435e-02
-5.343347460524938697e-02
-5.852708307931209220e-02
-5.343347460524938697e-02
-6.107388731634344481e-02
-5.343347460524938697e-02
-5.343347460524938697e-02
-4.833986613118668174e-02
-5.343347460524938697e-02
-5.343347460524938697e-02
-5.852708307931209220e-02
-6.107388731634344481e-02
-5.088667036821803435e-02
-5.088667036821803435e-02
-4.579306189415532913e-02
-4.833986613118668174e-02
-5.343347460524938697e-02
-6.107388731634344481e-02
-6.107388731634344481e-02
-5.343347460524938697e-02
-5.343347460524938697e-02
-4.833986613118668174e-02
-4.579306189415532913e-02
-5.343347460524938697e-02
-5.852708307931209220e-02
-5.852708307931209220e-02
-5.343347460524938697e-02
-5.343347460524938697e-02
-4.579306189415532913e-02
-4.579306189415532913e-02
-5.343347460524938697e-02
-5.343347460524938697e-02
-6.107388731634344481e-02
-5.343347460524938697e-02
-4.579306189415532913e-02
-4.833986613118668174e-02
-5.088667036821803435e-02
-5.343347460524938697e-02
-5.852708307931209220e-02
-6.107388731634344481e-02
-5.343347460524938697e-02
-4.579306189415532913e-02
-4.833986613118668174e-02
-5.088667036821803435e-02
-5.343347460524938697e-02
-5.088667036821803435e-02
-5.852708307931209220e-02
-5.343347460524938697e-02
-5.343347460524938697e-02
-4.833986613118668174e-02
-4.833986613118668174e-02
-5.343347460524938697e-02
-5.343347460524938697e-02
-6.107388731634344481e-02
-5.852708307931209220e-02
-5.343347460524938697e-02
-4.833986613118668174e-02
-4.579306189415532913e-02
-5.343347460524938697e-02
-5.343347460524938697e-02
-6.107388731634344481e-02
-6.107388731634344481e-02
-5.343347460524938697e-02
-4.579306189415532913e-02
-4.833986613118668174e-02
-5.088667036821803435e-02
-5.343347460524938697e-02
-5.852708307931209220e-02
-5.598027884228073958e-02
-5.088667036821803435e-02
-4.833986613118668174e-02
-5.343347460524938697e-02
-5.343347460524938697e-02
-5.343347460524938697e-02
-5.852708307931209220e-02
-5.343347460524938697e-02
-5.343347460524938697e-02
-5.343347460524938697e-02
-4.579306189415532913e-02
-5.088667036821803435e-02
-5.343347460524938697e-02
-6.107388731634344481e-02
-6.107388731634344481e-02
-4.833986613118668174e-02
-4.833986613118668174e-02
-4.833986613118668174e-02
-5.343347460524938697e-02
-5.852708307931209220e-02
-6.107388731634344481e-02
-5.852708307931209220e-02
-5.088667036821803435e-02
-5.343347460524938697e-02
-4.833986613118668174e-02
-4.579306189415532913e-02
-5.088667036821803435e-02
-5.852708307931209220e-02
-5.852708307931209220e-02
-5.343347460524938697e-02
-5.343347460524938697e-02
-4.579306189415532913e-02
-4.833986613118668174e-02
-5.343347460524938697e-02
-5.852708307931209220e-02
-5.852708307931209220e-02
-5.343347460524938697e-02
-5.343347460524938697e-02
-4.833986613118668174e-02
-4.833986613118668174e-02
-5.343347460524938697e-02
-5.852708307931209220e-02
-6.107388731634344481e-02
-5.088667036821803435e-02
-5.343347460524938697e-02
-4.579306189415532913e-02
-4.833986613118668174e-02
-5.343347460524938697e-02
-5.343347460524938697e-02
-5.852708307931209220e-02
-5.343347460524938697e-02
-5.343347460524938697e-02
-4.833986613118668174e-02
-4.579306189415532913e-02
-5.088667036821803435e-02
-5.343347460524938697e-02
-5.852708307931209220e-02
-6.107388731634344481e-02
-5.343347460524938697e-02
-5.343347460524938697e-02
-4.833986613118668174e-02
-4.579306189415532913e-02
-5.343347460524938697e-02
-5.852708307931209220e-02
-5.852708307931209220e-02
-5.598027884228073958e-02
-5.343347460524938697e-02
-4.579306189415532913e-02
-4.579306189415532913e-02
-5.343347460524938697e-02
-5.343347460524938697e-02
-5.852708307931209220e-02
-5.088667036821803435e-02
-5.343347460524938697e-02
-4.833986613118668174e-02
-4.579306189415532913e-02
-5.343347460524938697e-02
-5.852708307931209220e-02
-5.852708307931209220e-02
-6.107388731634344481e-02
-5.343347460524938697e-02
-5.343347460524938697e-02
-5.343347460524938697e-02
-5.088667036821803435e-02
-5.343347460524938697e-02
-5.343347460524938697e-02
-5.852708307931209220e-02
-5.088667036821803435e-02
-5.343347460524938697e-02
-4.579306189415532913e-02
-5.598027884228073958e-02
-5.088667036821803435e-02
-5.852708307931209220e-02
-5.852708307931209220e-02
-5.088667036821803435e-02
-5.343347460524938697e-02
-4.579306189415532913e-02
-5.088667036821803435e-02
-5.088667036821803435e-02
-5.343347460524938697e-02
-6.107388731634344481e-02
-5.343347460524938697e-02
-5.343347460524938697e-02
-5.343347460524938697e-02
-4.579306189415532913e-02
-5.088667036821803435e-02
-6.107388731634344481e-02
-5.852708307931209220e-02
-5.088667036821803435e-02
-5.343347460524938697e-02
-4.579306189415532913e-02
-4.833986613118668174e-02
-5.343347460524938697e-02
-5.088667036821803435e-02
-5.852708307931209220e-02
-5.343347460524938697e-02
-5.343347460524938697e-02
-5.343347460524938697e-02
-4.579306189415532913e-02
-5.343347460524938697e-02
-5.088667036821803435e-02
-6.107388731634344481e-02
-6.107388731634344481e-02
-5.343347460524938697e-02
-5.343347460524938697e-02
-4.833986613118668174e-02
-4.833986613118668174e-02
-5.343347460524938697e-02
-5.088667036821803435e-02
-5.343347460524938697e-02
-5.852708307931209220e-02
-5.088667036821803435e-02
-5.343347460524938697e-02
-4.833986613118668174e-02
-4.833986613118668174e-02
-5.343347460524938697e-02
-5.343347460524938697e-02
-6.107388731634344481e-02
-5.852708307931209220e-02
-5.343347460524938697e-02
-5.088667036821803435e-02
-4.833986613118668174e-02
-5.343347460524938697e-02
-5.343347460524938697e-02
-5.852708307931209220e-02
-5.852708307931209220e-02
-5.088667036821803435e-02
-5.088667036821803435e-02
-5.088667036821803435e-02
-4.833986613118668174e-02
-5.088667036821803435e-02
-5.852708307931209220e-02
-5.088667036821803435e-02
-5.343347460524938697e-02
-5.088667036821803435e-02
-4.833986613118668174e-02
-5.088667036821803435e-02
-5.343347460524938697e-02
-5.852708307931209220e-02
-6.107388731634344481e-02
-5.343347460524938697e-02
-4.579306189415532913e-02
-4.579306189415532913e-02
-4.833986613118668174e-02
-5.343347460524938697e-02
-5.343347460524938697e-02
-5.598027884228073958e-02
-5.852708307931209220e-02
-5.343347460524938697e-02
-5.343347460524938697e-02
-5.343347460524938697e-02
-5.088667036821803435e-02
-5.852708307931209220e-02
-5.852708307931209220e-02
-5.343347460524938697e-02
-5.343347460524938697e-02
-5.343347460524938697e-02
-4.579306189415532913e-02
-5.088667036821803435e-02
-5.088667036821803435e-02
-5.852708307931209220e-02
-5.852708307931209220e-02
-5.343347460524938697e-02
-5.343347460524938697e-02
-5.343347460524938697e-02
-4.579306189415532913e-02
-4.833986613118668174e-02
-5.343347460524938697e-02
-5.598027884228073958e-02
-5.343347460524938697e-02
-5.088667036821803435e-02
-4.833986613118668174e-02
-4.833986613118668174e-02
-5.343347460524938697e-02
-5.088667036821803435e-02
-6.107388731634344481e-02
-5.852708307931209220e-02
-5.343347460524938697e-02
-5.088667036821803435e-02
-4.579306189415532913e-02
-4.579306189415532913e-02
-5.343347460524938697e-02
-5.343347460524938697e-02
-6.107388731634344481e-02
-5.598027884228073958e-02
-5.343347460524938697e-02
-5.343347460524938697e-02
-4.833986613118668174e-02
-4.579306189415532913e-02
-5.343347460524938697e-02
-5.088667036821803435e-02
-5.852708307931209220e-02
-5.852708307931209220e-02
-5.343347460524938697e-02
-4.579306189415532913e-02
-4.579306189415532913e-02
-5.343347460524938697e-02
-5.343347460524938697e-02
-6.107388731634344481e-02
-5.343347460524938697e-02
-5.088667036821803435e-02
-4.579306189415532913e-02
-4.579306189415532913e-02
-5.088667036821803435e-02
-5.852708307931209220e-02
-5.852708307931209220e-02
-5.088667036821803435e-02
-5.343347460524938697e-02
-4.833986613118668174e-02
-4.579306189415532913e-02
-5.343347460524938697e-02
-5.088667036821803435e-02
-5.852708307931209220e-02
-5.852708307931209220e-02
-5.343347460524938697e-02
-5.343347460524938697e-02
-4.579306189415532913e-02
-4.579306189415532913e-02
-5.343347460524938697e-02
-6.107388731634344481e-02
-5.852708307931209220e-02
-5.088667036821803435e-02
-5.343347460524938697e-02
-4.579306189415532913e-02
-4.833986613118668174e-02
-5.598027884228073958e-02
-6.107388731634344481e-02
-5.852708307931209220e-02
-5.343347460524938697e-02
-5.343347460524938697e-02
-5.343347460524938697e-02
-4.579306189415532913e-02
-5.343347460524938697e-02
-5.343347460524938697e-02
-5.852708307931209220e-02
-6.107388731634344481e-02
-5.088667036821803435e-02
-4.579306189415532913e-02
-4.833986613118668174e-02
-5.343347460524938697e-02
-5.088667036821803435e-02
-5.852708307931209220e-02
-5.852708307931209220e-02
-5.343347460524938697e-02
-4.833986613118668174e-02
-4.579306189415532913e-02
-5.088667036821803435e-02
-5.343347460524938697e-02
-5.852708307931209220e-02
-6.107388731634344481e-02
-5.343347460524938697e-02
-5.088667036821803435e-02
-4.833986613118668174e-02
-4.579306189415532913e-02
-5.343347460524938697e-02
-5.852708307931209220e-02
-5.852708307931209220e-02
-5.852708307931209220e-02
-5.343347460524938697e-02
-5.343347460524938697e-02
-4.833986613118668174e-02
-4.579306189415532913e-02
-5.088667036821803435e-02
-5.343347460524938697e-02
-5.852708307931209220e-02
-5.852708307931209220e-02
-5.088667036821803435e-02
-5.088667036821803435e-02
-4.833986613118668174e-02
-5.343347460524938697e-02
-5.343347460524938697e-02
-6.107388731634344481e-02
-5.852708307931209220e-02
-5.343347460524938697e-02
-5.088667036821803435e-02
-4.579306189415532913e-02
-4.833986613118668174e-02
-5.088667036821803435e-02
-6.107388731634344481e-02
-5.852708307931209220e-02
-5.343347460524938697e-02
-5.343347460524938697e-02
-4.833986613118668174e-02
-4.833986613118668174e-02
-5.343347460524938697e-02
-5.088667036821803435e-02
-6.107388731634344481e-02
-6.107388731634344481e-02
-5.088667036821803435e-02
-4.833986613118668174e-02
-4.579306189415532913e-02
-4.579306189415532913e-02
-5.343347460524938697e-02
-6.107388731634344481e-02
-5.852708307931209220e-02
-5.852708307931209220e-02
-5.088667036821803435e-02
-5.343347460524938697e-02
-4.833986613118668174e-02
-4.833986613118668174e-02
-5.088667036821803435e-02
-5.088667036821803435e-02
-5.852708307931209220e-02
-5.852708307931209220e-02
-5.088667036821803435e-02
-4.833986613118668174e-02
-4.579306189415532913e-02
-5.088667036821803435e-02
-6.107388731634344481e-02
-6.107388731634344481e-02
-5.598027884228073958e-02
-5.343347460524938697e-02
-5.088667036821803435e-02
-4.579306189415532913e-02
-5.343347460524938697e-02
-5.343347460524938697e-02
-5.343347460524938697e-02
-5.852708307931209220e-02
-5.343347460524938697e-02
-5.088667036821803435e-02
-5.088667036821803435e-02
-4.579306189415532913e-02
-4.833986613118668174e-02
-5.088667036821803435e-02
-5.088667036821803435e-02
-5.852708307931209220e-02
-5.088667036821803435e-02
-5.343347460524938697e-02
-4.579306189415532913e-02
-4.579306189415532913e-02
-5.343347460524938697e-02
-5.088667036821803435e-02
-5.852708307931209220e-02
-5.598027884228073958e-02
-5.088667036821803435e-02
-5.088667036821803435e-02
-4.833986613118668174e-02
-4.833986613118668174e-02
-5.088667036821803435e-02
-6.107388731634344481e-02
-5.343347460524938697e-02
-5.343347460524938697e-02
-4.579306189415532913e-02
-4.579306189415532913e-02
-4.833986613118668174e-02
-5.343347460524938697e-02
-5.088667036821803435e-02
-5.852708307931209220e-02
-6.107388731634344481e-02
-5.343347460524938697e-02
-5.343347460524938697e-02
-4.833986613118668174e-02
-5.343347460524938697e-02
-5.852708307931209220e-02
-5.598027884228073958e-02
-5.852708307931209220e-02
-5.088667036821803435e-02
-5.088667036821803435e-02
-4.833986613118668174e-02
-4.833986613118668174e-02
-5.343347460524938697e-02
-5.343347460524938697e-02
-5.852708307931209220e-02
-5.852708307931209220e-02
-5.343347460524938697e-02
-5.088667036821803435e-02
-4.579306189415532913e-02
-5.343347460524938697e-02
-5.343347460524938697e-02
-5.852708307931209220e-02
-5.852708307931209220e-02
-5.343347460524938697e-02
-5.343347460524938697e-02
-4.833986613118668174e-02
-4.833986613118668174e-02
-5.343347460524938697e-02
-5.852708307931209220e-02
-5.852708307931209220e-02
-5.343347460524938697e-02
-4.579306189415532913e-02
-4.833986613118668174e-02
-5.598027884228073958e-02
-5.343347460524938697e-02
-5.343347460524938697e-02
-5.852708307931209220e-02
-5.088667036821803435e-02
-5.088667036821803435e-02
-5.088667036821803435e-02
-4.833986613118668174e-02
-4.833986613118668174e-02
-5.088667036821803435e-02
-5.088667036821803435e-02
-5.852708307931209220e-02
-5.343347460524938697e-02
-5.343347460524938697e-02
-4.833986613118668174e-02
-5.343347460524938697e-02
-5.343347460524938697e-02
-6.107388731634344481e-02
-6.107388731634344481e-02
-5.343347460524938697e-02
-5.343347460524938697e-02
-5.088667036821803435e-02
-4.579306189415532913e-02
-4.579306189415532913e-02
-5.343347460524938697e-02
-5.343347460524938697e-02
-5.852708307931209220e-02
-5.598027884228073958e-02
-5.343347460524938697e-02
-4.833986613118668174e-02
-4.579306189415532913e-02
-5.088667036821803435e-02
-6.107388731634344481e-02
-5.852708307931209220e-02
-5.343347460524938697e-02
-5.088667036821803435e-02
-5.088667036821803435e-02
-4.579306189415532913e-02
-5.343347460524938697e-02
-5.088667036821803435e-02
-6.107388731634344481e-02
-5.852708307931209220e-02
-5.343347460524938697e-02
-5.088667036821803435e-02
-4.579306189415532913e-02
-5.088667036821803435e-02
-5.343347460524938697e-02
-5.852708307931209220e-02
-5.088667036821803435e-02
-5.343347460524938697e-02
-4.833986613118668174e-02
-5.343347460524938697e-02
-5.088667036821803435e-02
-5.088667036821803435e-02
-5.852708307931209220e-02
-6.107388731634344481e-02
-5.343347460524938697e-02
-5.088667036821803435e-02
-4.833986613118668174e-02
-4.579306189415532913e-02
-5.343347460524938697e-02
-5.343347460524938697e-02
-6.107388731634344481e-02
-5.088667036821803435e-02
-5.343347460524938697e-02
-4.579306189415532913e-02
-5.343347460524938697e-02
-5.343347460524938697e-02
-5.852708307931209220e-02
-5.852708307931209220e-02
-5.343347460524938697e-02
-5.343347460524938697e-02
-4.833986613118668174e-02
-4.579306189415532913e-02
-5.343347460524938697e-02
-5.343347460524938697e-02
-5.852708307931209220e-02
-5.598027884228073958e-02
-5.088667036821803435e-02
-4.579306189415532913e-02
-4.833986613118668174e-02
-5.088667036821803435e-02
-5.088667036821803435e-02
-5.852708307931209220e-02
-5.852708307931209220e-02
-5.088667036821803435e-02
-5.343347460524938697e-02
-4.579306189415532913e-02
-5.343347460524938697e-02
-5.343347460524938697e-02
-5.852708307931209220e-02
-5.852708307931209220e-02
-5.343347460524938697e-02
-5.088667036821803435e-02
-4.833986613118668174e-02
-5.343347460524938697e-02
-5.343347460524938697e-02
-5.852708307931209220e-02
-5.852708307931209220e-02
-5.343347460524938697e-02
-4.579306189415532913e-02
-4.579306189415532913e-02
-5.343347460524938697e-02
-5.343347460524938697e-02
-6.107388731634344481e-02
-5.852708307931209220e-02
-5.343347460524938697e-02
-5.088667036821803435e-02
-5.343347460524938697e-02
-4.833986613118668174e-02
-5.088667036821803435e-02
-5.088667036821803435e-02
-5.852708307931209220e-02
-5.852708307931209220e-02
-5.088667036821803435e-02
-5.088667036821803435e-02
-4.579306189415532913e-02
-4.579306189415532913e-02
-5.088667036821803435e-02
-5.852708307931209220e-02
-5.852708307931209220e-02
-5.343347460524938697e-02
-5.343347460524938697e-02
-4.579306189415532913e-02
-4.833986613118668174e-02
-5.343347460524938697e-02
-5.343347460524938697e-02
-5.852708307931209220e-02
-5.343347460524938697e-02
-5.088667036821803435e-02
-4.833986613118668174e-02
-4.579306189415532913e-02
-5.343347460524938697e-02
-5.088667036821803435e-02
-5.852708307931209220e-02
-6.107388731634344481e-02
-5.343347460524938697e-02
-5.343347460524938697e-02
-4.579306189415532913e-02
-5.088667036821803435e-02
-5.852708307931209220e-02
-5.598027884228073958e-02
-5.598027884228073958e-02
-5.343347460524938697e-02
-5.088667036821803435e-02
-4.579306189415532913e-02
-5.343347460524938697e-02
-5.088667036821803435e-02
-5.852708307931209220e-02
-5.852708307931209220e-02
-5.343347460524938697e-02
-5.343347460524938697e-02
-4.579306189415532913e-02
-4.579306189415532913e-02
-5.343347460524938697e-02
-5.088667036821803435e-02
-6.107388731634344481e-02
-5.343347460524938697e-02
-5.088667036821803435e-02
-4.579306189415532913e-02
-4.579306189415532913e-02
-5.343347460524938697e-02
-5.088667036821803435e-02
-6.362069155337479742e-02
-5.598027884228073958e-02
-5.088667036821803435e-02
-4.833986613118668174e-02
-4.579306189415532913e-02
-5.343347460524938697e-02
-5.088667036821803435e-02
-5.852708307931209220e-02
-5.343347460524938697e-02
-4.833986613118668174e-02
-4.833986613118668174e-02
-4.579306189415532913e-02
-5.343347460524938697e-02
-6.107388731634344481e-02
-6.107388731634344481e-02
-5.343347460524938697e-02
-5.088667036821803435e-02
-4.833986613118668174e-02
-4.579306189415532913e-02
-5.343347460524938697e-02
-5.343347460524938697e-02
-6.107388731634344481e-02
-5.852708307931209220e-02
-5.343347460524938697e-02
-4.833986613118668174e-02
-4.579306189415532913e-02
-4.579306189415532913e-02
-5.343347460524938697e-02
-5.088667036821803435e-02
-6.107388731634344481e-02
-5.852708307931209220e-02
-5.088667036821803435e-02
-5.088667036821803435e-02
-4.579306189415532913e-02
-4.579306189415532913e-02
-5.088667036821803435e-02
-6.107388731634344481e-02
-5.598027884228073958e-02
-5.343347460524938697e-02
-5.088667036821803435e-02
-4.579306189415532913e-02
-5.088667036821803435e-02
-5.343347460524938697e-02
-5.343347460524938697e-02
-5.852708307931209220e-02
-5.598027884228073958e-02
-5.088667036821803435e-02
-4.579306189415532913e-02
-4.579306189415532913e-02
-5.343347460524938697e-02
-5.088667036821803435e-02
-5.852708307931209220e-02
-5.598027884228073958e-02
-5.088667036821803435e-02
-4.833986613118668174e-02
-4.833986613118668174e-02
-5.343347460524938697e-02
-5.088667036821803435e-02
-5.852708307931209220e-02
-5.852708307931209220e-02
-5.088667036821803435e-02
-5.088667036821803435e-02
-4.579306189415532913e-02
-5.343347460524938697e-02
-5.088667036821803435e-02
-6.107388731634344481e-02
-5.598027884228073958e-02
-5.343347460524938697e-02
-5.088667036821803435e-02
-4.833986613118668174e-02
-4.579306189415532913e-02
-5.343347460524938697e-02
-5.088667036821803435e-02
-5.852708307931209220e-02
-5.852708307931209220e-02
-5.343347460524938697e-02
-4.833986613118668174e-02
-4.579306189415532913e-02
-5.343347460524938697e-02
-5.343347460524938697e-02
-5.852708307931209220e-02
-5.852708307931209220e-02
-5.088667036821803435e-02
-5.343347460524938697e-02
-5.088667036821803435e-02
-4.324625765712397651e-02
-5.343347460524938697e-02
-5.343347460524938697e-02
-5.852708307931209220e-02
-5.598027884228073958e-02
-5.343347460524938697e-02
-4.833986613118668174e-02
-4.579306189415532913e-02
-5.343347460524938697e-02
-6.107388731634344481e-02
-6.107388731634344481e-02
-5.598027884228073958e-02
-5.343347460524938697e-02
-5.088667036821803435e-02
-4.833986613118668174e-02
-5.343347460524938697e-02
-5.343347460524938697e-02
-6.107388731634344481e-02
-5.852708307931209220e-02
-5.343347460524938697e-02
-5.088667036821803435e-02
-5.088667036821803435e-02
-4.579306189415532913e-02
-5.343347460524938697e-02
-5.343347460524938697e-02
-6.107388731634344481e-02
-5.343347460524938697e-02
-5.343347460524938697e-02
-5.088667036821803435e-02
-4.579306189415532913e-02
-4.579306189415532913e-02
-5.088667036821803435e-02
-5.343347460524938697e-02
-5.852708307931209220e-02
-5.852708307931209220e-02
-5.343347460524938697e-02
-5.343347460524938697e-02
-5.598027884228073958e-02
-5.088667036821803435e-02
-5.088667036821803435e-02
-5.852708307931209220e-02
-5.343347460524938697e-02
-5.088667036821803435e-02
-5.088667036821803435e-02
-4.833986613118668174e-02
-4.833986613118668174e-02
-5.088667036821803435e-02
-5.343347460524938697e-02
-5.852708307931209220e-02
-5.343347460524938697e-02
-5.088667036821803435e-02
-4.579306189415532913e-02
-4.324625765712397651e-02
-5.343347460524938697e-02
-5.088667036821803435e-02
-5.852708307931209220e-02
-5.852708307931209220e-02
-5.088667036821803435e-02
-5.343347460524938697e-02
-4.579306189415532913e-02
-4.579306189415532913e-02
-5.343347460524938697e-02
-5.852708307931209220e-02
-6.107388731634344481e-02
-5.598027884228073958e-02
-5.088667036821803435e-02
-5.088667036821803435e-02
-4.579306189415532913e-02
-5.343347460524938697e-02
-5.343347460524938697e-02
-5.852708307931209220e-02
-5.852708307931209220e-02
-5.343347460524938697e-02
-5.088667036821803435e-02
-4.833986613118668174e-02
-4.579306189415532913e-02
-5.088667036821803435e-02
-6.107388731634344481e-02
-5.343347460524938697e-02
-5.343347460524938697e-02
-5.088667036821803435e-02
-4.579306189415532913e-02
-4.833986613118668174e-02
-5.343347460524938697e-02
-5.088667036821803435e-02
-5.852708307931209220e-02
-5.852708307931209220e-02
-5.343347460524938697e-02
-5.088667036821803435e-02
-4.833986613118668174e-02
-4.833986613118668174e-02
-5.088667036821803435e-02
-5.852708307931209220e-02
-5.852708307931209220e-02
-5.598027884228073958e-02
-5.088667036821803435e-02
-4.579306189415532913e-02
-4.579306189415532913e-02
-5.343347460524938697e-02
-5.088667036821803435e-02
-5.852708307931209220e-02
-5.852708307931209220e-02
-5.343347460524938697e-02
-5.088667036821803435e-02
-4.579306189415532913e-02
-4.579306189415532913e-02
-5.343347460524938697e-02
-5.088667036821803435e-02
-5.852708307931209220e-02
-5.343347460524938697e-02
-5.088667036821803435e-02
-4.579306189415532913e-02
-4.579306189415532913e-02
-5.343347460524938697e-02
-5.088667036821803435e-02
-5.852708307931209220e-02
-5.852708307931209220e-02
-5.343347460524938697e-02
-5.088667036821803435e-02
-4.833986613118668174e-02
-5.343347460524938697e-02
-5.343347460524938697e-02
-6.107388731634344481e-02
-5.852708307931209220e-02
-5.343347460524938697e-02
-5.343347460524938697e-02
-5.088667036821803435e-02
-4.579306189415532913e-02
-5.343347460524938697e-02
-5.088667036821803435e-02
-5.852708307931209220e-02
-5.343347460524938697e-02
-5.088667036821803435e-02
-5.088667036821803435e-02
-4.579306189415532913e-02
-5.343347460524938697e-02
-5.343347460524938697e-02
-5.852708307931209220e-02
-5.088667036821803435e-02
-4.579306189415532913e-02
-4.579306189415532913e-02
-5.343347460524938697e-02
-5.852708307931209220e-02
-5.852708307931209220e-02
-5.088667036821803435e-02
-5.343347460524938697e-02
-4.833986613118668174e-02
-4.833986613118668174e-02
-4.833986613118668174e-02
-5.088667036821803435e-02
-5.088667036821803435e-02
-5.852708307931209220e-02
-5.343347460524938697e-02
-5.343347460524938697e-02
-4.579306189415532913e-02
-5.598027884228073958e-02
-5.343347460524938697e-02
-6.107388731634344481e-02
-6.107388731634344481e-02
-5.343347460524938697e-02
-5.343347460524938697e-02
-4.833986613118668174e-02
-4.833986613118668174e-02
-5.343347460524938697e-02
-6.107388731634344481e-02
-6.107388731634344481e-02
-5.598027884228073958e-02
-4.833986613118668174e-02
-4.833986613118668174e-02
-4.833986613118668174e-02
-5.343347460524938697e-02
-5.343347460524938697e-02
-6.107388731634344481e-02
-5.598027884228073958e-02
-5.343347460524938697e-02
-5.343347460524938697e-02
-4.579306189415532913e-02
-4.579306189415532913e-02
-5.343347460524938697e-02
-6.107388731634344481e-02
-5.598027884228073958e-02
-5.088667036821803435e-02
-5.343347460524938697e-02
-4.833986613118668174e-02
-4.579306189415532913e-02
-5.343347460524938697e-02
-5.343347460524938697e-02
-5.598027884228073958e-02
-5.088667036821803435e-02
-5.343347460524938697e-02
-5.088667036821803435e-02
-4.579306189415532913e-02
-5.343347460524938697e-02
-5.343347460524938697e-02
-5.852708307931209220e-02
-5.852708307931209220e-02
-5.088667036821803435e-02
-5.343347460524938697e-02
-4.833986613118668174e-02
-4.579306189415532913e-02
-5.343347460524938697e-02
-6.107388731634344481e-02
-5.852708307931209220e-02
-5.088667036821803435e-02
-5.088667036821803435e-02
-4.833986613118668174e-02
-4.579306189415532913e-02
-5.343347460524938697e-02
-5.088667036821803435e-02
-5.852708307931209220e-02
-5.088667036821803435e-02
-5.088667036821803435e-02
-4.833986613118668174e-02
-4.833986613118668174e-02
-5.343347460524938697e-02
-5.088667036821803435e-02
-6.107388731634344481e-02
-5.852708307931209220e-02
-4.579306189415532913e-02
-4.833986613118668174e-02
-4.579306189415532913e-02
-5.088667036821803435e-02
-5.088667036821803435e-02
-5.852708307931209220e-02
-5.343347460524938697e-02
-5.598027884228073958e-02
-4.833986613118668174e-02
-5.343347460524938697e-02
-5.343347460524938697e-02
-5.343347460524938697e-02
-5.852708307931209220e-02
-5.343347460524938697e-02
-5.343347460524938697e-02
-5.343347460524938697e-02
-4.833986613118668174e-02
-4.579306189415532913e-02
-5.343347460524938697e-02
-5.343347460524938697e-02
-6.107388731634344481e-02
-5.852708307931209220e-02
-5.088667036821803435e-02
-5.088667036821803435e-02
-5.088667036821803435e-02
-4.579306189415532913e-02
-5.343347460524938697e-02
-5.088667036821803435e-02
-5.852708307931209220e-02
-5.088667036821803435e-02
-5.343347460524938697e-02
-4.579306189415532913e-02
-4.833986613118668174e-02
-5.343347460524938697e-02
-5.088667036821803435e-02
-5.852708307931209220e-02
-5.852708307931209220e-02
-5.598027884228073958e-02
-5.088667036821803435e-02
-4.579306189415532913e-02
-5.343347460524938697e-02
-5.343347460524938697e-02
-6.107388731634344481e-02
-5.852708307931209220e-02
-5.343347460524938697e-02
-5.343347460524938697e-02
-4.833986613118668174e-02
-4.579306189415532913e-02
-5.088667036821803435e-02
-5.343347460524938697e-02
-5.852708307931209220e-02
-6.107388731634344481e-02
-5.343347460524938697e-02
-5.088667036821803435e-02
-4.833986613118668174e-02
-4.579306189415532913e-02
-5.343347460524938697e-02
-5.088667036821803435e-02
-5.852708307931209220e-02
-5.343347460524938697e-02
-5.343347460524938697e-02
-4.833986613118668174e-02
-4.579306189415532913e-02
-5.343347460524938697e-02
-5.598027884228073958e-02
-6.107388731634344481e-02
-5.343347460524938697e-02
-5.088667036821803435e-02
-4.579306189415532913e-02
-4.579306189415532913e-02
-5.343347460524938697e-02
-5.343347460524938697e-02
-5.852708307931209220e-02
-5.852708307931209220e-02
-5.343347460524938697e-02
-5.343347460524938697e-02
-4.579306189415532913e-02
-4.833986613118668174e-02
-4.579306189415532913e-02
-5.343347460524938697e-02
-6.107388731634344481e-02
-5.852708307931209220e-02
-5.343347460524938697e-02
-5.088667036821803435e-02
-4.833986613118668174e-02
-5.088667036821803435e-02
-5.343347460524938697e-02
-5.088667036821803435e-02
-5.852708307931209220e-02
-5.343347460524938697e-02
-5.343347460524938697e-02
-5.343347460524938697e-02
-4.579306189415532913e-02
-4.833986613118668174e-02
-6.107388731634344481e-02
-5.852708307931209220e-02
-5.852708307931209220e-02
-5.343347460524938697e-02
-5.343347460524938697e-02
-5.088667036821803435e-02
-4.833986613118668174e-02
-5.088667036821803435e-02
-5.088667036821803435e-02
-5.852708307931209220e-02
-5.852708307931209220e-02
-5.343347460524938697e-02
-5.343347460524938697e-02
-4.833986613118668174e-02
-5.343347460524938697e-02
-5.343347460524938697e-02
-5.852708307931209220e-02
-5.852708307931209220e-02
-5.343347460524938697e-02
-5.343347460524938697e-02
-4.833986613118668174e-02
-4.833986613118668174e-02
-5.088667036821803435e-02
-5.343347460524938697e-02
-5.852708307931209220e-02
-5.852708307931209220e-02
-5.088667036821803435e-02
-4.833986613118668174e-02
-4.579306189415532913e-02
-5.343347460524938697e-02
-5.343347460524938697e-02
-6.107388731634344481e-02
-5.852708307931209220e-02
-5.088667036821803435e-02
-5.343347460524938697e-02
-4.833986613118668174e-02
-4.579306189415532913e-02
-5.088667036821803435e-02
-5.343347460524938697e-02
-5.852708307931209220e-02
-5.343347460524938697e-02
-5.343347460524938697e-02
-4.833986613118668174e-02
-4.833986613118668174e-02
-5.343347460524938697e-02
-5.343347460524938697e-02
-5.852708307931209220e-02
-5.852708307931209220e-02
-5.343347460524938697e-02
-4.833986613118668174e-02
-5.343347460524938697e-02
-5.088667036821803435e-02
-5.343347460524938697e-02
-6.107388731634344481e-02
-6.107388731634344481e-02
-5.343347460524938697e-02
-4.833986613118668174e-02
-4.833986613118668174e-02
-4.579306189415532913e-02
-5.088667036821803435e-02
-5.343347460524938697e-02
-6.107388731634344481e-02
-6.107388731634344481e-02
-5.343347460524938697e-02
-5.088667036821803435e-02
-5.088667036821803435e-02
-5.088667036821803435e-02
-5.343347460524938697e-02
-5.852708307931209220e-02
-6.107388731634344481e-02
-5.343347460524938697e-02
-5.343347460524938697e-02
-4.833986613118668174e-02
-5.343347460524938697e-02
-5.343347460524938697e-02
-6.107388731634344481e-02
-5.343347460524938697e-02
-5.343347460524938697e-02
-5.343347460524938697e-02
-4.579306189415532913e-02
-4.833986613118668174e-02
-5.088667036821803435e-02
-6.107388731634344481e-02
-6.107388731634344481e-02
-5.088667036821803435e-02
-4.833986613118668174e-02
-4.833986613118668174e-02
-5.343347460524938697e-02
-5.343347460524938697e-02
-5.852708307931209220e-02
-5.852708307931209220e-02
-5.088667036821803435e-02
-5.088667036821803435e-02
-4.579306189415532913e-02
-5.343347460524938697e-02
-5.343347460524938697e-02
-5.343347460524938697e-02
-5.852708307931209220e-02
-5.598027884228073958e-02
-5.598027884228073958e-02
-4.833986613118668174e-02
-4.579306189415532913e-02
-5.088667036821803435e-02
-5.343347460524938697e-02
-6.107388731634344481e-02
-5.343347460524938697e-02
-5.343347460524938697e-02
-4.833986613118668174e-02
-4.579306189415532913e-02
-5.088667036821803435e-02
-5.343347460524938697e-02
-6.107388731634344481e-02
-6.107388731634344481e-02
-5.343347460524938697e-02
-5.343347460524938697e-02
-4.579306189415532913e-02
-5.088667036821803435e-02
-5.343347460524938697e-02
-6.107388731634344481e-02
-6.107388731634344481e-02
-5.343347460524938697e-02
-4.833986613118668174e-02
-4.833986613118668174e-02
-4.833986613118668174e-02
-5.343347460524938697e-02
-5.343347460524938697e-02
-5.852708307931209220e-02
-6.107388731634344481e-02
-5.343347460524938697e-02
-5.088667036821803435e-02
-4.579306189415532913e-02
-5.343347460524938697e-02
-5.343347460524938697e-02
-5.852708307931209220e-02
-5.852708307931209220e-02
-5.088667036821803435e-02
-5.088667036821803435e-02
-4.833986613118668174e-02
-4.833986613118668174e-02
-5.343347460524938697e-02
-6.107388731634344481e-02
-5.852708307931209220e-02
-6.107388731634344481e-02
-5.343347460524938697e-02
-5.343347460524938697e-02
-5.088667036821803435e-02
-4.833986613118668174e-02
-5.343347460524938697e-02
-6.107388731634344481e-02
-5.852708307931209220e-02
-5.343347460524938697e-02
-5.088667036821803435e-02
-4.833986613118668174e-02
-4.833986613118668174e-02
-5.343347460524938697e-02
-5.088667036821803435e-02
-6.107388731634344481e-02
-5.088667036821803435e-02
-5.343347460524938697e-02
-5.088667036821803435e-02
-5.343347460524938697e-02
-5.088667036821803435e-02
-5.852708307931209220e-02
-5.088667036821803435e-02
-5.088667036821803435e-02
-4.579306189415532913e-02
-4.833986613118668174e-02
-5.343347460524938697e-02
-5.343347460524938697e-02
-5.343347460524938697e-02
-6.107388731634344481e-02
-6.107388731634344481e-02
-5.343347460524938697e-02
-5.088667036821803435e-02
-4.579306189415532913e-02
-5.343347460524938697e-02
-5.343347460524938697e-02
-5.852708307931209220e-02
-6.107388731634344481e-02
-5.343347460524938697e-02
-5.598027884228073958e-02
-4.579306189415532913e-02
-5.088667036821803435e-02
-5.343347460524938697e-02
-6.107388731634344481e-02
-5.852708307931209220e-02
-5.343347460524938697e-02
-5.598027884228073958e-02
-4.579306189415532913e-02
-4.579306189415532913e-02
-5.343347460524938697e-02
-5.852708307931209220e-02
-5.852708307931209220e-02
-5.343347460524938697e-02
-5.343347460524938697e-02
-4.833986613118668174e-02
-4.833986613118668174e-02
-5.343347460524938697e-02
-5.343347460524938697e-02
-6.107388731634344481e-02
-5.088667036821803435e-02
-5.343347460524938697e-02
-4.579306189415532913e-02
-5.343347460524938697e-02
-5.088667036821803435e-02
-5.852708307931209220e-02
-6.107388731634344481e-02
-5.343347460524938697e-02
-5.088667036821803435e-02
-5.343347460524938697e-02
-4.579306189415532913e-02
-5.343347460524938697e-02
-5.343347460524938697e-02
-5.852708307931209220e-02
-6.107388731634344481e-02
-5.343347460524938697e-02
-5.343347460524938697e-02
-4.833986613118668174e-02
-4.579306189415532913e-02
-5.088667036821803435e-02
-5.852708307931209220e-02
-6.107388731634344481e-02
-5.343347460524938697e-02
-5.088667036821803435e-02
-4.579306189415532913e-02
-5.088667036821803435e-02
-5.088667036821803435e-02
-5.343347460524938697e-02
-5.852708307931209220e-02
-6.107388731634344481e-02
-5.343347460524938697e-02
-5.343347460524938697e-02
-4.833986613118668174e-02
-4.579306189415532913e-02
-5.343347460524938697e-02
-5.852708307931209220e-02
-5.852708307931209220e-02
-5.343347460524938697e-02
-5.343347460524938697e-02
-4.579306189415532913e-02
-4.833986613118668174e-02
-5.343347460524938697e-02
-5.852708307931209220e-02
-5.852708307931209220e-02
-5.343347460524938697e-02
-4.833986613118668174e-02
-4.579306189415532913e-02
-5.343347460524938697e-02
-5.343347460524938697e-02
-6.107388731634344481e-02
-5.852708307931209220e-02
-5.343347460524938697e-02
-5.343347460524938697e-02
-4.579306189415532913e-02
-5.088667036821803435e-02
-5.343347460524938697e-02
-5.343347460524938697e-02
-5.852708307931209220e-02
-5.088667036821803435e-02
-5.343347460524938697e-02
-4.579306189415532913e-02
-4.833986613118668174e-02
-5.343347460524938697e-02
-5.343347460524938697e-02
-5.852708307931209220e-02
-5.852708307931209220e-02
-5.343347460524938697e-02
-5.343347460524938697e-02
-4.579306189415532913e-02
-5.343347460524938697e-02
-6.107388731634344481e-02
-5.343347460524938697e-02
-6.107388731634344481e-02
-6.107388731634344481e-02
-5.088667036821803435e-02
-4.833986613118668174e-02
-4.833986613118668174e-02
-5.343347460524938697e-02
-5.088667036821803435e-02
-5.852708307931209220e-02
-5.852708307931209220e-02
-5.088667036821803435e-02
-5.343347460524938697e-02
-4.833986613118668174e-02
-4.579306189415532913e-02
-5.088667036821803435e-02
-5.852708307931209220e-02
-5.852708307931209220e-02
-5.088667036821803435e-02
-5.343347460524938697e-02
-4.833986613118668174e-02
-4.833986613118668174e-02
-5.343347460524938697e-02
-5.343347460524938697e-02
-5.852708307931209220e-02
-5.852708307931209220e-02
-5.088667036821803435e-02
-5.343347460524938697e-02
-4.833986613118668174e-02
-4.833986613118668174e-02
-5.343347460524938697e-02
-5.343347460524938697e-02
-5.852708307931209220e-02
-6.107388731634344481e-02
-5.343347460524938697e-02
-5.088667036821803435e-02
-4.579306189415532913e-02
-4.579306189415532913e-02
-5.343347460524938697e-02
-5.343347460524938697e-02
-6.107388731634344481e-02
-5.852708307931209220e-02
-5.343347460524938697e-02
-5.343347460524938697e-02
-4.833986613118668174e-02
-5.343347460524938697e-02
-5.343347460524938697e-02
-6.107388731634344481e-02
-6.107388731634344481e-02
-5.343347460524938697e-02
-5.343347460524938697e-02
-4.579306189415532913e-02
-5.343347460524938697e-02
-5.343347460524938697e-02
-5.343347460524938697e-02
-5.852708307931209220e-02
-6.107388731634344481e-02
-5.343347460524938697e-02
-5.343347460524938697e-02
-4.833986613118668174e-02
-4.833986613118668174e-02
-5.852708307931209220e-02
-6.107388731634344481e-02
-5.088667036821803435e-02
-5.088667036821803435e-02
-5.343347460524938697e-02
-4.579306189415532913e-02
-4.833986613118668174e-02
-5.088667036821803435e-02
-5.343347460524938697e-02
-6.107388731634344481e-02
-6.107388731634344481e-02
-5.343347460524938697e-02
-4.579306189415532913e-02
-4.579306189415532913e-02
-5.343347460524938697e-02
-5.343347460524938697e-02
-5.343347460524938697e-02
-5.852708307931209220e-02
-5.852708307931209220e-02
-5.343347460524938697e-02
-4.579306189415532913e-02
-4.833986613118668174e-02
-5.343347460524938697e-02
-6.107388731634344481e-02
-5.852708307931209220e-02
-5.852708307931209220e-02
-5.343347460524938697e-02
-5.343347460524938697e-02
-4.579306189415532913e-02
-4.833986613118668174e-02
-5.343347460524938697e-02
-5.852708307931209220e-02
-6.107388731634344481e-02
-5.343347460524938697e-02
-5.343347460524938697e-02
-5.088667036821803435e-02
-4.833986613118668174e-02
-5.343347460524938697e-02
-5.343347460524938697e-02
-5.852708307931209220e-02
-5.852708307931209220e-02
-5.343347460524938697e-02
-4.579306189415532913e-02
-4.833986613118668174e-02
-5.088667036821803435e-02
-5.343347460524938697e-02
-6.107388731634344481e-02
-6.107388731634344481e-02
-5.343347460524938697e-02
-5.343347460524938697e-02
-4.833986613118668174e-02
-5.088667036821803435e-02
-5.343347460524938697e-02
-6.107388731634344481e-02
-5.343347460524938697e-02
-5.343347460524938697e-02
-4.833986613118668174e-02
-4.833986613118668174e-02
-5.088667036821803435e-02
-5.343347460524938697e-02
-5.852708307931209220e-02
-5.852708307931209220e-02
-5.343347460524938697e-02
-4.579306189415532913e-02
-4.833986613118668174e-02
-4.833986613118668174e-02
-5.343347460524938697e-02
-5.598027884228073958e-02
-6.107388731634344481e-02
-5.852708307931209220e-02
-5.343347460524938697e-02
-5.343347460524938697e-02
-4.579306189415532913e-02
-4.579306189415532913e-02
-5.088667036821803435e-02
-5.852708307931209220e-02
-5.343347460524938697e-02
-5.343347460524938697e-02
-5.343347460524938697e-02
-4.833986613118668174e-02
-5.088667036821803435e-02
-5.343347460524938697e-02
-5.852708307931209220e-02
-5.088667036821803435e-02
-5.088667036821803435e-02
-5.343347460524938697e-02
-4.833986613118668174e-02
-5.088667036821803435e-02
-5.343347460524938697e-02
-5.598027884228073958e-02
-5.852708307931209220e-02
-5.852708307931209220e-02
-5.343347460524938697e-02
-4.833986613118668174e-02
-5.088667036821803435e-02
-5.343347460524938697e-02
-6.107388731634344481e-02
-6.107388731634344481e-02
-5.343347460524938697e-02
-5.598027884228073958e-02
-4.579306189415532913e-02
-5.343347460524938697e-02
-5.343347460524938697e-02
-5.343347460524938697e-02
-6.107388731634344481e-02
-5.343347460524938697e-02
-5.343347460524938697e-02
-4.579306189415532913e-02
-4.579306189415532913e-02
-5.343347460524938697e-02
-5.852708307931209220e-02
-5.852708307931209220e-02
-5.088667036821803435e-02
-5.343347460524938697e-02
-4.833986613118668174e-02
-5.088667036821803435e-02
-5.343347460524938697e-02
-5.343347460524938697e-02
-5.852708307931209220e-02
-6.107388731634344481e-02
-5.343347460524938697e-02
-5.343347460524938697e-02
-4.833986613118668174e-02
-4.833986613118668174e-02
-5.343347460524938697e-02
-5.343347460524938697e-02
-5.852708307931209220e-02
-5.852708307931209220e-02
-5.343347460524938697e-02
-4.833986613118668174e-02
-4.833986613118668174e-02
-5.343347460524938697e-02
-5.088667036821803435e-02
-5.852708307931209220e-02
-5.852708307931209220e-02
-5.088667036821803435e-02
-5.343347460524938697e-02
-4.833986613118668174e-02
-4.833986613118668174e-02
-5.343347460524938697e-02
-5.852708307931209220e-02
-5.852708307931209220e-02
-5.088667036821803435e-02
-5.343347460524938697e-02
-4.579306189415532913e-02
-4.579306189415532913e-02
-5.088667036821803435e-02
-5.343347460524938697e-02
-5.852708307931209220e-02
-5.088667036821803435e-02
-5.343347460524938697e-02
-4.579306189415532913e-02
-4.833986613118668174e-02
-5.343347460524938697e-02
-5.343347460524938697e-02
-6.107388731634344481e-02
-5.852708307931209220e-02
-5.343347460524938697e-02
-4.579306189415532913e-02
-4.579306189415532913e-02
-5.343347460524938697e-02
-5.343347460524938697e-02
-6.107388731634344481e-02
-5.343347460524938697e-02
-5.343347460524938697e-02
-4.833986613118668174e-02
-4.833986613118668174e-02
-5.343347460524938697e-02
-5.343347460524938697e-02
-5.852708307931209220e-02
-5.852708307931209220e-02
-5.343347460524938697e-02
-4.833986613118668174e-02
-5.088667036821803435e-02
-5.088667036821803435e-02
-5.343347460524938697e-02
-6.107388731634344481e-02
-6.107388731634344481e-02
-5.088667036821803435e-02
-5.343347460524938697e-02
-4.579306189415532913e-02
-4.833986613118668174e-02
-5.088667036821803435e-02
-5.852708307931209220e-02
-5.852708307931209220e-02
-5.088667036821803435e-02
-5.343347460524938697e-02
-4.833986613118668174e-02
-4.833986613118668174e-02
-5.088667036821803435e-02
-5.343347460524938697e-02
-6.107388731634344481e-02
-5.852708307931209220e-02
-5.852708307931209220e-02
-5.088667036821803435e-02
-5.343347460524938697e-02
-4.833986613118668174e-02
-5.088667036821803435e-02
-5.343347460524938697e-02
-5.852708307931209220e-02
-6.107388731634344481e-02
-5.088667036821803435e-02
-5.088667036821803435e-02
-4.579306189415532913e-02
-4.833986613118668174e-02
-5.343347460524938697e-02
-5.343347460524938697e-02
-6.107388731634344481e-02
-6.107388731634344481e-02
-4.579306189415532913e-02
-4.833986613118668174e-02
-5.088667036821803435e-02
-5.088667036821803435e-02
-5.852708307931209220e-02
-6.107388731634344481e-02
-5.343347460524938697e-02
-5.088667036821803435e-02
-4.579306189415532913e-02
-4.579306189415532913e-02
-5.343347460524938697e-02
-5.343347460524938697e-02
-5.852708307931209220e-02
-5.088667036821803435e-02
-5.598027884228073958e-02
-4.579306189415532913e-02
-5.088667036821803435e-02
-5.088667036821803435e-02
-5.343347460524938697e-02
-5.852708307931209220e-02
-6.107388731634344481e-02
-5.598027884228073958e-02
-5.343347460524938697e-02
-4.579306189415532913e-02
-5.343347460524938697e-02
-5.088667036821803435e-02
-6.107388731634344481e-02
-5.852708307931209220e-02
-5.088667036821803435e-02
-5.343347460524938697e-02
-4.833986613118668174e-02
-4.579306189415532913e-02
-5.088667036821803435e-02
-5.852708307931209220e-02
-5.343347460524938697e-02
-5.852708307931209220e-02
-6.107388731634344481e-02
-5.343347460524938697e-02
-4.833986613118668174e-02
-4.833986613118668174e-02
-5.088667036821803435e-02
-5.343347460524938697e-02
-6.107388731634344481e-02
-5.852708307931209220e-02
-5.088667036821803435e-02
-5.088667036821803435e-02
-4.833986613118668174e-02
-4.579306189415532913e-02
-5.343347460524938697e-02
-5.343347460524938697e-02
-6.107388731634344481e-02
-6.107388731634344481e-02
-5.598027884228073958e-02
-4.579306189415532913e-02
-5.088667036821803435e-02
-5.343347460524938697e-02
-5.343347460524938697e-02
-5.852708307931209220e-02
-5.852708307931209220e-02
-5.343347460524938697e-02
-5.343347460524938697e-02
-4.833986613118668174e-02
-5.343347460524938697e-02
-5.598027884228073958e-02
-6.107388731634344481e-02
-6.107388731634344481e-02
-5.343347460524938697e-02
-5.343347460524938697e-02
-4.833986613118668174e-02
-4.833986613118668174e-02
-5.343347460524938697e-02
-5.343347460524938697e-02
-6.107388731634344481e-02
-5.088667036821803435e-02
-5.598027884228073958e-02
-4.833986613118668174e-02
-4.833986613118668174e-02
-5.598027884228073958e-02
-5.343347460524938697e-02
-6.107388731634344481e-02
-6.107388731634344481e-02
-5.343347460524938697e-02
-5.343347460524938697e-02
-4.833986613118668174e-02
-4.579306189415532913e-02
-5.343347460524938697e-02
-5.852708307931209220e-02
-6.107388731634344481e-02
-5.088667036821803435e-02
-5.343347460524938697e-02
-4.833986613118668174e-02
-4.833986613118668174e-02
-5.343347460524938697e-02
-5.343347460524938697e-02
-6.107388731634344481e-02
-5.088667036821803435e-02
-5.343347460524938697e-02
-4.579306189415532913e-02
-5.088667036821803435e-02
-5.343347460524938697e-02
-6.362069155337479742e-02
-5.852708307931209220e-02
-5.343347460524938697e-02
-4.833986613118668174e-02
-4.833986613118668174e-02
-4.833986613118668174e-02
-5.088667036821803435e-02
-5.343347460524938697e-02
-5.343347460524938697e-02
-5.852708307931209220e-02
-5.088667036821803435e-02
-5.598027884228073958e-02
-4.833986613118668174e-02
-4.833986613118668174e-02
-5.343347460524938697e-02
-5.598027884228073958e-02
-5.852708307931209220e-02
-5.852708307931209220e-02
-5.343347460524938697e-02
-5.598027884228073958e-02
-4.833986613118668174e-02
-4.833986613118668174e-02
-5.088667036821803435e-02
-5.852708307931209220e-02
-5.088667036821803435e-02
-5.598027884228073958e-02
-4.579306189415532913e-02
-4.833986613118668174e-02
-4.833986613118668174e-02
-5.088667036821803435e-02
-5.343347460524938697e-02
-6.107388731634344481e-02
-5.088667036821803435e-02
-5.343347460524938697e-02
-4.579306189415532913e-02
-4.833986613118668174e-02
-5.088667036821803435e-02
-5.343347460524938697e-02
-5.598027884228073958e-02
-5.343347460524938697e-02
-5.343347460524938697e-02
-5.343347460524938697e-02
-4.579306189415532913e-02
-4.579306189415532913e-02
-5.088667036821803435e-02
-5.852708307931209220e-02
-6.107388731634344481e-02
-5.598027884228073958e-02
-5.343347460524938697e-02
-4.579306189415532913e-02
-4.579306189415532913e-02
-5.088667036821803435e-02
-5.343347460524938697e-02
-5.598027884228073958e-02
-5.852708307931209220e-02
-5.852708307931209220e-02
-5.088667036821803435e-02
-5.088667036821803435e-02
-4.833986613118668174e-02
-5.088667036821803435e-02
-5.343347460524938697e-02
-5.343347460524938697e-02
-6.107388731634344481e-02
-5.088667036821803435e-02
-5.343347460524938697e-02
-4.579306189415532913e-02
-5.088667036821803435e-02
-5.088667036821803435e-02
-5.852708307931209220e-02
-6.107388731634344481e-02
-5.852708307931209220e-02
-5.088667036821803435e-02
-5.343347460524938697e-02
-5.088667036821803435e-02
-4.833986613118668174e-02
-5.343347460524938697e-02
-5.343347460524938697e-02
-6.107388731634344481e-02
-6.107388731634344481e-02
-5.343347460524938697e-02
-4.579306189415532913e-02
-5.088667036821803435e-02
-5.343347460524938697e-02
-5.343347460524938697e-02
-5.852708307931209220e-02
-6.107388731634344481e-02
-5.088667036821803435e-02
-4.579306189415532913e-02
-4.833986613118668174e-02
-5.343347460524938697e-02
-5.343347460524938697e-02
-5.598027884228073958e-02
-5.343347460524938697e-02
-6.107388731634344481e-02
-5.343347460524938697e-02
-5.088667036821803435e-02
-4.833986613118668174e-02
-5.088667036821803435e-02
-5.343347460524938697e-02
-6.107388731634344481e-02
-6.107388731634344481e-02
-5.088667036821803435e-02
-4.579306189415532913e-02
-5.088667036821803435e-02
-5.088667036821803435e-02
-5.343347460524938697e-02
-5.852708307931209220e-02
-5.852708307931209220e-02
-5.088667036821803435e-02
-5.088667036821803435e-02
-4.833986613118668174e-02
-4.579306189415532913e-02
-4.833986613118668174e-02
-5.343347460524938697e-02
-5.852708307931209220e-02
-5.852708307931209220e-02
-5.088667036821803435e-02
-5.343347460524938697e-02
-4.833986613118668174e-02
-5.088667036821803435e-02
-5.343347460524938697e-02
-5.343347460524938697e-02
-5.852708307931209220e-02
-5.852708307931209220e-02
-5.343347460524938697e-02
-5.343347460524938697e-02
-4.833986613118668174e-02
-5.343347460524938697e-02
-5.343347460524938697e-02
-5.852708307931209220e-02
-6.107388731634344481e-02
-5.088667036821803435e-02
-4.579306189415532913e-02
-4.579306189415532913e-02
-4.833986613118668174e-02
-5.343347460524938697e-02
-5.343347460524938697e-02
-6.107388731634344481e-02
-5.852708307931209220e-02
-4.579306189415532913e-02
-4.833986613118668174e-02
-5.088667036821803435e-02
-5.343347460524938697e-02
-5.852708307931209220e-02
-5.852708307931209220e-02
-5.088667036821803435e-02
-5.343347460524938697e-02
-5.343347460524938697e-02
-4.579306189415532913e-02
-5.088667036821803435e-02
-5.343347460524938697e-02
-6.107388731634344481e-02
-6.107388731634344481e-02
-5.343347460524938697e-02
-5.343347460524938697e-02
-4.579306189415532913e-02
-4.833986613118668174e-02
-5.088667036821803435e-02
-5.343347460524938697e-02
-5.852708307931209220e-02
-5.852708307931209220e-02
-5.088667036821803435e-02
-5.343347460524938697e-02
-4.833986613118668174e-02
-5.088667036821803435e-02
-5.852708307931209220e-02
-5.852708307931209220e-02
-5.852708307931209220e-02
-5.088667036821803435e-02
-5.343347460524938697e-02
-4.833986613118668174e-02
-4.833986613118668174e-02
-5.343347460524938697e-02
-5.343347460524938697e-02
-5.852708307931209220e-02
-5.852708307931209220e-02
-5.343347460524938697e-02
-5.343347460524938697e-02
-4.833986613118668174e-02
-5.088667036821803435e-02
-5.343347460524938697e-02
-6.107388731634344481e-02
-5.852708307931209220e-02
-5.088667036821803435e-02
-5.088667036821803435e-02
-4.833986613118668174e-02
-4.833986613118668174e-02
-5.343347460524938697e-02
-5.343347460524938697e-02
-5.852708307931209220e-02
-5.088667036821803435e-02
-5.343347460524938697e-02
-4.579306189415532913e-02
-4.833986613118668174e-02
-5.343347460524938697e-02
-5.343347460524938697e-02
-6.107388731634344481e-02
-6.107388731634344481e-02
-5.343347460524938697e-02
-4.579306189415532913e-02
-4.833986613118668174e-02
-5.343347460524938697e-02
-5.088667036821803435e-02
-5.852708307931209220e-02
-6.107388731634344481e-02
-5.343347460524938697e-02
-5.088667036821803435e-02
-4.833986613118668174e-02
-5.088667036821803435e-02
-5.343347460524938697e-02
-5.852708307931209220e-02
-6.107388731634344481e-02
-5.343347460524938697e-02
-4.579306189415532913e-02
-5.343347460524938697e-02
-5.343347460524938697e-02
-5.852708307931209220e-02
-6.107388731634344481e-02
-5.343347460524938697e-02
-5.343347460524938697e-02
-5.343347460524938697e-02
-4.579306189415532913e-02
-4.833986613118668174e-02
-5.343347460524938697e-02
-5.343347460524938697e-02
-5.852708307931209220e-02
-5.088667036821803435e-02
-5.343347460524938697e-02
-4.579306189415532913e-02
-4.833986613118668174e-02
-5.343347460524938697e-02
-5.598027884228073958e-02
-6.107388731634344481e-02
-5.088667036821803435e-02
-5.343347460524938697e-02
-4.579306189415532913e-02
-5.343347460524938697e-02
-5.343347460524938697e-02
-5.343347460524938697e-02
-5.598027884228073958e-02
-5.088667036821803435e-02
-5.088667036821803435e-02
-4.579306189415532913e-02
-4.833986613118668174e-02
-4.833986613118668174e-02
-5.343347460524938697e-02
-5.852708307931209220e-02
-5.852708307931209220e-02
-5.343347460524938697e-02
-5.343347460524938697e-02
-5.088667036821803435e-02
-5.343347460524938697e-02
-5.343347460524938697e-02
-5.852708307931209220e-02
-5.852708307931209220e-02
-5.343347460524938697e-02
-5.343347460524938697e-02
-4.579306189415532913e-02
-4.579306189415532913e-02
-5.343347460524938697e-02
-5.088667036821803435e-02
-5.343347460524938697e-02
-5.852708307931209220e-02
-5.598027884228073958e-02
-5.598027884228073958e-02
-5.343347460524938697e-02
-4.833986613118668174e-02
-4.579306189415532913e-02
-5.088667036821803435e-02
-5.088667036821803435e-02
-6.362069155337479742e-02
-5.343347460524938697e-02
-5.343347460524938697e-02
-4.579306189415532913e-02
-4.833986613118668174e-02
-5.088667036821803435e-02
-5.343347460524938697e-02
-5.852708307931209220e-02
-5.852708307931209220e-02
-5.343347460524938697e-02
-5.343347460524938697e-02
-4.833986613118668174e-02
-5.343347460524938697e-02
-5.343347460524938697e-02
-5.852708307931209220e-02
-6.107388731634344481e-02
-5.088667036821803435e-02
-5.343347460524938697e-02
-4.579306189415532913e-02
-5.088667036821803435e-02
-5.088667036821803435e-02
-6.107388731634344481e-02
-6.107388731634344481e-02
-5.088667036821803435e-02
-5.088667036821803435e-02
-4.579306189415532913e-02
-5.088667036821803435e-02
-5.088667036821803435e-02
-5.598027884228073958e-02
-6.107388731634344481e-02
-5.088667036821803435e-02
-5.088667036821803435e-02
-4.579306189415532913e-02
-4.579306189415532913e-02
-4.833986613118668174e-02
-5.343347460524938697e-02
-5.852708307931209220e-02
-6.107388731634344481e-02
-5.343347460524938697e-02
-5.343347460524938697e-02
-4.833986613118668174e-02
-4.833986613118668174e-02
-5.088667036821803435e-02
-5.343347460524938697e-02
-6.107388731634344481e-02
-5.343347460524938697e-02
-4.579306189415532913e-02
-4.579306189415532913e-02
-5.088667036821803435e-02
-5.343347460524938697e-02
-5.852708307931209220e-02
-6.107388731634344481e-02
-5.343347460524938697e-02
-5.343347460524938697e-02
-4.579306189415532913e-02
-4.833986613118668174e-02
-5.343347460524938697e-02
-5.343347460524938697e-02
-5.852708307931209220e-02
-5.852708307931209220e-02
-5.343347460524938697e-02
-5.088667036821803435e-02
-4.833986613118668174e-02
-5.343347460524938697e-02
-5.343347460524938697e-02
-5.852708307931209220e-02
-6.107388731634344481e-02
-5.343347460524938697e-02
-5.343347460524938697e-02
-4.579306189415532913e-02
-5.088667036821803435e-02
-5.343347460524938697e-02
-6.107388731634344481e-02
-5.343347460524938697e-02
-5.343347460524938697e-02
-5.343347460524938697e-02
-4.833986613118668174e-02
-5.088667036821803435e-02
-5.088667036821803435e-02
-5.343347460524938697e-02
-5.852708307931209220e-02
-5.852708307931209220e-02
-5.343347460524938697e-02
-4.833986613118668174e-02
-4.833986613118668174e-02
-5.343347460524938697e-02
-5.343347460524938697e-02
-5.852708307931209220e-02
-5.088667036821803435e-02
-5.343347460524938697e-02
-5.343347460524938697e-02
-4.579306189415532913e-02
-4.833986613118668174e-02
-5.343347460524938697e-02
-5.088667036821803435e-02
-5.852708307931209220e-02
-5.852708307931209220e-02
-5.343347460524938697e-02
-5.088667036821803435e-02
-4.579306189415532913e-02
-5.343347460524938697e-02
-5.343347460524938697e-02
-6.107388731634344481e-02
-5.852708307931209220e-02
-5.343347460524938697e-02
-5.343347460524938697e-02
-4.579306189415532913e-02
-4.833986613118668174e-02
-5.343347460524938697e-02
-5.852708307931209220e-02
-5.343347460524938697e-02
-5.343347460524938697e-02
-4.579306189415532913e-02
-4.579306189415532913e-02
-5.343347460524938697e-02
-5.343347460524938697e-02
-5.852708307931209220e-02
-5.343347460524938697e-02
-5.343347460524938697e-02
-5.343347460524938697e-02
-4.833986613118668174e-02
-4.833986613118668174e-02
-5.343347460524938697e-02
-5.852708307931209220e-02
-5.598027884228073958e-02
-5.343347460524938697e-02
-4.579306189415532913e-02
-4.833986613118668174e-02
-5.088667036821803435e-02
-5.343347460524938697e-02
-5.343347460524938697e-02
-5.852708307931209220e-02
-5.852708307931209220e-02
-5.343347460524938697e-02
-5.343347460524938697e-02
-4.833986613118668174e-02
-4.833986613118668174e-02
-5.343347460524938697e-02
-6.107388731634344481e-02
-5.852708307931209220e-02
-5.343347460524938697e-02
-4.833986613118668174e-02
-4.833986613118668174e-02
-5.343347460524938697e-02
-5.343347460524938697e-02
-5.088667036821803435e-02
-6.107388731634344481e-02
-5.343347460524938697e-02
-5.343347460524938697e-02
-4.833986613118668174e-02
-4.833986613118668174e-02
-5.088667036821803435e-02
-5.598027884228073958e-02
-6.107388731634344481e-02
-5.852708307931209220e-02
-5.343347460524938697e-02
-4.579306189415532913e-02
-5.088667036821803435e-02
-5.343347460524938697e-02
-5.852708307931209220e-02
-5.598027884228073958e-02
-5.852708307931209220e-02
-5.343347460524938697e-02
-5.343347460524938697e-02
-4.833986613118668174e-02
-4.579306189415532913e-02
-5.598027884228073958e-02
-5.343347460524938697e-02
-5.852708307931209220e-02
-5.343347460524938697e-02
-5.088667036821803435e-02
-4.579306189415532913e-02
-5.343347460524938697e-02
-5.088667036821803435e-02
-6.107388731634344481e-02
-5.852708307931209220e-02
-5.343347460524938697e-02
-5.343347460524938697e-02
-4.579306189415532913e-02
-4.833986613118668174e-02
-5.598027884228073958e-02
-5.343347460524938697e-02
-6.107388731634344481e-02
-5.343347460524938697e-02
-5.343347460524938697e-02
-4.833986613118668174e-02
-4.579306189415532913e-02
-5.343347460524938697e-02
-6.107388731634344481e-02
-5.852708307931209220e-02
-5.852708307931209220e-02
-5.343347460524938697e-02
-5.088667036821803435e-02
-4.833986613118668174e-02
-5.088667036821803435e-02
-5.343347460524938697e-02
-5.343347460524938697e-02
-5.852708307931209220e-02
-5.343347460524938697e-02
-5.343347460524938697e-02
-5.088667036821803435e-02
-4.579306189415532913e-02
-5.088667036821803435e-02
-5.088667036821803435e-02
-5.343347460524938697e-02
-6.107388731634344481e-02
-6.107388731634344481e-02
-5.343347460524938697e-02
-4.579306189415532913e-02
-4.833986613118668174e-02
-5.343347460524938697e-02
-5.343347460524938697e-02
-5.598027884228073958e-02
-5.343347460524938697e-02
-4.833986613118668174e-02
-4.833986613118668174e-02
-4.579306189415532913e-02
-5.343347460524938697e-02
-5.598027884228073958e-02
-6.107388731634344481e-02
-5.343347460524938697e-02
-5.343347460524938697e-02
-4.833986613118668174e-02
-4.833986613118668174e-02
-5.343347460524938697e-02
-5.343347460524938697e-02
-5.343347460524938697e-02
-5.088667036821803435e-02
-5.598027884228073958e-02
-4.579306189415532913e-02
-4.833986613118668174e-02
-5.598027884228073958e-02
-5.598027884228073958e-02
-6.107388731634344481e-02
-5.852708307931209220e-02
-5.852708307931209220e-02
-5.088667036821803435e-02
-4.833986613118668174e-02
-4.579306189415532913e-02
-5.343347460524938697e-02
-5.088667036821803435e-02
-5.852708307931209220e-02
-5.598027884228073958e-02
-5.343347460524938697e-02
-4.833986613118668174e-02
-4.833986613118668174e-02
-5.343347460524938697e-02
-5.852708307931209220e-02
-6.107388731634344481e-02
-5.852708307931209220e-02
-5.343347460524938697e-02
-4.579306189415532913e-02
-4.579306189415532913e-02
-5.343347460524938697e-02
-5.343347460524938697e-02
-6.107388731634344481e-02
-6.107388731634344481e-02
-5.343347460524938697e-02
-5.088667036821803435e-02
-4.833986613118668174e-02
-5.343347460524938697e-02
-5.088667036821803435e-02
-5.852708307931209220e-02
-5.852708307931209220e-02
-5.343347460524938697e-02
-5.343347460524938697e-02
-5.343347460524938697e-02
-4.833986613118668174e-02
-5.598027884228073958e-02
-5.088667036821803435e-02
-5.852708307931209220e-02
-6.107388731634344481e-02
-5.088667036821803435e-02
-4.833986613118668174e-02
-4.833986613118668174e-02
-5.343347460524938697e-02
-5.343347460524938697e-02
-5.852708307931209220e-02
-5.852708307931209220e-02
-5.343347460524938697e-02
-5.343347460524938697e-02
-5.088667036821803435e-02
-4.833986613118668174e-02
-5.343347460524938697e-02
-5.852708307931209220e-02
-5.852708307931209220e-02
-5.343347460524938697e-02
-5.088667036821803435e-02
-4.579306189415532913e-02
-4.579306189415532913e-02
-5.343347460524938697e-02
-5.852708307931209220e-02
-5.852708307931209220e-02
-5.343347460524938697e-02
-5.343347460524938697e-02
-4.833986613118668174e-02
-4.579306189415532913e-02
-5.088667036821803435e-02
-5.343347460524938697e-02
-5.852708307931209220e-02
-5.343347460524938697e-02
-5.343347460524938697e-02
-4.833986613118668174e-02
-4.833986613118668174e-02
-5.343347460524938697e-02
-5.343347460524938697e-02
-5.852708307931209220e-02
-5.852708307931209220e-02
-5.343347460524938697e-02
-5.343347460524938697e-02
-4.833986613118668174e-02
-5.088667036821803435e-02
-5.343347460524938697e-02
-5.088667036821803435e-02
-5.852708307931209220e-02
-6.107388731634344481e-02
-5.598027884228073958e-02
-5.088667036821803435e-02
-4.833986613118668174e-02
-5.343347460524938697e-02
-5.343347460524938697e-02
-5.852708307931209220e-02
-5.852708307931209220e-02
-5.598027884228073958e-02
-5.088667036821803435e-02
-4.833986613118668174e-02
-4.579306189415532913e-02
-5.343347460524938697e-02
-5.852708307931209220e-02
-5.852708307931209220e-02
-5.088667036821803435e-02
-5.343347460524938697e-02
-5.088667036821803435e-02
-4.833986613118668174e-02
-4.833986613118668174e-02
-5.343347460524938697e-02
-5.088667036821803435e-02
-5.852708307931209220e-02
-5.852708307931209220e-02
-5.343347460524938697e-02
-5.343347460524938697e-02
-4.579306189415532913e-02
-5.088667036821803435e-02
-6.107388731634344481e-02
-6.107388731634344481e-02
-5.598027884228073958e-02
-5.343347460524938697e-02
-4.579306189415532913e-02
-4.579306189415532913e-02
-4.833986613118668174e-02
-5.343347460524938697e-02
-6.107388731634344481e-02
-5.852708307931209220e-02
-5.343347460524938697e-02
-5.088667036821803435e-02
-4.833986613118668174e-02
-4.579306189415532913e-02
-5.088667036821803435e-02
-6.107388731634344481e-02
-5.088667036821803435e-02
-5.343347460524938697e-02
-5.343347460524938697e-02
-5.088667036821803435e-02
-5.343347460524938697e-02
-5.088667036821803435e-02
-5.088667036821803435e-02
-5.852708307931209220e-02
-5.852708307931209220e-02
-5.343347460524938697e-02
-5.343347460524938697e-02
-4.579306189415532913e-02
-5.343347460524938697e-02
-5.343347460524938697e-02
-6.107388731634344481e-02
-6.107388731634344481e-02
-5.343347460524938697e-02
-5.343347460524938697e-02
-4.833986613118668174e-02
-4.579306189415532913e-02
-5.343347460524938697e-02
-5.343347460524938697e-02
-6.107388731634344481e-02
-5.852708307931209220e-02
-5.088667036821803435e-02
-4.833986613118668174e-02
-4.833986613118668174e-02
-5.343347460524938697e-02
-5.088667036821803435e-02
-5.852708307931209220e-02
-5.343347460524938697e-02
-5.343347460524938697e-02
-4.579306189415532913e-02
-4.833986613118668174e-02
-5.343347460524938697e-02
-5.343347460524938697e-02
-5.852708307931209220e-02
-5.852708307931209220e-02
-5.088667036821803435e-02
-5.343347460524938697e-02
-4.833986613118668174e-02
-5.343347460524938697e-02
-5.343347460524938697e-02
-5.343347460524938697e-02
-6.107388731634344481e-02
-5.343347460524938697e-02
-5.343347460524938697e-02
-5.088667036821803435e-02
-4.579306189415532913e-02
-4.833986613118668174e-02
-5.343347460524938697e-02
-6.107388731634344481e-02
-5.852708307931209220e-02
-6.107388731634344481e-02
-5.343347460524938697e-02
-4.833986613118668174e-02
-4.579306189415532913e-02
-5.343347460524938697e-02
-6.107388731634344481e-02
-5.852708307931209220e-02
-5.343347460524938697e-02
-5.343347460524938697e-02
-5.088667036821803435e-02
-4.833986613118668174e-02
-4.833986613118668174e-02
-5.088667036821803435e-02
-5.088667036821803435e-02
-5.852708307931209220e-02
-5.343347460524938697e-02
-5.343347460524938697e-02
-4.833986613118668174e-02
-5.088667036821803435e-02
-5.088667036821803435e-02
-6.107388731634344481e-02
-6.107388731634344481e-02
-5.343347460524938697e-02
-4.833986613118668174e-02
-4.579306189415532913e-02
-4.833986613118668174e-02
-5.343347460524938697e-02
-5.343347460524938697e-02
-5.852708307931209220e-02
-5.852708307931209220e-02
-5.343347460524938697e-02
-5.343347460524938697e-02
-4.579306189415532913e-02
-5.343347460524938697e-02
-5.088667036821803435e-02
-5.852708307931209220e-02
-5.852708307931209220e-02
-5.343347460524938697e-02
-4.833986613118668174e-02
-4.833986613118668174e-02
-5.343347460524938697e-02
-5.343347460524938697e-02
-5.852708307931209220e-02
-5.852708307931209220e-02
-5.343347460524938697e-02
-5.088667036821803435e-02
-4.579306189415532913e-02
-5.598027884228073958e-02
-5.088667036821803435e-02
-6.107388731634344481e-02
-6.107388731634344481e-02
-5.343347460524938697e-02
-5.088667036821803435e-02
-4.833986613118668174e-02
-5.343347460524938697e-02
-5.343347460524938697e-02
-5.852708307931209220e-02
-5.852708307931209220e-02
-5.343347460524938697e-02
-4.579306189415532913e-02
-5.343347460524938697e-02
-5.088667036821803435e-02
-5.088667036821803435e-02
-5.088667036821803435e-02
-5.852708307931209220e-02
-5.852708307931209220e-02
-5.598027884228073958e-02
-5.088667036821803435e-02
-4.833986613118668174e-02
-5.343347460524938697e-02
-5.343347460524938697e-02
-5.852708307931209220e-02
-5.852708307931209220e-02
-5.343347460524938697e-02
-5.088667036821803435e-02
-4.579306189415532913e-02
-4.833986613118668174e-02
-5.343347460524938697e-02
-5.852708307931209220e-02
-5.852708307931209220e-02
-5.343347460524938697e-02
-5.598027884228073958e-02
-4.833986613118668174e-02
-4.833986613118668174e-02
-5.088667036821803435e-02
-5.088667036821803435e-02
-5.852708307931209220e-02
-5.852708307931209220e-02
-5.343347460524938697e-02
-5.088667036821803435e-02
-4.833986613118668174e-02
-5.343347460524938697e-02
-5.088667036821803435e-02
-5.852708307931209220e-02
-5.852708307931209220e-02
-5.343347460524938697e-02
-5.088667036821803435e-02
-4.833986613118668174e-02
-4.833986613118668174e-02
-5.088667036821803435e-02
-6.107388731634344481e-02
-5.598027884228073958e-02
-5.598027884228073958e-02
-4.833986613118668174e-02
-4.833986613118668174e-02
-5.088667036821803435e-02
-5.343347460524938697e-02
-5.852708307931209220e-02
-5.852708307931209220e-02
-5.088667036821803435e-02
-5.343347460524938697e-02
-4.833986613118668174e-02
-5.598027884228073958e-02
-5.343347460524938697e-02
-5.852708307931209220e-02
-5.852708307931209220e-02
-5.343347460524938697e-02
-5.088667036821803435e-02
-4.579306189415532913e-02
-4.579306189415532913e-02
-5.343347460524938697e-02
-5.088667036821803435e-02
-6.107388731634344481e-02
-5.088667036821803435e-02
-5.088667036821803435e-02
-5.343347460524938697e-02
-4.833986613118668174e-02
-4.579306189415532913e-02
-5.343347460524938697e-02
-5.343347460524938697e-02
-6.107388731634344481e-02
-5.343347460524938697e-02
-4.833986613118668174e-02
-4.579306189415532913e-02
-5.343347460524938697e-02
-5.343347460524938697e-02
-6.107388731634344481e-02
-5.852708307931209220e-02
-5.088667036821803435e-02
-4.833986613118668174e-02
-4.833986613118668174e-02
-5.343347460524938697e-02
-5.343347460524938697e-02
-6.107388731634344481e-02
-5.852708307931209220e-02
-5.343347460524938697e-02
-4.833986613118668174e-02
-4.833986613118668174e-02
-5.088667036821803435e-02
-5.088667036821803435e-02
-5.343347460524938697e-02
-5.852708307931209220e-02
-5.343347460524938697e-02
-5.343347460524938697e-02
-5.088667036821803435e-02
-4.833986613118668174e-02
-5.343347460524938697e-02
-5.088667036821803435e-02
-6.107388731634344481e-02
-5.343347460524938697e-02
-5.343347460524938697e-02
-4.833986613118668174e-02
-4.833986613118668174e-02
-5.343347460524938697e-02
-5.343347460524938697e-02
-6.107388731634344481e-02
-6.107388731634344481e-02
-5.343347460524938697e-02
-4.579306189415532913e-02
-4.833986613118668174e-02
-4.579306189415532913e-02
-5.343347460524938697e-02
-5.852708307931209220e-02
-5.852708307931209220e-02
-5.343347460524938697e-02
-5.343347460524938697e-02
-4.579306189415532913e-02
-4.579306189415532913e-02
-5.088667036821803435e-02
-5.343347460524938697e-02
-6.107388731634344481e-02
-5.343347460524938697e-02
-5.343347460524938697e-02
-5.343347460524938697e-02
-4.833986613118668174e-02
-5.343347460524938697e-02
-5.343347460524938697e-02
-5.598027884228073958e-02
-6.107388731634344481e-02
-5.088667036821803435e-02
-5.343347460524938697e-02
-4.833986613118668174e-02
-5.343347460524938697e-02
-5.343347460524938697e-02
-6.107388731634344481e-02
-6.107388731634344481e-02
-5.343347460524938697e-02
-5.343347460524938697e-02
-5.088667036821803435e-02
-4.833986613118668174e-02
-5.343347460524938697e-02
-5.343347460524938697e-02
-5.852708307931209220e-02
-5.852708307931209220e-02
-5.088667036821803435e-02
-5.088667036821803435e-02
-4.833986613118668174e-02
-4.833986613118668174e-02
-5.343347460524938697e-02
-5.343347460524938697e-02
-5.852708307931209220e-02
-5.343347460524938697e-02
-5.088667036821803435e-02
-4.579306189415532913e-02
-4.579306189415532913e-02
-5.088667036821803435e-02
-5.343347460524938697e-02
-5.852708307931209220e-02
-5.852708307931209220e-02
-5.088667036821803435e-02
-5.343347460524938697e-02
-4.833986613118668174e-02
-5.343347460524938697e-02
-5.343347460524938697e-02
-5.852708307931209220e-02
-5.852708307931209220e-02
-5.343347460524938697e-02
-4.833986613118668174e-02
-5.088667036821803435e-02
-5.343347460524938697e-02
-5.343347460524938697e-02
-6.107388731634344481e-02
-5.343347460524938697e-02
-5.598027884228073958e-02
-4.833986613118668174e-02
-4.833986613118668174e-02
-5.598027884228073958e-02
-6.107388731634344481e-02
-6.107388731634344481e-02
-5.598027884228073958e-02
-5.598027884228073958e-02
-5.088667036821803435e-02
-4.833986613118668174e-02
-4.833986613118668174e-02
-5.343347460524938697e-02
-5.088667036821803435e-02
-5.852708307931209220e-02
-6.107388731634344481e-02
-5.343347460524938697e-02
-4.833986613118668174e-02
-4.833986613118668174e-02
-5.343347460524938697e-02
-5.343347460524938697e-02
-5.852708307931209220e-02
-5.852708307931209220e-02
-5.343347460524938697e-02
-5.343347460524938697e-02
-4.579306189415532913e-02
-5.343347460524938697e-02
-5.343347460524938697e-02
-6.107388731634344481e-02
-5.343347460524938697e-02
-5.343347460524938697e-02
-4.579306189415532913e-02
-4.579306189415532913e-02
-5.343347460524938697e-02
-5.343347460524938697e-02
-5.852708307931209220e-02
-5.343347460524938697e-02
-5.343347460524938697e-02
-4.833986613118668174e-02
-4.833986613118668174e-02
-5.088667036821803435e-02
-5.343347460524938697e-02
-6.107388731634344481e-02
-6.107388731634344481e-02
-5.852708307931209220e-02
-5.088667036821803435e-02
-5.343347460524938697e-02
-4.579306189415532913e-02
-4.833986613118668174e-02
-5.343347460524938697e-02
-6.107388731634344481e-02
-5.852708307931209220e-02
-5.088667036821803435e-02
-4.579306189415532913e-02
-4.833986613118668174e-02
-5.088667036821803435e-02
-5.088667036821803435e-02
-5.343347460524938697e-02
-5.852708307931209220e-02
-5.343347460524938697e-02
-5.343347460524938697e-02
-4.579306189415532913e-02
-4.579306189415532913e-02
-5.343347460524938697e-02
-5.088667036821803435e-02
-5.852708307931209220e-02
-5.852708307931209220e-02
-5.088667036821803435e-02
-5.343347460524938697e-02
-4.833986613118668174e-02
-5.088667036821803435e-02
-5.343347460524938697e-02
-6.107388731634344481e-02
-5.343347460524938697e-02
-5.343347460524938697e-02
-5.088667036821803435e-02
-4.579306189415532913e-02
-5.088667036821803435e-02
-5.852708307931209220e-02
-6.107388731634344481e-02
-5.852708307931209220e-02
-5.088667036821803435e-02
-5.343347460524938697e-02
-5.088667036821803435e-02
-4.579306189415532913e-02
-5.088667036821803435e-02
-5.343347460524938697e-02
-5.852708307931209220e-02
-5.852708307931209220e-02
-5.088667036821803435e-02
-5.343347460524938697e-02
-4.833986613118668174e-02
-5.343347460524938697e-02
-5.088667036821803435e-02
-5.852708307931209220e-02
-5.343347460524938697e-02
-5.343347460524938697e-02
-5.088667036821803435e-02
-4.579306189415532913e-02
-5.343347460524938697e-02
-5.343347460524938697e-02
-5.852708307931209220e-02
-5.852708307931209220e-02
-5.343347460524938697e-02
-5.343347460524938697e-02
-5.343347460524938697e-02
-4.833986613118668174e-02
-5.088667036821803435e-02
-6.107388731634344481e-02
-5.852708307931209220e-02
-5.343347460524938697e-02
-5.343347460524938697e-02
-5.088667036821803435e-02
-4.579306189415532913e-02
-5.088667036821803435e-02
-5.088667036821803435e-02
-6.107388731634344481e-02
-6.107388731634344481e-02
-5.088667036821803435e-02
-5.343347460524938697e-02
-4.833986613118668174e-02
-4.833986613118668174e-02
-5.343347460524938697e-02
-6.107388731634344481e-02
-5.852708307931209220e-02
-5.852708307931209220e-02
-5.343347460524938697e-02
-5.343347460524938697e-02
-4.579306189415532913e-02
-5.343347460524938697e-02
-5.343347460524938697e-02
-6.107388731634344481e-02
-5.852708307931209220e-02
-5.343347460524938697e-02
-5.343347460524938697e-02
-4.833986613118668174e-02
-4.579306189415532913e-02
-5.343347460524938697e-02
-5.852708307931209220e-02
-5.852708307931209220e-02
-5.343347460524938697e-02
-4.579306189415532913e-02
-5.088667036821803435e-02
-5.343347460524938697e-02
-5.343347460524938697e-02
-6.107388731634344481e-02
-5.852708307931209220e-02
-5.343347460524938697e-02
-5.343347460524938697e-02
-5.343347460524938697e-02
-4.579306189415532913e-02
-5.343347460524938697e-02
-5.343347460524938697e-02
-5.852708307931209220e-02
-5.852708307931209220e-02
-5.088667036821803435e-02
-5.088667036821803435e-02
-4.579306189415532913e-02
-4.833986613118668174e-02
-5.343347460524938697e-02
-6.107388731634344481e-02
-5.852708307931209220e-02
-5.343347460524938697e-02
-5.343347460524938697e-02
-4.579306189415532913e-02
-5.343347460524938697e-02
-5.343347460524938697e-02
-5.852708307931209220e-02
-6.107388731634344481e-02
-5.088667036821803435e-02
-5.088667036821803435e-02
-4.833986613118668174e-02
-4.579306189415532913e-02
-5.343347460524938697e-02
-5.852708307931209220e-02
-6.107388731634344481e-02
-5.343347460524938697e-02
-5.343347460524938697e-02
-4.833986613118668174e-02
-5.343347460524938697e-02
-5.343347460524938697e-02
-6.107388731634344481e-02
-5.852708307931209220e-02
-5.343347460524938697e-02
-5.343347460524938697e-02
-4.579306189415532913e-02
-4.833986613118668174e-02
-5.088667036821803435e-02
-5.343347460524938697e-02
-5.852708307931209220e-02
-5.852708307931209220e-02
-5.343347460524938697e-02
-5.343347460524938697e-02
-4.579306189415532913e-02
-5.343347460524938697e-02
-5.343347460524938697e-02
-5.852708307931209220e-02
-6.107388731634344481e-02
-5.343347460524938697e-02
-5.343347460524938697e-02
-4.833986613118668174e-02
-4.833986613118668174e-02
-5.088667036821803435e-02
-5.852708307931209220e-02
-5.852708307931209220e-02
-5.343347460524938697e-02
-4.833986613118668174e-02
-4.833986613118668174e-02
-5.343347460524938697e-02
-5.343347460524938697e-02
-6.107388731634344481e-02
-5.343347460524938697e-02
-5.343347460524938697e-02
-5.343347460524938697e-02
-4.833986613118668174e-02
-4.833986613118668174e-02
-5.343347460524938697e-02
-6.107388731634344481e-02
-5.852708307931209220e-02
-5.343347460524938697e-02
-5.343347460524938697e-02
-4.579306189415532913e-02
-4.579306189415532913e-02
-5.343347460524938697e-02
-5.343347460524938697e-02
-6.107388731634344481e-02
-5.088667036821803435e-02
-5.343347460524938697e-02
-5.088667036821803435e-02
-4.579306189415532913e-02
-4.833986613118668174e-02
-5.088667036821803435e-02
-5.852708307931209220e-02
-5.852708307931209220e-02
-5.343347460524938697e-02
-4.579306189415532913e-02
-4.833986613118668174e-02
-5.343347460524938697e-02
-5.343347460524938697e-02
-6.107388731634344481e-02
-5.852708307931209220e-02
-5.343347460524938697e-02
-5.088667036821803435e-02
-5.343347460524938697e-02
-4.833986613118668174e-02
-5.343347460524938697e-02
-5.343347460524938697e-02
-6.107388731634344481e-02
-5.598027884228073958e-02
-5.343347460524938697e-02
-5.088667036821803435e-02
-4.579306189415532913e-02
-5.343347460524938697e-02
-5.343347460524938697e-02
-6.107388731634344481e-02
-5.852708307931209220e-02
-5.343347460524938697e-02
-5.088667036821803435e-02
-4.833986613118668174e-02
-5.088667036821803435e-02
-5.343347460524938697e-02
-6.107388731634344481e-02
-6.107388731634344481e-02
-5.343347460524938697e-02
-5.343347460524938697e-02
-5.343347460524938697e-02
-4.833986613118668174e-02
-5.343347460524938697e-02
-5.343347460524938697e-02
-6.107388731634344481e-02
-5.852708307931209220e-02
-5.343347460524938697e-02
-5.088667036821803435e-02
-4.833986613118668174e-02
-4.579306189415532913e-02
-5.088667036821803435e-02
-5.852708307931209220e-02
-5.852708307931209220e-02
-5.852708307931209220e-02
-5.343347460524938697e-02
-4.833986613118668174e-02
-4.579306189415532913e-02
-5.343347460524938697e-02
-5.343347460524938697e-02
-5.343347460524938697e-02
-6.107388731634344481e-02
-5.852708307931209220e-02
-5.088667036821803435e-02
-4.579306189415532913e-02
-5.088667036821803435e-02
-5.088667036821803435e-02
-5.852708307931209220e-02
-5.852708307931209220e-02
-5.598027884228073958e-02
-5.088667036821803435e-02
-4.833986613118668174e-02
-4.833986613118668174e-02
-5.343347460524938697e-02
-5.343347460524938697e-02
-5.852708307931209220e-02
-5.598027884228073958e-02
-5.088667036821803435e-02
-5.343347460524938697e-02
-4.579306189415532913e-02
-4.833986613118668174e-02
-5.088667036821803435e-02
-6.107388731634344481e-02
-5.852708307931209220e-02
-5.088667036821803435e-02
-5.343347460524938697e-02
-4.833986613118668174e-02
-4.833986613118668174e-02
-5.343347460524938697e-02
-5.852708307931209220e-02
-5.852708307931209220e-02
-5.343347460524938697e-02
-5.343347460524938697e-02
-4.833986613118668174e-02
-4.833986613118668174e-02
-5.343347460524938697e-02
-5.343347460524938697e-02
-5.598027884228073958e-02
-5.088667036821803435e-02
-5.088667036821803435e-02
-4.579306189415532913e-02
-4.833986613118668174e-02
-5.343347460524938697e-02
-5.088667036821803435e-02
-5.852708307931209220e-02
-5.852708307931209220e-02
-5.343347460524938697e-02
-5.598027884228073958e-02
-4.579306189415532913e-02
-5.598027884228073958e-02
-5.088667036821803435e-02
-5.852708307931209220e-02
-5.852708307931209220e-02
-5.088667036821803435e-02
-5.343347460524938697e-02
-4.833986613118668174e-02
-4.579306189415532913e-02
-5.088667036821803435e-02
-5.343347460524938697e-02
-5.852708307931209220e-02
-5.343347460524938697e-02
-5.088667036821803435e-02
-5.088667036821803435e-02
-4.833986613118668174e-02
-5.343347460524938697e-02
-5.343347460524938697e-02
-6.107388731634344481e-02
-5.852708307931209220e-02
-5.088667036821803435e-02
-5.088667036821803435e-02
-4.324625765712397651e-02
-5.343347460524938697e-02
-5.343347460524938697e-02
-5.852708307931209220e-02
-5.852708307931209220e-02
-5.343347460524938697e-02
-5.088667036821803435e-02
-5.088667036821803435e-02
-4.833986613118668174e-02
-5.088667036821803435e-02
-5.343347460524938697e-02
-5.852708307931209220e-02
-5.598027884228073958e-02
-5.088667036821803435e-02
-4.579306189415532913e-02
-4.833986613118668174e-02
-5.088667036821803435e-02
-5.343347460524938697e-02
-5.852708307931209220e-02
-6.107388731634344481e-02
-5.343347460524938697e-02
-4.833986613118668174e-02
-4.833986613118668174e-02
-5.343347460524938697e-02
-5.088667036821803435e-02
-5.852708307931209220e-02
-6.107388731634344481e-02
-5.088667036821803435e-02
-4.833986613118668174e-02
-4.579306189415532913e-02
-5.343347460524938697e-02
-5.852708307931209220e-02
-5.852708307931209220e-02
-5.088667036821803435e-02
-5.088667036821803435e-02
-4.833986613118668174e-02
-5.088667036821803435e-02
-5.343347460524938697e-02
-5.343347460524938697e-02
-6.107388731634344481e-02
-5.852708307931209220e-02
-5.343347460524938697e-02
-5.598027884228073958e-02
-4.579306189415532913e-02
-4.833986613118668174e-02
-5.343347460524938697e-02
-5.852708307931209220e-02
-6.107388731634344481e-02
-5.343347460524938697e-02
-5.343347460524938697e-02
-4.579306189415532913e-02
-4.833986613118668174e-02
-5.343347460524938697e-02
-5.852708307931209220e-02
-5.852708307931209220e-02
-5.598027884228073958e-02
-5.343347460524938697e-02
-4.833986613118668174e-02
-4.833986613118668174e-02
-5.343347460524938697e-02
-5.852708307931209220e-02
-5.852708307931209220e-02
-5.088667036821803435e-02
-5.343347460524938697e-02
-4.833986613118668174e-02
-5.343347460524938697e-02
-5.343347460524938697e-02
-5.852708307931209220e-02
-5.852708307931209220e-02
-5.598027884228073958e-02
-5.088667036821803435e-02
-4.833986613118668174e-02
-4.833986613118668174e-02
-5.088667036821803435e-02
-5.343347460524938697e-02
-5.852708307931209220e-02
-5.343347460524938697e-02
-5.088667036821803435e-02
-4.579306189415532913e-02
-4.579306189415532913e-02
-5.343347460524938697e-02
-5.343347460524938697e-02
-5.852708307931209220e-02
-5.852708307931209220e-02
-5.088667036821803435e-02
-4.833986613118668174e-02
-4.579306189415532913e-02
-5.343347460524938697e-02
-5.343347460524938697e-02
-6.107388731634344481e-02
-6.107388731634344481e-02
-5.088667036821803435e-02
-4.833986613118668174e-02
-5.343347460524938697e-02
-5.343347460524938697e-02
-6.107388731634344481e-02
-5.852708307931209220e-02
-5.343347460524938697e-02
-5.598027884228073958e-02
-4.833986613118668174e-02
-4.579306189415532913e-02
-5.088667036821803435e-02
-5.852708307931209220e-02
-5.852708307931209220e-02
-5.088667036821803435e-02
-4.579306189415532913e-02
-4.833986613118668174e-02
-5.343347460524938697e-02
-5.343347460524938697e-02
-6.107388731634344481e-02
-5.852708307931209220e-02
-5.598027884228073958e-02
-5.343347460524938697e-02
-4.833986613118668174e-02
-5.343347460524938697e-02
-5.343347460524938697e-02
-6.107388731634344481e-02
-6.107388731634344481e-02
-5.852708307931209220e-02
-5.343347460524938697e-02
-5.343347460524938697e-02
-4.579306189415532913e-02
-4.833986613118668174e-02
-5.088667036821803435e-02
-5.852708307931209220e-02
-5.852708307931209220e-02
-5.343347460524938697e-02
-5.088667036821803435e-02
-4.579306189415532913e-02
-5.088667036821803435e-02
-5.343347460524938697e-02
-5.852708307931209220e-02
-6.107388731634344481e-02
-5.852708307931209220e-02
-5.343347460524938697e-02
-4.579306189415532913e-02
-5.088667036821803435e-02
-5.343347460524938697e-02
-5.852708307931209220e-02
-5.852708307931209220e-02
-5.343347460524938697e-02
-4.833986613118668174e-02
-4.579306189415532913e-02
-4.579306189415532913e-02
-5.343347460524938697e-02
-5.343347460524938697e-02
-5.852708307931209220e-02
-5.343347460524938697e-02
-5.343347460524938697e-02
-4.579306189415532913e-02
-4.833986613118668174e-02
-5.343347460524938697e-02
-5.852708307931209220e-02
-5.852708307931209220e-02
-5.343347460524938697e-02
-5.088667036821803435e-02
-4.579306189415532913e-02
-4.579306189415532913e-02
-5.088667036821803435e-02
-5.343347460524938697e-02
-6.107388731634344481e-02
-6.107388731634344481e-02
-5.088667036821803435e-02
-5.343347460524938697e-02
-4.833986613118668174e-02
-4.579306189415532913e-02
-5.343347460524938697e-02
-6.107388731634344481e-02
-5.852708307931209220e-02
-5.343347460524938697e-02
-5.343347460524938697e-02
-4.579306189415532913e-02
-5.343347460524938697e-02
-5.088667036821803435e-02
-5.598027884228073958e-02
-5.343347460524938697e-02
-5.343347460524938697e-02
-4.833986613118668174e-02
-4.579306189415532913e-02
-5.343347460524938697e-02
-5.088667036821803435e-02
-5.852708307931209220e-02
-5.852708307931209220e-02
-5.343347460524938697e-02
-5.343347460524938697e-02
-4.833986613118668174e-02
-4.833986613118668174e-02
-5.343347460524938697e-02
-5.852708307931209220e-02
-5.852708307931209220e-02
-5.343347460524938697e-02
-5.598027884228073958e-02
-4.579306189415532913e-02
-4.833986613118668174e-02
-5.343347460524938697e-02
-5.852708307931209220e-02
-5.852708307931209220e-02
-5.343347460524938697e-02
-5.343347460524938697e-02
-4.579306189415532913e-02
-5.088667036821803435e-02
-5.343347460524938697e-02
-5.852708307931209220e-02
-5.852708307931209220e-02
-5.343347460524938697e-02
-5.343347460524938697e-02
-4.579306189415532913e-02
-4.579306189415532913e-02
-5.343347460524938697e-02
-5.343347460524938697e-02
-5.598027884228073958e-02
-5.343347460524938697e-02
-5.343347460524938697e-02
-4.833986613118668174e-02
-4.579306189415532913e-02
-5.343347460524938697e-02
-6.107388731634344481e-02
-6.107388731634344481e-02
-5.598027884228073958e-02
-5.343347460524938697e-02
-5.088667036821803435e-02
-4.579306189415532913e-02
-5.343347460524938697e-02
-5.088667036821803435e-02
-5.598027884228073958e-02
-6.107388731634344481e-02
-5.343347460524938697e-02
-5.343347460524938697e-02
-4.579306189415532913e-02
-4.833986613118668174e-02
-5.088667036821803435e-02
-5.343347460524938697e-02
-5.852708307931209220e-02
-5.088667036821803435e-02
-5.343347460524938697e-02
-4.833986613118668174e-02
-4.833986613118668174e-02
-5.088667036821803435e-02
-5.598027884228073958e-02
-5.852708307931209220e-02
-6.107388731634344481e-02
-5.088667036821803435e-02
-5.343347460524938697e-02
-4.833986613118668174e-02
-5.343347460524938697e-02
-5.343347460524938697e-02
-5.852708307931209220e-02
-5.852708307931209220e-02
-5.343347460524938697e-02
-5.343347460524938697e-02
-4.579306189415532913e-02
-4.579306189415532913e-02
-5.088667036821803435e-02
-5.343347460524938697e-02
-5.852708307931209220e-02
-5.343347460524938697e-02
-5.088667036821803435e-02
-4.833986613118668174e-02
-4.833986613118668174e-02
-5.088667036821803435e-02
-5.343347460524938697e-02
-5.852708307931209220e-02
-6.107388731634344481e-02
-5.343347460524938697e-02
-4.579306189415532913e-02
-4.579306189415532913e-02
-5.343347460524938697e-02
-5.343347460524938697e-02
-5.852708307931209220e-02
-6.107388731634344481e-02
-5.088667036821803435e-02
-5.343347460524938697e-02
-4.579306189415532913e-02
-4.833986613118668174e-02
-5.343347460524938697e-02
-6.107388731634344481e-02
-5.852708307931209220e-02
-5.343347460524938697e-02
-5.343347460524938697e-02
-4.579306189415532913e-02
-5.088667036821803435e-02
-5.343347460524938697e-02
-5.852708307931209220e-02
-6.107388731634344481e-02
-5.088667036821803435e-02
-4.579306189415532913e-02
-4.579306189415532913e-02
-5.088667036821803435e-02
-5.088667036821803435e-02
-5.852708307931209220e-02
-5.598027884228073958e-02
-5.343347460524938697e-02
-5.343347460524938697e-02
-4.579306189415532913e-02
-4.579306189415532913e-02
-5.343347460524938697e-02
-6.107388731634344481e-02
-5.852708307931209220e-02
-5.088667036821803435e-02
-5.343347460524938697e-02
-5.088667036821803435e-02
-5.343347460524938697e-02
-5.343347460524938697e-02
-5.852708307931209220e-02
-5.852708307931209220e-02
-5.343347460524938697e-02
-5.088667036821803435e-02
-4.579306189415532913e-02
-4.579306189415532913e-02
-5.343347460524938697e-02
-5.343347460524938697e-02
-6.107388731634344481e-02
-6.107388731634344481e-02
-5.343347460524938697e-02
-5.343347460524938697e-02
-4.833986613118668174e-02
-4.833986613118668174e-02
-5.088667036821803435e-02
-5.343347460524938697e-02
-5.852708307931209220e-02
-5.343347460524938697e-02
-5.088667036821803435e-02
-4.579306189415532913e-02
-4.579306189415532913e-02
-5.088667036821803435e-02
-5.088667036821803435e-02
-5.852708307931209220e-02
-6.107388731634344481e-02
-5.088667036821803435e-02
-4.833986613118668174e-02
-4.579306189415532913e-02
-4.579306189415532913e-02
-5.343347460524938697e-02
-5.343347460524938697e-02
-5.852708307931209220e-02
-6.107388731634344481e-02
-5.343347460524938697e-02
-5.343347460524938697e-02
-4.579306189415532913e-02
-4.833986613118668174e-02
-5.343347460524938697e-02
-5.343347460524938697e-02
-6.107388731634344481e-02
-5.852708307931209220e-02
-4.833986613118668174e-02
-4.833986613118668174e-02
-5.343347460524938697e-02
-5.343347460524938697e-02
-5.598027884228073958e-02
-5.852708307931209220e-02
-5.852708307931209220e-02
-5.088667036821803435e-02
-5.598027884228073958e-02
-4.833986613118668174e-02
-4.579306189415532913e-02
-5.343347460524938697e-02
-6.107388731634344481e-02
-5.343347460524938697e-02
-5.343347460524938697e-02
-5.088667036821803435e-02
-4.833986613118668174e-02
-4.579306189415532913e-02
-5.343347460524938697e-02
-5.343347460524938697e-02
-5.852708307931209220e-02
-5.343347460524938697e-02
-5.343347460524938697e-02
-4.579306189415532913e-02
-4.833986613118668174e-02
-5.088667036821803435e-02
-5.343347460524938697e-02
-5.852708307931209220e-02
-5.852708307931209220e-02
-5.598027884228073958e-02
-5.343347460524938697e-02
-4.579306189415532913e-02
-5.088667036821803435e-02
-5.343347460524938697e-02
-5.852708307931209220e-02
-6.107388731634344481e-02
-5.343347460524938697e-02
-5.343347460524938697e-02
-4.833986613118668174e-02
-5.088667036821803435e-02
-5.343347460524938697e-02
-5.343347460524938697e-02
-5.852708307931209220e-02
-6.107388731634344481e-02
-5.343347460524938697e-02
-4.579306189415532913e-02
-4.833986613118668174e-02
-5.088667036821803435e-02
-5.343347460524938697e-02
-5.852708307931209220e-02
-6.362069155337479742e-02
-5.343347460524938697e-02
-5.343347460524938697e-02
-4.833986613118668174e-02
-4.833986613118668174e-02
-5.088667036821803435e-02
-6.107388731634344481e-02
-6.107388731634344481e-02
-5.343347460524938697e-02
-5.343347460524938697e-02
-4.579306189415532913e-02
-4.579306189415532913e-02
-5.088667036821803435e-02
-6.107388731634344481e-02
-6.107388731634344481e-02
-5.088667036821803435e-02
-4.833986613118668174e-02
-4.833986613118668174e-02
-5.088667036821803435e-02
-5.343347460524938697e-02
-5.852708307931209220e-02
-5.852708307931209220e-02
-5.343347460524938697e-02
-5.343347460524938697e-02
-4.579306189415532913e-02
-4.579306189415532913e-02
-5.343347460524938697e-02
-5.852708307931209220e-02
-5.852708307931209220e-02
-5.343347460524938697e-02
-4.833986613118668174e-02
-4.579306189415532913e-02
-4.833986613118668174e-02
-5.343347460524938697e-02
-5.343347460524938697e-02
-5.852708307931209220e-02
-5.343347460524938697e-02
-5.343347460524938697e-02
-4.579306189415532913e-02
-5.088667036821803435e-02
-5.088667036821803435e-02
-6.107388731634344481e-02
-6.107388731634344481e-02
-5.852708307931209220e-02
-5.343347460524938697e-02
-5.343347460524938697e-02
-4.579306189415532913e-02
-5.343347460524938697e-02
-5.088667036821803435e-02
-6.107388731634344481e-02
-6.107388731634344481e-02
-5.343347460524938697e-02
-5.343347460524938697e-02
-4.579306189415532913e-02
-5.088667036821803435e-02
-5.088667036821803435e-02
-6.107388731634344481e-02
-5.852708307931209220e-02
-5.088667036821803435e-02
-4.579306189415532913e-02
-4.579306189415532913e-02
-4.833986613118668174e-02
-5.088667036821803435e-02
-5.852708307931209220e-02
-5.852708307931209220e-02
-5.088667036821803435e-02
-5.343347460524938697e-02
-4.833986613118668174e-02
-4.833986613118668174e-02
-5.088667036821803435e-02
-5.343347460524938697e-02
-5.852708307931209220e-02
-6.107388731634344481e-02
-5.343347460524938697e-02
-5.343347460524938697e-02
-4.579306189415532913e-02
-4.833986613118668174e-02
-5.088667036821803435e-02
-5.852708307931209220e-02
-6.107388731634344481e-02
-5.088667036821803435e-02
-5.088667036821803435e-02
-4.579306189415532913e-02
-4.833986613118668174e-02
-5.088667036821803435e-02
-5.852708307931209220e-02
-5.852708307931209220e-02
-5.343347460524938697e-02
-5.343347460524938697e-02
-5.343347460524938697e-02
-4.833986613118668174e-02
-5.088667036821803435e-02
-5.343347460524938697e-02
-6.107388731634344481e-02
-5.852708307931209220e-02
-5.088667036821803435e-02
-5.343347460524938697e-02
-4.579306189415532913e-02
-4.833986613118668174e-02
-5.343347460524938697e-02
-5.343347460524938697e-02
-5.852708307931209220e-02
-6.107388731634344481e-02
-5.343347460524938697e-02
-4.833986613118668174e-02
-4.833986613118668174e-02
-5.343347460524938697e-02
-6.107388731634344481e-02
-5.852708307931209220e-02
-5.343347460524938697e-02
-5.343347460524938697e-02
-4.833986613118668174e-02
-4.579306189415532913e-02
-4.579306189415532913e-02
-5.088667036821803435e-02
-5.343347460524938697e-02
-5.852708307931209220e-02
-5.598027884228073958e-02
-5.088667036821803435e-02
-4.579306189415532913e-02
-4.833986613118668174e-02
-5.343347460524938697e-02
-5.343347460524938697e-02
-6.107388731634344481e-02
-5.852708307931209220e-02
-5.343347460524938697e-02
-5.088667036821803435e-02
-4.833986613118668174e-02
-5.088667036821803435e-02
-5.088667036821803435e-02
-5.852708307931209220e-02
-5.852708307931209220e-02
-5.598027884228073958e-02
-5.343347460524938697e-02
-5.088667036821803435e-02
-4.833986613118668174e-02
-5.343347460524938697e-02
-5.343347460524938697e-02
-5.852708307931209220e-02
-6.107388731634344481e-02
-5.343347460524938697e-02
-5.343347460524938697e-02
-4.579306189415532913e-02
-4.579306189415532913e-02
-5.343347460524938697e-02
-5.343347460524938697e-02
-6.107388731634344481e-02
-5.088667036821803435e-02
-5.088667036821803435e-02
-4.833986613118668174e-02
-4.833986613118668174e-02
-5.088667036821803435e-02
-5.343347460524938697e-02
-5.852708307931209220e-02
-6.107388731634344481e-02
-5.088667036821803435e-02
-5.343347460524938697e-02
-4.833986613118668174e-02
-5.088667036821803435e-02
-5.343347460524938697e-02
-5.852708307931209220e-02
-5.088667036821803435e-02
-5.343347460524938697e-02
-4.833986613118668174e-02
-4.833986613118668174e-02
-4.833986613118668174e-02
-5.343347460524938697e-02
-5.598027884228073958e-02
-5.852708307931209220e-02
-5.343347460524938697e-02
-5.088667036821803435e-02
-4.833986613118668174e-02
-4.833986613118668174e-02
-5.343347460524938697e-02
-5.343347460524938697e-02
-6.107388731634344481e-02
-6.107388731634344481e-02
-5.343347460524938697e-02
-5.598027884228073958e-02
-4.833986613118668174e-02
-5.343347460524938697e-02
-5.343347460524938697e-02
-5.852708307931209220e-02
-5.852708307931209220e-02
-5.088667036821803435e-02
-5.343347460524938697e-02
-4.579306189415532913e-02
-4.833986613118668174e-02
-5.343347460524938697e-02
-5.852708307931209220e-02
-6.107388731634344481e-02
-5.343347460524938697e-02
-5.343347460524938697e-02
-5.088667036821803435e-02
-4.833986613118668174e-02
-5.343347460524938697e-02
-6.107388731634344481e-02
-5.852708307931209220e-02
-5.088667036821803435e-02
-5.088667036821803435e-02
-4.833986613118668174e-02
-4.579306189415532913e-02
-5.343347460524938697e-02
-5.088667036821803435e-02
-5.852708307931209220e-02
-5.852708307931209220e-02
-5.088667036821803435e-02
-5.343347460524938697e-02
-4.579306189415532913e-02
-4.833986613118668174e-02
-5.343347460524938697e-02
-5.343347460524938697e-02
-6.107388731634344481e-02
-5.852708307931209220e-02
-5.343347460524938697e-02
-4.579306189415532913e-02
-4.579306189415532913e-02
-5.343347460524938697e-02
-6.107388731634344481e-02
-6.107388731634344481e-02
-5.343347460524938697e-02
-5.088667036821803435e-02
-4.579306189415532913e-02
-4.833986613118668174e-02
-5.088667036821803435e-02
-5.852708307931209220e-02
-6.107388731634344481e-02
-5.852708307931209220e-02
-5.088667036821803435e-02
-4.579306189415532913e-02
-4.833986613118668174e-02
-4.833986613118668174e-02
-5.343347460524938697e-02
-5.343347460524938697e-02
-5.852708307931209220e-02
-6.107388731634344481e-02
-5.343347460524938697e-02
-5.343347460524938697e-02
-4.833986613118668174e-02
-4.833986613118668174e-02
-5.343347460524938697e-02
-5.343347460524938697e-02
-5.852708307931209220e-02
-5.343347460524938697e-02
-5.088667036821803435e-02
-4.579306189415532913e-02
-5.088667036821803435e-02
-5.343347460524938697e-02
-6.107388731634344481e-02
-6.107388731634344481e-02
-5.343347460524938697e-02
-5.343347460524938697e-02
-4.833986613118668174e-02
-4.833986613118668174e-02
-5.343347460524938697e-02
-5.343347460524938697e-02
-5.598027884228073958e-02
-5.852708307931209220e-02
-5.343347460524938697e-02
-5.343347460524938697e-02
-4.833986613118668174e-02
-4.579306189415532913e-02
-5.343347460524938697e-02
-5.343347460524938697e-02
-5.852708307931209220e-02
-5.598027884228073958e-02
-5.343347460524938697e-02
-4.833986613118668174e-02
-4.579306189415532913e-02
-5.343347460524938697e-02
-5.598027884228073958e-02
-5.852708307931209220e-02
-5.852708307931209220e-02
-5.343347460524938697e-02
-5.088667036821803435e-02
-4.833986613118668174e-02
-4.833986613118668174e-02
-5.343347460524938697e-02
-5.343347460524938697e-02
-5.852708307931209220e-02
-5.343347460524938697e-02
-5.343347460524938697e-02
-4.579306189415532913e-02
-5.088667036821803435e-02
-5.343347460524938697e-02
-5.852708307931209220e-02
-6.107388731634344481e-02
-5.343347460524938697e-02
-4.579306189415532913e-02
-4.833986613118668174e-02
-4.833986613118668174e-02
-5.088667036821803435e-02
-5.343347460524938697e-02
-5.852708307931209220e-02
-5.852708307931209220e-02
-5.598027884228073958e-02
-5.343347460524938697e-02
-4.833986613118668174e-02
-5.088667036821803435e-02
-5.343347460524938697e-02
-5.088667036821803435e-02
-6.107388731634344481e-02
-5.852708307931209220e-02
-5.343347460524938697e-02
-5.088667036821803435e-02
-4.324625765712397651e-02
-4.579306189415532913e-02
-5.088667036821803435e-02
-5.852708307931209220e-02
-6.107388731634344481e-02
-5.343347460524938697e-02
-5.343347460524938697e-02
-4.833986613118668174e-02
-4.579306189415532913e-02
-5.343347460524938697e-02
-5.343347460524938697e-02
-5.852708307931209220e-02
-5.343347460524938697e-02
-4.833986613118668174e-02
-4.579306189415532913e-02
-4.579306189415532913e-02
-5.343347460524938697e-02
-5.343347460524938697e-02
-6.107388731634344481e-02
-5.852708307931209220e-02
-5.343347460524938697e-02
-5.343347460524938697e-02
-4.833986613118668174e-02
-4.579306189415532913e-02
-5.343347460524938697e-02
-5.343347460524938697e-02
-5.852708307931209220e-02
-5.343347460524938697e-02
-5.088667036821803435e-02
-4.579306189415532913e-02
-4.833986613118668174e-02
-5.343347460524938697e-02
-5.343347460524938697e-02
-5.852708307931209220e-02
-5.852708307931209220e-02
-5.343347460524938697e-02
-5.343347460524938697e-02
-4.833986613118668174e-02
-4.833986613118668174e-02
-5.088667036821803435e-02
-5.343347460524938697e-02
-5.852708307931209220e-02
-5.852708307931209220e-02
-5.343347460524938697e-02
-4.579306189415532913e-02
-4.579306189415532913e-02
-5.088667036821803435e-02
-5.852708307931209220e-02
-6.107388731634344481e-02
-5.343347460524938697e-02
-5.343347460524938697e-02
-4.579306189415532913e-02
-4.833986613118668174e-02
-5.088667036821803435e-02
-5.852708307931209220e-02
-5.852708307931209220e-02
-5.343347460524938697e-02
-5.598027884228073958e-02
-4.833986613118668174e-02
-5.088667036821803435e-02
-4.833986613118668174e-02
-5.088667036821803435e-02
-5.343347460524938697e-02
-5.852708307931209220e-02
-5.852708307931209220e-02
-5.343347460524938697e-02
-4.833986613118668174e-02
-4.579306189415532913e-02
-5.343347460524938697e-02
-5.598027884228073958e-02
-5.852708307931209220e-02
-5.088667036821803435e-02
-5.343347460524938697e-02
-4.833986613118668174e-02
-4.833986613118668174e-02
-5.343347460524938697e-02
-5.088667036821803435e-02
-5.852708307931209220e-02
-5.088667036821803435e-02
-5.088667036821803435e-02
-4.833986613118668174e-02
-4.579306189415532913e-02
-5.343347460524938697e-02
-5.088667036821803435e-02
-5.852708307931209220e-02
-6.107388731634344481e-02
-5.088667036821803435e-02
-5.088667036821803435e-02
-4.833986613118668174e-02
-4.833986613118668174e-02
-5.343347460524938697e-02
-6.107388731634344481e-02
-5.852708307931209220e-02
-5.852708307931209220e-02
-5.343347460524938697e-02
-5.343347460524938697e-02
-4.833986613118668174e-02
-5.343347460524938697e-02
-5.343347460524938697e-02
-6.107388731634344481e-02
-5.852708307931209220e-02
-5.343347460524938697e-02
-5.343347460524938697e-02
-4.833986613118668174e-02
-4.833986613118668174e-02
-5.088667036821803435e-02
-5.343347460524938697e-02
-5.852708307931209220e-02
-5.852708307931209220e-02
-5.343347460524938697e-02
-5.088667036821803435e-02
-4.833986613118668174e-02
-5.343347460524938697e-02
-5.343347460524938697e-02
-6.107388731634344481e-02
-5.852708307931209220e-02
-5.343347460524938697e-02
-5.598027884228073958e-02
-4.833986613118668174e-02
-4.579306189415532913e-02
-5.343347460524938697e-02
-5.852708307931209220e-02
-5.852708307931209220e-02
-5.343347460524938697e-02
-5.343347460524938697e-02
-4.833986613118668174e-02
-4.833986613118668174e-02
-5.343347460524938697e-02
-5.852708307931209220e-02
-6.107388731634344481e-02
-5.343347460524938697e-02
-4.579306189415532913e-02
-4.579306189415532913e-02
-4.833986613118668174e-02
-5.343347460524938697e-02
-5.088667036821803435e-02
-5.852708307931209220e-02
-5.852708307931209220e-02
-5.343347460524938697e-02
-5.343347460524938697e-02
-4.579306189415532913e-02
-4.579306189415532913e-02
-5.343347460524938697e-02
-6.107388731634344481e-02
-5.852708307931209220e-02
-5.343347460524938697e-02
-5.343347460524938697e-02
-4.833986613118668174e-02
-4.579306189415532913e-02
-5.343347460524938697e-02
-5.343347460524938697e-02
-6.107388731634344481e-02
-5.598027884228073958e-02
-5.343347460524938697e-02
-4.579306189415532913e-02
-4.579306189415532913e-02
-5.088667036821803435e-02
-5.343347460524938697e-02
-6.107388731634344481e-02
-6.107388731634344481e-02
-5.343347460524938697e-02
-5.343347460524938697e-02
-4.833986613118668174e-02
-4.833986613118668174e-02
-5.343347460524938697e-02
-5.852708307931209220e-02
-5.852708307931209220e-02
-5.088667036821803435e-02
-5.088667036821803435e-02
-4.833986613118668174e-02
-4.579306189415532913e-02
-5.343347460524938697e-02
-5.343347460524938697e-02
-5.088667036821803435e-02
-5.343347460524938697e-02
-5.088667036821803435e-02
-4.833986613118668174e-02
-4.833986613118668174e-02
-5.088667036821803435e-02
-5.343347460524938697e-02
-6.107388731634344481e-02
-5.088667036821803435e-02
-5.343347460524938697e-02
-5.343347460524938697e-02
-5.088667036821803435e-02
-5.088667036821803435e-02
-5.088667036821803435e-02
-5.852708307931209220e-02
-5.852708307931209220e-02
-5.088667036821803435e-02
-5.343347460524938697e-02
-4.833986613118668174e-02
-4.579306189415532913e-02
-5.343347460524938697e-02
-5.343347460524938697e-02
-5.852708307931209220e-02
-6.107388731634344481e-02
-5.343347460524938697e-02
-5.088667036821803435e-02
-5.088667036821803435e-02
-5.088667036821803435e-02
-5.343347460524938697e-02
-6.107388731634344481e-02
-5.852708307931209220e-02
-5.088667036821803435e-02
-5.088667036821803435e-02
-4.833986613118668174e-02
-5.088667036821803435e-02
-5.088667036821803435e-02
-6.107388731634344481e-02
-5.852708307931209220e-02
-5.598027884228073958e-02
-5.343347460524938697e-02
-4.833986613118668174e-02
-4.579306189415532913e-02
-5.343347460524938697e-02
-5.343347460524938697e-02
-6.107388731634344481e-02
-5.852708307931209220e-02
-5.343347460524938697e-02
-4.833986613118668174e-02
-5.343347460524938697e-02
-5.343347460524938697e-02
-5.088667036821803435e-02
-5.598027884228073958e-02
-6.107388731634344481e-02
-5.598027884228073958e-02
-4.833986613118668174e-02
-4.833986613118668174e-02
-5.343347460524938697e-02
-5.343347460524938697e-02
-6.107388731634344481e-02
-5.852708307931209220e-02
-5.088667036821803435e-02
-5.343347460524938697e-02
-4.833986613118668174e-02
-4.833986613118668174e-02
-5.343347460524938697e-02
-5.852708307931209220e-02
-6.107388731634344481e-02
-5.343347460524938697e-02
-5.343347460524938697e-02
-4.833986613118668174e-02
-4.579306189415532913e-02
-5.343347460524938697e-02
-5.343347460524938697e-02
-5.852708307931209220e-02
-5.088667036821803435e-02
-5.343347460524938697e-02
-4.833986613118668174e-02
-4.833986613118668174e-02
-5.343347460524938697e-02
-5.343347460524938697e-02
-5.343347460524938697e-02
-6.107388731634344481e-02
-5.852708307931209220e-02
-5.088667036821803435e-02
-5.088667036821803435e-02
-4.833986613118668174e-02
-5.343347460524938697e-02
-5.343347460524938697e-02
-6.107388731634344481e-02
-5.852708307931209220e-02
-5.343347460524938697e-02
-5.343347460524938697e-02
-4.833986613118668174e-02
-4.579306189415532913e-02
-5.598027884228073958e-02
-5.088667036821803435e-02
-5.852708307931209220e-02
-5.852708307931209220e-02
-5.343347460524938697e-02
-4.833986613118668174e-02
-5.088667036821803435e-02
-5.343347460524938697e-02
-6.107388731634344481e-02
-6.107388731634344481e-02
-5.852708307931209220e-02
-5.343347460524938697e-02
-5.343347460524938697e-02
-4.833986613118668174e-02
-4.579306189415532913e-02
-5.343347460524938697e-02
-6.107388731634344481e-02
-6.107388731634344481e-02
-5.343347460524938697e-02
-5.088667036821803435e-02
-4.833986613118668174e-02
-4.579306189415532913e-02
-5.343347460524938697e-02
-5.343347460524938697e-02
-5.852708307931209220e-02
-5.852708307931209220e-02
-5.343347460524938697e-02
-5.088667036821803435e-02
-4.833986613118668174e-02
-5.343347460524938697e-02
-5.343347460524938697e-02
-5.852708307931209220e-02
-5.343347460524938697e-02
-5.343347460524938697e-02
-5.343347460524938697e-02
-4.833986613118668174e-02
-4.324625765712397651e-02
-5.343347460524938697e-02
-6.107388731634344481e-02
-6.107388731634344481e-02
-5.088667036821803435e-02
-5.088667036821803435e-02
-4.579306189415532913e-02
-4.579306189415532913e-02
-5.088667036821803435e-02
-5.343347460524938697e-02
-6.107388731634344481e-02
-5.598027884228073958e-02
-5.343347460524938697e-02
-4.579306189415532913e-02
-5.343347460524938697e-02
-5.088667036821803435e-02
-6.107388731634344481e-02
-5.852708307931209220e-02
-5.343347460524938697e-02
-5.598027884228073958e-02
-4.579306189415532913e-02
-5.088667036821803435e-02
-5.343347460524938697e-02
-5.852708307931209220e-02
-5.852708307931209220e-02
-5.088667036821803435e-02
-5.598027884228073958e-02
-4.579306189415532913e-02
-4.833986613118668174e-02
-5.088667036821803435e-02
-5.343347460524938697e-02
-5.088667036821803435e-02
-5.852708307931209220e-02
-5.343347460524938697e-02
-5.343347460524938697e-02
-4.833986613118668174e-02
-5.343347460524938697e-02
-5.343347460524938697e-02
-5.852708307931209220e-02
-5.852708307931209220e-02
-5.343347460524938697e-02
-5.343347460524938697e-02
-4.833986613118668174e-02
-4.579306189415532913e-02
-5.343347460524938697e-02
-5.343347460524938697e-02
-5.852708307931209220e-02
-6.107388731634344481e-02
-5.343347460524938697e-02
-5.088667036821803435e-02
-4.833986613118668174e-02
-5.343347460524938697e-02
-5.343347460524938697e-02
-5.852708307931209220e-02
-6.107388731634344481e-02
-5.343347460524938697e-02
-5.343347460524938697e-02
-4.833986613118668174e-02
-5.343347460524938697e-02
-5.343347460524938697e-02
-5.852708307931209220e-02
-5.852708307931209220e-02
-5.343347460524938697e-02
-5.343347460524938697e-02
-5.088667036821803435e-02
-5.088667036821803435e-02
-5.343347460524938697e-02
-5.343347460524938697e-02
-6.107388731634344481e-02
-5.852708307931209220e-02
-5.343347460524938697e-02
-4.833986613118668174e-02
-4.833986613118668174e-02
-5.088667036821803435e-02
-5.343347460524938697e-02
-5.852708307931209220e-02
-5.852708307931209220e-02
-5.598027884228073958e-02
-4.833986613118668174e-02
-5.088667036821803435e-02
-5.343347460524938697e-02
-5.343347460524938697e-02
-5.088667036821803435e-02
-5.852708307931209220e-02
-5.852708307931209220e-02
-5.343347460524938697e-02
-4.833986613118668174e-02
-4.833986613118668174e-02
-5.343347460524938697e-02
-5.088667036821803435e-02
-6.107388731634344481e-02
-5.852708307931209220e-02
-5.343347460524938697e-02
-5.343347460524938697e-02
-5.088667036821803435e-02
-5.343347460524938697e-02
-5.343347460524938697e-02
-5.852708307931209220e-02
-5.088667036821803435e-02
-5.598027884228073958e-02
-5.088667036821803435e-02
-4.833986613118668174e-02
-5.343347460524938697e-02
-5.343347460524938697e-02
-6.107388731634344481e-02
-5.343347460524938697e-02
-5.343347460524938697e-02
-4.833986613118668174e-02
-4.833986613118668174e-02
-5.343347460524938697e-02
-5.088667036821803435e-02
-5.852708307931209220e-02
-6.107388731634344481e-02
-5.343347460524938697e-02
-5.343347460524938697e-02
-4.579306189415532913e-02
-5.343347460524938697e-02
-5.343347460524938697e-02
-6.107388731634344481e-02
-5.852708307931209220e-02
-5.343347460524938697e-02
-5.343347460524938697e-02
-4.833986613118668174e-02
-4.833986613118668174e-02
-5.343347460524938697e-02
-5.852708307931209220e-02
-6.107388731634344481e-02
-5.343347460524938697e-02
-4.579306189415532913e-02
-4.579306189415532913e-02
-5.343347460524938697e-02
-5.343347460524938697e-02
-5.343347460524938697e-02
-6.107388731634344481e-02
-6.107388731634344481e-02
-5.343347460524938697e-02
-5.088667036821803435e-02
-4.579306189415532913e-02
-4.579306189415532913e-02
-5.343347460524938697e-02
-5.852708307931209220e-02
-6.107388731634344481e-02
-5.343347460524938697e-02
-5.088667036821803435e-02
-4.833986613118668174e-02
-4.579306189415532913e-02
-5.343347460524938697e-02
-5.088667036821803435e-02
-6.107388731634344481e-02
-6.107388731634344481e-02
-5.343347460524938697e-02
-4.579306189415532913e-02
-4.579306189415532913e-02
-5.343347460524938697e-02
-5.343347460524938697e-02
-6.107388731634344481e-02
-5.852708307931209220e-02
-5.088667036821803435e-02
-4.833986613118668174e-02
-5.088667036821803435e-02
-5.088667036821803435e-02
-5.598027884228073958e-02
-5.852708307931209220e-02
-6.107388731634344481e-02
-5.343347460524938697e-02
-5.088667036821803435e-02
-4.833986613118668174e-02
-5.088667036821803435e-02
-5.343347460524938697e-02
-5.088667036821803435e-02
-5.852708307931209220e-02
-6.107388731634344481e-02
-5.343347460524938697e-02
-5.343347460524938697e-02
-5.088667036821803435e-02
-4.833986613118668174e-02
-5.343347460524938697e-02
-6.107388731634344481e-02
-6.107388731634344481e-02
-5.343347460524938697e-02
-5.343347460524938697e-02
-4.833986613118668174e-02
-5.088667036821803435e-02
-5.343347460524938697e-02
-5.852708307931209220e-02
-5.088667036821803435e-02
-5.598027884228073958e-02
-5.343347460524938697e-02
-4.579306189415532913e-02
-5.088667036821803435e-02
-5.343347460524938697e-02
-5.852708307931209220e-02
-5.852708307931209220e-02
-5.343347460524938697e-02
-5.598027884228073958e-02
-5.088667036821803435e-02
-5.343347460524938697e-02
-5.598027884228073958e-02
-6.107388731634344481e-02
-6.107388731634344481e-02
-5.343347460524938697e-02
-5.343347460524938697e-02
-4.833986613118668174e-02
-4.833986613118668174e-02
-5.343347460524938697e-02
-5.343347460524938697e-02
-5.852708307931209220e-02
-6.107388731634344481e-02
-5.598027884228073958e-02
-4.579306189415532913e-02
-4.579306189415532913e-02
-5.343347460524938697e-02
-5.852708307931209220e-02
-5.852708307931209220e-02
-5.088667036821803435e-02
-5.343347460524938697e-02
-5.088667036821803435e-02
-4.579306189415532913e-02
-5.343347460524938697e-02
-5.343347460524938697e-02
-5.852708307931209220e-02
-5.852708307931209220e-02
-5.343347460524938697e-02
-5.343347460524938697e-02
-5.088667036821803435e-02
-5.343347460524938697e-02
-5.343347460524938697e-02
-6.107388731634344481e-02
-6.107388731634344481e-02
-5.598027884228073958e-02
-5.343347460524938697e-02
-5.343347460524938697e-02
-4.833986613118668174e-02
-5.343347460524938697e-02
-5.343347460524938697e-02
-6.107388731634344481e-02
-6.107388731634344481e-02
-5.343347460524938697e-02
-5.343347460524938697e-02
-4.579306189415532913e-02
-4.579306189415532913e-02
-5.343347460524938697e-02
-5.088667036821803435e-02
-5.343347460524938697e-02
-5.598027884228073958e-02
-4.833986613118668174e-02
-4.579306189415532913e-02
-5.088667036821803435e-02
-5.343347460524938697e-02
-5.852708307931209220e-02
-6.107388731634344481e-02
-5.343347460524938697e-02
-5.343347460524938697e-02
-4.833986613118668174e-02
-4.833986613118668174e-02
-5.343347460524938697e-02
-5.852708307931209220e-02
-6.107388731634344481e-02
-6.107388731634344481e-02
-5.598027884228073958e-02
-4.579306189415532913e-02
-5.088667036821803435e-02
-5.343347460524938697e-02
-5.343347460524938697e-02
-5.852708307931209220e-02
-5.852708307931209220e-02
-5.343347460524938697e-02
-5.343347460524938697e-02
-5.088667036821803435e-02
-4.833986613118668174e-02
-5.343347460524938697e-02
-5.852708307931209220e-02
-5.852708307931209220e-02
-5.343347460524938697e-02
-5.343347460524938697e-02
-4.579306189415532913e-02
-4.579306189415532913e-02
-5.343347460524938697e-02
-5.088667036821803435e-02
-6.107388731634344481e-02
-5.343347460524938697e-02
-4.833986613118668174e-02
-4.833986613118668174e-02
-4.833986613118668174e-02
-5.343347460524938697e-02
-5.343347460524938697e-02
-6.107388731634344481e-02
-5.852708307931209220e-02
-5.343347460524938697e-02
-5.343347460524938697e-02
-5.088667036821803435e-02
-4.833986613118668174e-02
-5.088667036821803435e-02
-5.852708307931209220e-02
-5.852708307931209220e-02
-5.343347460524938697e-02
-5.343347460524938697e-02
-5.088667036821803435e-02
-5.343347460524938697e-02
-6.107388731634344481e-02
-6.107388731634344481e-02
-5.343347460524938697e-02
-5.598027884228073958e-02
-4.833986613118668174e-02
-5.088667036821803435e-02
-5.343347460524938697e-02
-5.852708307931209220e-02
-5.088667036821803435e-02
-5.852708307931209220e-02
-5.343347460524938697e-02
-4.833986613118668174e-02
-5.088667036821803435e-02
-5.343347460524938697e-02
-5.343347460524938697e-02
-6.107388731634344481e-02
-5.852708307931209220e-02
-5.088667036821803435e-02
-5.343347460524938697e-02
-4.833986613118668174e-02
-5.088667036821803435e-02
-5.343347460524938697e-02
-5.598027884228073958e-02
-6.107388731634344481e-02
-5.343347460524938697e-02
-5.343347460524938697e-02
-5.088667036821803435e-02
-4.833986613118668174e-02
-5.343347460524938697e-02
-5.343347460524938697e-02
-6.107388731634344481e-02
-5.852708307931209220e-02
-5.598027884228073958e-02
-4.579306189415532913e-02
-5.088667036821803435e-02
-4.833986613118668174e-02
-5.343347460524938697e-02
-5.852708307931209220e-02
-5.852708307931209220e-02
-5.343347460524938697e-02
-4.833986613118668174e-02
-5.088667036821803435e-02
-5.343347460524938697e-02
-5.343347460524938697e-02
-5.852708307931209220e-02
-5.343347460524938697e-02
-5.598027884228073958e-02
-4.833986613118668174e-02
-4.833986613118668174e-02
-5.343347460524938697e-02
-5.088667036821803435e-02
-6.107388731634344481e-02
-5.343347460524938697e-02
-5.343347460524938697e-02
-4.833986613118668174e-02
-4.579306189415532913e-02
-5.343347460524938697e-02
-5.343347460524938697e-02
-5.852708307931209220e-02
-6.107388731634344481e-02
-5.088667036821803435e-02
-5.343347460524938697e-02
-4.833986613118668174e-02
-5.343347460524938697e-02
-5.343347460524938697e-02
-5.343347460524938697e-02
-6.107388731634344481e-02
-5.343347460524938697e-02
-5.343347460524938697e-02
-4.833986613118668174e-02
-4.833986613118668174e-02
-5.343347460524938697e-02
-5.343347460524938697e-02
-5.852708307931209220e-02
-5.598027884228073958e-02
-5.343347460524938697e-02
-4.579306189415532913e-02
-4.833986613118668174e-02
-5.598027884228073958e-02
-5.343347460524938697e-02
-5.852708307931209220e-02
-5.088667036821803435e-02
-5.343347460524938697e-02
-4.579306189415532913e-02
-5.343347460524938697e-02
-5.343347460524938697e-02
-5.852708307931209220e-02
-5.088667036821803435e-02
-5.852708307931209220e-02
-5.343347460524938697e-02
-4.833986613118668174e-02
-5.088667036821803435e-02
-5.088667036821803435e-02
-6.107388731634344481e-02
-6.107388731634344481e-02
-5.343347460524938697e-02
-5.343347460524938697e-02
-4.833986613118668174e-02
-4.833986613118668174e-02
-5.343347460524938697e-02
-5.852708307931209220e-02
-6.107388731634344481e-02
-5.343347460524938697e-02
-5.598027884228073958e-02
-4.833986613118668174e-02
-4.833986613118668174e-02
-5.343347460524938697e-02
-6.107388731634344481e-02
-6.107388731634344481e-02
-6.107388731634344481e-02
-5.343347460524938697e-02
-5.343347460524938697e-02
-4.833986613118668174e-02
-5.343347460524938697e-02
-5.343347460524938697e-02
-6.107388731634344481e-02
-6.107388731634344481e-02
-5.343347460524938697e-02
-4.579306189415532913e-02
-4.579306189415532913e-02
-5.343347460524938697e-02
-5.343347460524938697e-02
-5.852708307931209220e-02
-5.852708307931209220e-02
-5.598027884228073958e-02
-4.579306189415532913e-02
-4.579306189415532913e-02
-4.833986613118668174e-02
-5.598027884228073958e-02
-5.852708307931209220e-02
-6.107388731634344481e-02
-5.598027884228073958e-02
-5.088667036821803435e-02
-4.579306189415532913e-02
-4.833986613118668174e-02
-5.343347460524938697e-02
-5.852708307931209220e-02
-6.107388731634344481e-02
-5.088667036821803435e-02
-5.343347460524938697e-02
-4.833986613118668174e-02
-4.579306189415532913e-02
-5.343347460524938697e-02
-5.343347460524938697e-02
-5.598027884228073958e-02
-6.107388731634344481e-02
-5.852708307931209220e-02
-5.343347460524938697e-02
-4.579306189415532913e-02
-4.833986613118668174e-02
-5.088667036821803435e-02
-5.343347460524938697e-02
-6.107388731634344481e-02
-5.852708307931209220e-02
-5.343347460524938697e-02
-5.343347460524938697e-02
-4.579306189415532913e-02
-5.088667036821803435e-02
-5.343347460524938697e-02
-6.107388731634344481e-02
-5.088667036821803435e-02
-5.343347460524938697e-02
-5.343347460524938697e-02
-5.088667036821803435e-02
-5.343347460524938697e-02
-5.343347460524938697e-02
-5.852708307931209220e-02
-5.852708307931209220e-02
-5.343347460524938697e-02
-5.088667036821803435e-02
-4.579306189415532913e-02
-4.833986613118668174e-02
-5.343347460524938697e-02
-5.343347460524938697e-02
-6.107388731634344481e-02
-5.852708307931209220e-02
-5.343347460524938697e-02
-5.343347460524938697e-02
-4.833986613118668174e-02
-4.833986613118668174e-02
-5.343347460524938697e-02
-5.852708307931209220e-02
-5.852708307931209220e-02
-5.343347460524938697e-02
-5.343347460524938697e-02
-4.833986613118668174e-02
-4.833986613118668174e-02
-5.343347460524938697e-02
-5.343347460524938697e-02
-5.852708307931209220e-02
-5.852708307931209220e-02
-5.343347460524938697e-02
-5.343347460524938697e-02
-4.833986613118668174e-02
-5.343347460524938697e-02
-5.088667036821803435e-02
-5.852708307931209220e-02
-5.852708307931209220e-02
-5.598027884228073958e-02
-5.343347460524938697e-02
-4.833986613118668174e-02
-4.833986613118668174e-02
-5.343347460524938697e-02
-5.343347460524938697e-02
-5.852708307931209220e-02
-6.107388731634344481e-02
-5.088667036821803435e-02
-4.833986613118668174e-02
-4.833986613118668174e-02
-5.343347460524938697e-02
-6.107388731634344481e-02
-6.107388731634344481e-02
-5.598027884228073958e-02
-5.088667036821803435e-02
-5.343347460524938697e-02
-5.088667036821803435e-02
-5.343347460524938697e-02
-5.343347460524938697e-02
-6.107388731634344481e-02
-6.107388731634344481e-02
-5.343347460524938697e-02
-5.343347460524938697e-02
-4.579306189415532913e-02
-4.579306189415532913e-02
-5.343347460524938697e-02
-5.598027884228073958e-02
-5.852708307931209220e-02
-5.088667036821803435e-02
-5.088667036821803435e-02
-5.088667036821803435e-02
-5.088667036821803435e-02
-5.343347460524938697e-02
-5.852708307931209220e-02
-5.852708307931209220e-02
-5.343347460524938697e-02
-4.833986613118668174e-02
-4.833986613118668174e-02
-5.088667036821803435e-02
-5.343347460524938697e-02
-6.107388731634344481e-02
-6.107388731634344481e-02
-5.598027884228073958e-02
-5.343347460524938697e-02
-5.088667036821803435e-02
-5.088667036821803435e-02
-5.343347460524938697e-02
-6.107388731634344481e-02
-6.107388731634344481e-02
-5.088667036821803435e-02
-5.343347460524938697e-02
-5.598027884228073958e-02
-4.833986613118668174e-02
-5.088667036821803435e-02
-5.088667036821803435e-02
-5.852708307931209220e-02
-6.107388731634344481e-02
-5.088667036821803435e-02
-4.833986613118668174e-02
-4.833986613118668174e-02
-5.088667036821803435e-02
-5.088667036821803435e-02
-5.343347460524938697e-02
-5.852708307931209220e-02
-5.852708307931209220e-02
-5.343347460524938697e-02
-5.343347460524938697e-02
-4.833986613118668174e-02
-4.833986613118668174e-02
-5.088667036821803435e-02
-5.343347460524938697e-02
-5.852708307931209220e-02
-5.852708307931209220e-02
-5.343347460524938697e-02
-4.833986613118668174e-02
-5.088667036821803435e-02
-5.088667036821803435e-02
-5.343347460524938697e-02
-6.107388731634344481e-02
-5.852708307931209220e-02
-5.343347460524938697e-02
-5.343347460524938697e-02
-4.833986613118668174e-02
-5.343347460524938697e-02
-5.343347460524938697e-02
-5.852708307931209220e-02
-5.343347460524938697e-02
-5.343347460524938697e-02
-4.579306189415532913e-02
-4.833986613118668174e-02
-5.343347460524938697e-02
-5.088667036821803435e-02
-5.852708307931209220e-02
-5.852708307931209220e-02
-5.343347460524938697e-02
-4.833986613118668174e-02
-4.579306189415532913e-02
-5.343347460524938697e-02
-5.852708307931209220e-02
-5.852708307931209220e-02
-5.852708307931209220e-02
-5.343347460524938697e-02
-4.579306189415532913e-02
-4.833986613118668174e-02
-5.343347460524938697e-02
-5.343347460524938697e-02
-6.107388731634344481e-02
-5.852708307931209220e-02
-5.343347460524938697e-02
-5.343347460524938697e-02
-4.833986613118668174e-02
-4.579306189415532913e-02
-5.343347460524938697e-02
-6.107388731634344481e-02
-6.107388731634344481e-02
-5.343347460524938697e-02
-4.833986613118668174e-02
-5.088667036821803435e-02
-5.343347460524938697e-02
-5.088667036821803435e-02
-6.107388731634344481e-02
-5.343347460524938697e-02
-5.088667036821803435e-02
-5.343347460524938697e-02
-5.088667036821803435e-02
-4.833986613118668174e-02
-5.343347460524938697e-02
-5.088667036821803435e-02
-5.852708307931209220e-02
-5.852708307931209220e-02
-5.088667036821803435e-02
-4.579306189415532913e-02
-5.343347460524938697e-02
-5.088667036821803435e-02
-5.343347460524938697e-02
-5.852708307931209220e-02
-6.107388731634344481e-02
-5.343347460524938697e-02
-5.343347460524938697e-02
-4.833986613118668174e-02
-5.598027884228073958e-02
-6.107388731634344481e-02
-5.852708307931209220e-02
-5.088667036821803435e-02
-5.343347460524938697e-02
-5.088667036821803435e-02
-4.579306189415532913e-02
-5.088667036821803435e-02
-6.107388731634344481e-02
-5.852708307931209220e-02
-6.107388731634344481e-02
-5.598027884228073958e-02
-4.833986613118668174e-02
-4.833986613118668174e-02
-5.088667036821803435e-02
-6.107388731634344481e-02
-6.107388731634344481e-02
-5.852708307931209220e-02
-5.343347460524938697e-02
-4.833986613118668174e-02
-4.579306189415532913e-02
-5.088667036821803435e-02
-5.088667036821803435e-02
-5.598027884228073958e-02
-5.852708307931209220e-02
-5.343347460524938697e-02
-5.343347460524938697e-02
-4.579306189415532913e-02
-5.343347460524938697e-02
-5.343347460524938697e-02
-6.107388731634344481e-02
-5.852708307931209220e-02
-5.343347460524938697e-02
-5.343347460524938697e-02
-4.833986613118668174e-02
-4.833986613118668174e-02
-5.343347460524938697e-02
-5.598027884228073958e-02
-5.852708307931209220e-02
-5.852708307931209220e-02
-5.343347460524938697e-02
-4.833986613118668174e-02
-4.833986613118668174e-02
-5.343347460524938697e-02
-5.343347460524938697e-02
-6.107388731634344481e-02
-5.852708307931209220e-02
-5.088667036821803435e-02
-5.343347460524938697e-02
-5.088667036821803435e-02
-5.343347460524938697e-02
-5.598027884228073958e-02
-5.852708307931209220e-02
-6.107388731634344481e-02
-5.088667036821803435e-02
-5.343347460524938697e-02
-4.579306189415532913e-02
-4.833986613118668174e-02
-5.088667036821803435e-02
-5.852708307931209220e-02
-6.107388731634344481e-02
-5.088667036821803435e-02
-5.343347460524938697e-02
-4.833986613118668174e-02
-4.833986613118668174e-02
-5.088667036821803435e-02
-5.343347460524938697e-02
-5.852708307931209220e-02
-5.343347460524938697e-02
-5.343347460524938697e-02
-4.579306189415532913e-02
-4.833986613118668174e-02
-5.343347460524938697e-02
-5.343347460524938697e-02
-6.107388731634344481e-02
-5.852708307931209220e-02
-5.343347460524938697e-02
-4.579306189415532913e-02
-4.833986613118668174e-02
-5.343347460524938697e-02
-5.343347460524938697e-02
-5.852708307931209220e-02
-5.852708307931209220e-02
-5.343347460524938697e-02
-4.833986613118668174e-02
-4.579306189415532913e-02
-5.343347460524938697e-02
-5.343347460524938697e-02
-6.107388731634344481e-02
-5.852708307931209220e-02
-5.343347460524938697e-02
-5.343347460524938697e-02
-4.579306189415532913e-02
-4.833986613118668174e-02
-5.088667036821803435e-02
-5.343347460524938697e-02
-5.852708307931209220e-02
-5.343347460524938697e-02
-4.579306189415532913e-02
-4.833986613118668174e-02
-5.088667036821803435e-02
-5.343347460524938697e-02
-5.852708307931209220e-02
-6.107388731634344481e-02
-5.343347460524938697e-02
-5.343347460524938697e-02
-4.833986613118668174e-02
-4.579306189415532913e-02
-5.343347460524938697e-02
-5.852708307931209220e-02
-5.852708307931209220e-02
-5.343347460524938697e-02
-5.088667036821803435e-02
-4.579306189415532913e-02
-4.579306189415532913e-02
-5.343347460524938697e-02
-5.852708307931209220e-02
-6.107388731634344481e-02
-5.852708307931209220e-02
-5.088667036821803435e-02
-5.343347460524938697e-02
-4.579306189415532913e-02
-4.579306189415532913e-02
-5.343347460524938697e-02
-5.852708307931209220e-02
-5.852708307931209220e-02
-5.088667036821803435e-02
-5.343347460524938697e-02
-4.833986613118668174e-02
-4.833986613118668174e-02
-5.088667036821803435e-02
-5.088667036821803435e-02
-5.852708307931209220e-02
-5.852708307931209220e-02
-5.343347460524938697e-02
-5.343347460524938697e-02
-5.088667036821803435e-02
-4.833986613118668174e-02
-5.088667036821803435e-02
-5.343347460524938697e-02
-5.852708307931209220e-02
-5.852708307931209220e-02
-5.343347460524938697e-02
-5.343347460524938697e-02
-4.579306189415532913e-02
-5.088667036821803435e-02
-5.343347460524938697e-02
-5.598027884228073958e-02
-5.852708307931209220e-02
-5.343347460524938697e-02
-5.598027884228073958e-02
-4.833986613118668174e-02
-4.833986613118668174e-02
-5.088667036821803435e-02
-5.852708307931209220e-02
-6.107388731634344481e-02
-5.088667036821803435e-02
-5.343347460524938697e-02
-4.833986613118668174e-02
-4.833986613118668174e-02
-5.343347460524938697e-02
-5.343347460524938697e-02
-5.852708307931209220e-02
-5.088667036821803435e-02
-5.088667036821803435e-02
-4.579306189415532913e-02
-4.833986613118668174e-02
-5.343347460524938697e-02
-6.107388731634344481e-02
-6.107388731634344481e-02
-6.107388731634344481e-02
-5.088667036821803435e-02
-4.833986613118668174e-02
-4.833986613118668174e-02
-5.343347460524938697e-02
-5.343347460524938697e-02
-6.107388731634344481e-02
-5.598027884228073958e-02
-5.343347460524938697e-02
-5.343347460524938697e-02
-4.579306189415532913e-02
-5.343347460524938697e-02
-5.343347460524938697e-02
-5.852708307931209220e-02
-6.107388731634344481e-02
-5.088667036821803435e-02
-5.088667036821803435e-02
-4.579306189415532913e-02
-4.833986613118668174e-02
-5.088667036821803435e-02
-5.852708307931209220e-02
-6.107388731634344481e-02
-5.088667036821803435e-02
-5.343347460524938697e-02
-4.833986613118668174e-02
-4.833986613118668174e-02
-5.343347460524938697e-02
-5.343347460524938697e-02
-5.852708307931209220e-02
-6.107388731634344481e-02
-5.088667036821803435e-02
-5.343347460524938697e-02
-4.579306189415532913e-02
-5.343347460524938697e-02
-5.343347460524938697e-02
-5.852708307931209220e-02
-5.598027884228073958e-02
-5.343347460524938697e-02
-5.343347460524938697e-02
-4.833986613118668174e-02
-5.088667036821803435e-02
-5.343347460524938697e-02
-5.343347460524938697e-02
-5.852708307931209220e-02
-5.852708307931209220e-02
-5.088667036821803435e-02
-5.343347460524938697e-02
-4.833986613118668174e-02
-4.833986613118668174e-02
-5.343347460524938697e-02
-5.343347460524938697e-02
-5.852708307931209220e-02
-5.088667036821803435e-02
-5.343347460524938697e-02
-4.579306189415532913e-02
-4.579306189415532913e-02
-5.343347460524938697e-02
-5.852708307931209220e-02
-6.107388731634344481e-02
-5.343347460524938697e-02
-5.088667036821803435e-02
-5.343347460524938697e-02
-4.579306189415532913e-02
-5.343347460524938697e-02
-5.343347460524938697e-02
-5.852708307931209220e-02
-6.107388731634344481e-02
-5.343347460524938697e-02
-5.343347460524938697e-02
-4.579306189415532913e-02
-5.088667036821803435e-02
-5.598027884228073958e-02
-5.852708307931209220e-02
-5.343347460524938697e-02
-5.088667036821803435e-02
-4.833986613118668174e-02
-4.579306189415532913e-02
-5.343347460524938697e-02
-5.343347460524938697e-02
-5.598027884228073958e-02
-5.852708307931209220e-02
-5.343347460524938697e-02
-5.343347460524938697e-02
-4.579306189415532913e-02
-4.579306189415532913e-02
-5.343347460524938697e-02
-5.343347460524938697e-02
-5.852708307931209220e-02
-6.107388731634344481e-02
-5.343347460524938697e-02
-5.343347460524938697e-02
-4.324625765712397651e-02
-5.088667036821803435e-02
-5.343347460524938697e-02
-6.107388731634344481e-02
-5.852708307931209220e-02
-5.088667036821803435e-02
-5.343347460524938697e-02
-4.579306189415532913e-02
-4.833986613118668174e-02
-5.343347460524938697e-02
-5.343347460524938697e-02
-5.852708307931209220e-02
-6.107388731634344481e-02
-5.343347460524938697e-02
-4.579306189415532913e-02
-4.833986613118668174e-02
-5.088667036821803435e-02
-5.343347460524938697e-02
-5.852708307931209220e-02
-5.852708307931209220e-02
-5.343347460524938697e-02
-5.343347460524938697e-02
-5.343347460524938697e-02
-5.343347460524938697e-02
-6.107388731634344481e-02
-5.852708307931209220e-02
-5.088667036821803435e-02
-5.088667036821803435e-02
-4.833986613118668174e-02
-4.833986613118668174e-02
-5.088667036821803435e-02
-5.088667036821803435e-02
-5.598027884228073958e-02
-5.852708307931209220e-02
-5.088667036821803435e-02
-5.343347460524938697e-02
-5.343347460524938697e-02
-5.343347460524938697e-02
-5.852708307931209220e-02
-5.852708307931209220e-02
-5.088667036821803435e-02
-5.343347460524938697e-02
-5.598027884228073958e-02
-4.833986613118668174e-02
-4.833986613118668174e-02
-5.343347460524938697e-02
-5.852708307931209220e-02
-6.107388731634344481e-02
-5.088667036821803435e-02
-5.343347460524938697e-02
-4.833986613118668174e-02
-5.343347460524938697e-02
-5.343347460524938697e-02
-5.852708307931209220e-02
-5.852708307931209220e-02
-5.343347460524938697e-02
-4.579306189415532913e-02
-4.833986613118668174e-02
-4.833986613118668174e-02
-5.088667036821803435e-02
-5.852708307931209220e-02
-6.107388731634344481e-02
-5.343347460524938697e-02
-5.088667036821803435e-02
-4.579306189415532913e-02
-4.833986613118668174e-02
-4.579306189415532913e-02
-5.343347460524938697e-02
-5.343347460524938697e-02
-5.852708307931209220e-02
-5.343347460524938697e-02
-5.343347460524938697e-02
-4.579306189415532913e-02
-4.579306189415532913e-02
-5.088667036821803435e-02
-5.343347460524938697e-02
-5.852708307931209220e-02
-5.852708307931209220e-02
-5.343347460524938697e-02
-4.833986613118668174e-02
-4.833986613118668174e-02
-5.343347460524938697e-02
-5.088667036821803435e-02
-6.107388731634344481e-02
-5.088667036821803435e-02
-5.343347460524938697e-02
-4.579306189415532913e-02
-4.833986613118668174e-02
-5.088667036821803435e-02
-5.343347460524938697e-02
-5.852708307931209220e-02
-5.088667036821803435e-02
-5.343347460524938697e-02
-4.579306189415532913e-02
-4.833986613118668174e-02
-5.088667036821803435e-02
-5.598027884228073958e-02
-5.343347460524938697e-02
-5.343347460524938697e-02
-5.343347460524938697e-02
-4.579306189415532913e-02
-4.833986613118668174e-02
-5.343347460524938697e-02
-6.107388731634344481e-02
-5.852708307931209220e-02
-5.343347460524938697e-02
-5.343347460524938697e-02
-4.579306189415532913e-02
-4.579306189415532913e-02
-5.088667036821803435e-02
-5.852708307931209220e-02
-5.852708307931209220e-02
-5.088667036821803435e-02
-5.343347460524938697e-02
-4.833986613118668174e-02
-4.833986613118668174e-02
-5.088667036821803435e-02
-5.088667036821803435e-02
-5.852708307931209220e-02
-5.088667036821803435e-02
-5.343347460524938697e-02
-4.579306189415532913e-02
-4.833986613118668174e-02
-5.088667036821803435e-02
-5.852708307931209220e-02
-5.852708307931209220e-02
-5.088667036821803435e-02
-5.088667036821803435e-02
-4.579306189415532913e-02
-4.579306189415532913e-02
-5.343347460524938697e-02
-6.107388731634344481e-02
-5.598027884228073958e-02
-5.343347460524938697e-02
-5.088667036821803435e-02
-4.579306189415532913e-02
-4.579306189415532913e-02
-5.088667036821803435e-02
-5.852708307931209220e-02
-5.852708307931209220e-02
-5.343347460524938697e-02
-5.088667036821803435e-02
-4.579306189415532913e-02
-5.088667036821803435e-02
-5.343347460524938697e-02
-5.852708307931209220e-02
-6.107388731634344481e-02
-5.088667036821803435e-02
-5.343347460524938697e-02
-4.579306189415532913e-02
-5.598027884228073958e-02
-5.088667036821803435e-02
-5.852708307931209220e-02
-5.852708307931209220e-02
-5.343347460524938697e-02
-5.343347460524938697e-02
-4.833986613118668174e-02
-4.579306189415532913e-02
-5.088667036821803435e-02
-5.088667036821803435e-02
-5.852708307931209220e-02
-5.343347460524938697e-02
-5.343347460524938697e-02
-5.088667036821803435e-02
-4.579306189415532913e-02
-5.343347460524938697e-02
-5.088667036821803435e-02
-5.852708307931209220e-02
-5.852708307931209220e-02
-5.343347460524938697e-02
-5.088667036821803435e-02
-4.579306189415532913e-02
-5.343347460524938697e-02
-5.343347460524938697e-02
-5.852708307931209220e-02
-5.852708307931209220e-02
-5.852708307931209220e-02
-5.343347460524938697e-02
-5.343347460524938697e-02
-4.579306189415532913e-02
-4.833986613118668174e-02
-5.088667036821803435e-02
-5.343347460524938697e-02
-5.852708307931209220e-02
-5.088667036821803435e-02
-5.088667036821803435e-02
-4.833986613118668174e-02
-4.833986613118668174e-02
-5.088667036821803435e-02
-5.852708307931209220e-02
-5.852708307931209220e-02
-5.343347460524938697e-02
-5.088667036821803435e-02
-4.833986613118668174e-02
-4.833986613118668174e-02
-5.088667036821803435e-02
-5.852708307931209220e-02
-5.852708307931209220e-02
-5.343347460524938697e-02
-5.088667036821803435e-02
-5.343347460524938697e-02
-4.833986613118668174e-02
-5.343347460524938697e-02
-5.852708307931209220e-02
-5.852708307931209220e-02
-5.343347460524938697e-02
-5.088667036821803435e-02
-4.579306189415532913e-02
-4.579306189415532913e-02
-5.088667036821803435e-02
-5.852708307931209220e-02
-6.107388731634344481e-02
-5.343347460524938697e-02
-5.088667036821803435e-02
-4.579306189415532913e-02
-4.579306189415532913e-02
-5.343347460524938697e-02
-5.088667036821803435e-02
-5.852708307931209220e-02
-5.088667036821803435e-02
-5.088667036821803435e-02
-4.833986613118668174e-02
-4.579306189415532913e-02
-5.343347460524938697e-02
-5.088667036821803435e-02
-5.852708307931209220e-02
-6.107388731634344481e-02
-5.088667036821803435e-02
-5.343347460524938697e-02
-4.579306189415532913e-02
-4.579306189415532913e-02
-5.088667036821803435e-02
-5.343347460524938697e-02
-5.852708307931209220e-02
-5.088667036821803435e-02
-4.833986613118668174e-02
-4.579306189415532913e-02
-5.343347460524938697e-02
-5.343347460524938697e-02
-5.852708307931209220e-02
-5.852708307931209220e-02
-5.343347460524938697e-02
-4.833986613118668174e-02
-4.579306189415532913e-02
-5.343347460524938697e-02
-5.088667036821803435e-02
-6.107388731634344481e-02
-5.598027884228073958e-02
-5.343347460524938697e-02
-5.088667036821803435e-02
-4.579306189415532913e-02
-4.833986613118668174e-02
-5.088667036821803435e-02
-5.343347460524938697e-02
-5.852708307931209220e-02
-5.088667036821803435e-02
-5.343347460524938697e-02
-5.088667036821803435e-02
-4.833986613118668174e-02
-5.088667036821803435e-02
-5.343347460524938697e-02
-5.852708307931209220e-02
-5.852708307931209220e-02
-5.343347460524938697e-02
-4.579306189415532913e-02
-4.833986613118668174e-02
-5.088667036821803435e-02
-5.088667036821803435e-02
-5.852708307931209220e-02
-6.107388731634344481e-02
-5.343347460524938697e-02
-5.343347460524938697e-02
-4.579306189415532913e-02
-5.343347460524938697e-02
-5.343347460524938697e-02
-5.852708307931209220e-02
-6.107388731634344481e-02
-5.343347460524938697e-02
-4.833986613118668174e-02
-4.579306189415532913e-02
-5.343347460524938697e-02
-5.852708307931209220e-02
-5.852708307931209220e-02
-5.088667036821803435e-02
-5.088667036821803435e-02
-4.579306189415532913e-02
-4.833986613118668174e-02
-5.088667036821803435e-02
-5.343347460524938697e-02
-5.852708307931209220e-02
-6.107388731634344481e-02
-5.343347460524938697e-02
-4.833986613118668174e-02
-4.579306189415532913e-02
-5.343347460524938697e-02
-5.088667036821803435e-02
-6.107388731634344481e-02
-5.598027884228073958e-02
-5.343347460524938697e-02
-5.088667036821803435e-02
-4.579306189415532913e-02
-5.343347460524938697e-02
-5.343347460524938697e-02
-5.852708307931209220e-02
-5.852708307931209220e-02
-5.852708307931209220e-02
-5.343347460524938697e-02
-5.088667036821803435e-02
-4.579306189415532913e-02
-4.579306189415532913e-02
-5.088667036821803435e-02
-5.852708307931209220e-02
-5.088667036821803435e-02
-5.343347460524938697e-02
-5.088667036821803435e-02
-4.833986613118668174e-02
-5.088667036821803435e-02
-5.088667036821803435e-02
-6.107388731634344481e-02
-6.107388731634344481e-02
-5.852708307931209220e-02
-5.088667036821803435e-02
-4.579306189415532913e-02
-4.579306189415532913e-02
-5.343347460524938697e-02
-5.343347460524938697e-02
-5.598027884228073958e-02
-5.852708307931209220e-02
-5.343347460524938697e-02
-4.579306189415532913e-02
-4.579306189415532913e-02
-5.088667036821803435e-02
-6.107388731634344481e-02
-5.343347460524938697e-02
-5.088667036821803435e-02
-5.343347460524938697e-02
-4.579306189415532913e-02
-5.343347460524938697e-02
-5.852708307931209220e-02
-5.852708307931209220e-02
-5.852708307931209220e-02
-5.088667036821803435e-02
-4.833986613118668174e-02
-4.579306189415532913e-02
-4.579306189415532913e-02
-5.088667036821803435e-02
-5.598027884228073958e-02
-5.598027884228073958e-02
-5.343347460524938697e-02
-5.343347460524938697e-02
-4.579306189415532913e-02
-4.579306189415532913e-02
-5.088667036821803435e-02
-5.343347460524938697e-02
-5.852708307931209220e-02
-5.088667036821803435e-02
-5.088667036821803435e-02
-4.833986613118668174e-02
-4.579306189415532913e-02
-5.088667036821803435e-02
-6.107388731634344481e-02
-5.598027884228073958e-02
-5.343347460524938697e-02
-4.833986613118668174e-02
-4.833986613118668174e-02
-5.088667036821803435e-02
-5.343347460524938697e-02
-5.343347460524938697e-02
-5.852708307931209220e-02
-5.088667036821803435e-02
-5.088667036821803435e-02
-4.579306189415532913e-02
-4.579306189415532913e-02
-5.088667036821803435e-02
-5.088667036821803435e-02
-5.852708307931209220e-02
-5.088667036821803435e-02
-5.343347460524938697e-02
-4.579306189415532913e-02
-4.833986613118668174e-02
-5.343347460524938697e-02
-5.343347460524938697e-02
-5.852708307931209220e-02
-5.343347460524938697e-02
-5.343347460524938697e-02
-4.579306189415532913e-02
-4.833986613118668174e-02
-5.343347460524938697e-02
-5.343347460524938697e-02
-5.852708307931209220e-02
-5.852708307931209220e-02
-5.088667036821803435e-02
-4.833986613118668174e-02
-4.579306189415532913e-02
-5.088667036821803435e-02
-5.343347460524938697e-02
-5.598027884228073958e-02
-5.852708307931209220e-02
-5.343347460524938697e-02
-5.088667036821803435e-02
-4.833986613118668174e-02
-5.343347460524938697e-02
-5.343347460524938697e-02
-5.598027884228073958e-02
-5.343347460524938697e-02
-5.088667036821803435e-02
-4.833986613118668174e-02
-5.343347460524938697e-02
-5.088667036821803435e-02
-5.343347460524938697e-02
-5.852708307931209220e-02
-5.852708307931209220e-02
-5.088667036821803435e-02
-5.343347460524938697e-02
-4.579306189415532913e-02
-4.579306189415532913e-02
-6.107388731634344481e-02
-5.598027884228073958e-02
-5.852708307931209220e-02
-5.088667036821803435e-02
-5.343347460524938697e-02
-4.579306189415532913e-02
-5.343347460524938697e-02
-5.088667036821803435e-02
-6.107388731634344481e-02
-5.598027884228073958e-02
-5.852708307931209220e-02
-5.343347460524938697e-02
-5.343347460524938697e-02
-4.833986613118668174e-02
-5.088667036821803435e-02
-5.343347460524938697e-02
-5.852708307931209220e-02
-6.107388731634344481e-02
-5.088667036821803435e-02
-5.088667036821803435e-02
-4.579306189415532913e-02
-4.833986613118668174e-02
-5.088667036821803435e-02
-6.107388731634344481e-02
-5.343347460524938697e-02
-5.343347460524938697e-02
-4.833986613118668174e-02
-4.579306189415532913e-02
-5.343347460524938697e-02
-5.088667036821803435e-02
-5.852708307931209220e-02
-5.598027884228073958e-02
-5.852708307931209220e-02
-5.088667036821803435e-02
-4.833986613118668174e-02
-4.579306189415532913e-02
-5.343347460524938697e-02
-5.343347460524938697e-02
-5.852708307931209220e-02
-5.852708307931209220e-02
-5.343347460524938697e-02
-5.343347460524938697e-02
-4.579306189415532913e-02
-5.343347460524938697e-02
-5.343347460524938697e-02
-6.107388731634344481e-02
-5.852708307931209220e-02
-5.343347460524938697e-02
-5.343347460524938697e-02
-4.579306189415532913e-02
-4.833986613118668174e-02
-5.343347460524938697e-02
-5.852708307931209220e-02
-5.852708307931209220e-02
-5.343347460524938697e-02
-5.343347460524938697e-02
-4.579306189415532913e-02
-5.343347460524938697e-02
-5.088667036821803435e-02
-5.343347460524938697e-02
-5.852708307931209220e-02
-5.852708307931209220e-02
-5.088667036821803435e-02
-4.579306189415532913e-02
-4.579306189415532913e-02
-5.343347460524938697e-02
-5.343347460524938697e-02
-5.852708307931209220e-02
-5.852708307931209220e-02
-5.343347460524938697e-02
-5.088667036821803435e-02
-4.324625765712397651e-02
-5.088667036821803435e-02
-5.088667036821803435e-02
-5.598027884228073958e-02
-5.088667036821803435e-02
-5.343347460524938697e-02
-4.833986613118668174e-02
-4.833986613118668174e-02
-5.088667036821803435e-02
-5.343347460524938697e-02
-5.852708307931209220e-02
-5.852708307931209220e-02
-5.343347460524938697e-02
-5.088667036821803435e-02
-4.579306189415532913e-02
-4.579306189415532913e-02
-5.088667036821803435e-02
-5.852708307931209220e-02
-5.088667036821803435e-02
-5.343347460524938697e-02
-4.579306189415532913e-02
-4.833986613118668174e-02
-5.088667036821803435e-02
-5.343347460524938697e-02
-5.852708307931209220e-02
-5.852708307931209220e-02
-5.343347460524938697e-02
-5.343347460524938697e-02
-4.833986613118668174e-02
-4.579306189415532913e-02
-5.343347460524938697e-02
-6.107388731634344481e-02
-5.852708307931209220e-02
-5.343347460524938697e-02
-5.088667036821803435e-02
-4.833986613118668174e-02
-4.833986613118668174e-02
-5.343347460524938697e-02
-5.088667036821803435e-02
-5.852708307931209220e-02
-5.343347460524938697e-02
-5.343347460524938697e-02
-4.579306189415532913e-02
-4.833986613118668174e-02
-5.343347460524938697e-02
-6.107388731634344481e-02
-5.852708307931209220e-02
-5.088667036821803435e-02
-5.343347460524938697e-02
-4.579306189415532913e-02
-4.579306189415532913e-02
-5.343347460524938697e-02
-5.343347460524938697e-02
-5.852708307931209220e-02
-5.852708307931209220e-02
-5.088667036821803435e-02
-5.343347460524938697e-02
-5.343347460524938697e-02
-5.343347460524938697e-02
-5.343347460524938697e-02
-6.107388731634344481e-02
-5.343347460524938697e-02
-5.343347460524938697e-02
-5.343347460524938697e-02
-4.579306189415532913e-02
-5.088667036821803435e-02
-5.343347460524938697e-02
-6.107388731634344481e-02
-5.852708307931209220e-02
-5.088667036821803435e-02
-5.088667036821803435e-02
-4.579306189415532913e-02
-5.598027884228073958e-02
-5.343347460524938697e-02
-6.107388731634344481e-02
-5.852708307931209220e-02
-5.343347460524938697e-02
-5.343347460524938697e-02
-4.833986613118668174e-02
-4.579306189415532913e-02
-5.088667036821803435e-02
-5.852708307931209220e-02
-5.852708307931209220e-02
-5.852708307931209220e-02
-5.343347460524938697e-02
-5.088667036821803435e-02
-4.833986613118668174e-02
-5.598027884228073958e-02
-5.088667036821803435e-02
-5.852708307931209220e-02
-5.598027884228073958e-02
-5.088667036821803435e-02
-4.833986613118668174e-02
-4.579306189415532913e-02
-5.343347460524938697e-02
-5.088667036821803435e-02
-6.107388731634344481e-02
-5.852708307931209220e-02
-5.343347460524938697e-02
-5.343347460524938697e-02
-4.833986613118668174e-02
-5.088667036821803435e-02
-5.343347460524938697e-02
-5.852708307931209220e-02
-5.852708307931209220e-02
-5.343347460524938697e-02
-5.343347460524938697e-02
-4.579306189415532913e-02
-4.833986613118668174e-02
-4.579306189415532913e-02
-5.343347460524938697e-02
-5.343347460524938697e-02
-6.107388731634344481e-02
-5.343347460524938697e-02
-5.088667036821803435e-02
-4.579306189415532913e-02
-5.088667036821803435e-02
-5.343347460524938697e-02
-5.343347460524938697e-02
-6.107388731634344481e-02
-5.088667036821803435e-02
-5.343347460524938697e-02
-4.833986613118668174e-02
-5.343347460524938697e-02
-5.343347460524938697e-02
-6.107388731634344481e-02
-5.852708307931209220e-02
-5.343347460524938697e-02
-5.343347460524938697e-02
-4.833986613118668174e-02
-4.579306189415532913e-02
-5.343347460524938697e-02
-5.852708307931209220e-02
-5.852708307931209220e-02
-5.343347460524938697e-02
-5.088667036821803435e-02
-5.088667036821803435e-02
-4.579306189415532913e-02
-5.343347460524938697e-02
-5.852708307931209220e-02
-6.107388731634344481e-02
-5.598027884228073958e-02
-5.343347460524938697e-02
-4.579306189415532913e-02
-4.833986613118668174e-02
-5.343347460524938697e-02
-5.343347460524938697e-02
-5.852708307931209220e-02
-6.107388731634344481e-02
-5.852708307931209220e-02
-5.343347460524938697e-02
-4.579306189415532913e-02
-4.579306189415532913e-02
-5.343347460524938697e-02
-5.088667036821803435e-02
-5.852708307931209220e-02
-5.598027884228073958e-02
-5.343347460524938697e-02
-5.343347460524938697e-02
-4.579306189415532913e-02
-4.579306189415532913e-02
-5.088667036821803435e-02
-5.088667036821803435e-02
-6.107388731634344481e-02
-5.852708307931209220e-02
-5.343347460524938697e-02
-5.088667036821803435e-02
-4.579306189415532913e-02
-4.579306189415532913e-02
-5.088667036821803435e-02
-6.107388731634344481e-02
-5.852708307931209220e-02
-5.343347460524938697e-02
-5.343347460524938697e-02
-5.088667036821803435e-02
-4.833986613118668174e-02
-5.343347460524938697e-02
-6.107388731634344481e-02
-6.107388731634344481e-02
-5.343347460524938697e-02
-5.343347460524938697e-02
-4.579306189415532913e-02
-4.579306189415532913e-02
-5.088667036821803435e-02
-5.852708307931209220e-02
-5.852708307931209220e-02
-5.343347460524938697e-02
-5.088667036821803435e-02
-4.833986613118668174e-02
-4.579306189415532913e-02
-5.343347460524938697e-02
-5.088667036821803435e-02
-6.107388731634344481e-02
-5.088667036821803435e-02
-5.598027884228073958e-02
-4.579306189415532913e-02
-4.833986613118668174e-02
-4.579306189415532913e-02
-5.343347460524938697e-02
-6.107388731634344481e-02
-6.107388731634344481e-02
-5.343347460524938697e-02
-5.343347460524938697e-02
-4.833986613118668174e-02
-4.579306189415532913e-02
-5.343347460524938697e-02
-5.852708307931209220e-02
-5.852708307931209220e-02
-5.088667036821803435e-02
-5.343347460524938697e-02
-5.088667036821803435e-02
-4.579306189415532913e-02
-5.343347460524938697e-02
-5.088667036821803435e-02
-6.107388731634344481e-02
-6.107388731634344481e-02
-5.343347460524938697e-02
-5.088667036821803435e-02
-4.833986613118668174e-02
-4.833986613118668174e-02
-5.088667036821803435e-02
-5.343347460524938697e-02
-5.852708307931209220e-02
-5.088667036821803435e-02
-4.579306189415532913e-02
-4.579306189415532913e-02
-4.579306189415532913e-02
-5.343347460524938697e-02
-5.088667036821803435e-02
-5.852708307931209220e-02
-5.852708307931209220e-02
-5.088667036821803435e-02
-5.343347460524938697e-02
-4.579306189415532913e-02
-4.579306189415532913e-02
-5.088667036821803435e-02
-6.107388731634344481e-02
-5.852708307931209220e-02
-5.343347460524938697e-02
-5.088667036821803435e-02
-5.088667036821803435e-02
-4.833986613118668174e-02
-5.343347460524938697e-02
-5.343347460524938697e-02
-6.107388731634344481e-02
-5.343347460524938697e-02
-4.833986613118668174e-02
-4.579306189415532913e-02
-4.579306189415532913e-02
-5.343347460524938697e-02
-5.852708307931209220e-02
-5.852708307931209220e-02
-5.343347460524938697e-02
-5.343347460524938697e-02
-5.088667036821803435e-02
-4.579306189415532913e-02
-5.343347460524938697e-02
-5.088667036821803435e-02
-5.852708307931209220e-02
-6.107388731634344481e-02
-5.343347460524938697e-02
-5.088667036821803435e-02
-4.833986613118668174e-02
-4.579306189415532913e-02
-5.088667036821803435e-02
-5.343347460524938697e-02
-6.107388731634344481e-02
-6.107388731634344481e-02
-5.088667036821803435e-02
-5.088667036821803435e-02
-4.833986613118668174e-02
-5.343347460524938697e-02
-5.343347460524938697e-02
-6.107388731634344481e-02
-5.852708307931209220e-02
-5.343347460524938697e-02
-5.343347460524938697e-02
-4.833986613118668174e-02
-4.833986613118668174e-02
-6.107388731634344481e-02
-6.107388731634344481e-02
-5.598027884228073958e-02
-5.598027884228073958e-02
-4.579306189415532913e-02
-4.833986613118668174e-02
-5.343347460524938697e-02
-6.107388731634344481e-02
-5.343347460524938697e-02
-5.852708307931209220e-02
-5.343347460524938697e-02
-5.343347460524938697e-02
-4.833986613118668174e-02
-5.343347460524938697e-02
-5.088667036821803435e-02
-5.343347460524938697e-02
-5.598027884228073958e-02
-5.343347460524938697e-02
-5.088667036821803435e-02
-4.579306189415532913e-02
-5.343347460524938697e-02
-5.343347460524938697e-02
-6.107388731634344481e-02
-6.107388731634344481e-02
-5.088667036821803435e-02
-5.598027884228073958e-02
-4.579306189415532913e-02
-5.343347460524938697e-02
-5.343347460524938697e-02
-5.852708307931209220e-02
-5.852708307931209220e-02
-5.343347460524938697e-02
-5.343347460524938697e-02
-4.579306189415532913e-02
-4.833986613118668174e-02
-5.343347460524938697e-02
-5.088667036821803435e-02
-6.107388731634344481e-02
-5.343347460524938697e-02
-5.343347460524938697e-02
-4.833986613118668174e-02
-4.833986613118668174e-02
-4.579306189415532913e-02
-5.343347460524938697e-02
-5.088667036821803435e-02
-5.852708307931209220e-02
-5.598027884228073958e-02
-5.343347460524938697e-02
-4.579306189415532913e-02
-5.343347460524938697e-02
-5.343347460524938697e-02
-5.852708307931209220e-02
-5.852708307931209220e-02
-5.598027884228073958e-02
-5.343347460524938697e-02
-4.579306189415532913e-02
-5.343347460524938697e-02
-5.088667036821803435e-02
-5.852708307931209220e-02
-5.852708307931209220e-02
-5.343347460524938697e-02
-5.598027884228073958e-02
-4.833986613118668174e-02
-5.343347460524938697e-02
-5.343347460524938697e-02
-5.343347460524938697e-02
-6.107388731634344481e-02
-6.107388731634344481e-02
-5.343347460524938697e-02
-4.833986613118668174e-02
-4.833986613118668174e-02
-5.343347460524938697e-02
-5.088667036821803435e-02
-6.107388731634344481e-02
-6.107388731634344481e-02
-5.343347460524938697e-02
-5.343347460524938697e-02
-4.833986613118668174e-02
-4.579306189415532913e-02
-5.343347460524938697e-02
-5.852708307931209220e-02
-6.107388731634344481e-02
-5.852708307931209220e-02
-5.343347460524938697e-02
-4.579306189415532913e-02
-4.579306189415532913e-02
-5.088667036821803435e-02
-5.088667036821803435e-02
-5.852708307931209220e-02
-5.343347460524938697e-02
-5.088667036821803435e-02
-5.343347460524938697e-02
-4.833986613118668174e-02
-4.833986613118668174e-02
-5.343347460524938697e-02
-5.343347460524938697e-02
-6.107388731634344481e-02
-6.107388731634344481e-02
-5.343347460524938697e-02
-5.343347460524938697e-02
-4.833986613118668174e-02
-4.833986613118668174e-02
-5.088667036821803435e-02
-5.088667036821803435e-02
-5.852708307931209220e-02
-5.088667036821803435e-02
-5.343347460524938697e-02
-5.088667036821803435e-02
-4.579306189415532913e-02
-5.343347460524938697e-02
-5.343347460524938697e-02
-5.852708307931209220e-02
-5.852708307931209220e-02
-5.343347460524938697e-02
-4.833986613118668174e-02
-4.833986613118668174e-02
-5.343347460524938697e-02
-5.343347460524938697e-02
-5.852708307931209220e-02
-6.107388731634344481e-02
-5.343347460524938697e-02
-4.833986613118668174e-02
-4.833986613118668174e-02
-5.088667036821803435e-02
-5.343347460524938697e-02
-6.107388731634344481e-02
-5.343347460524938697e-02
-5.343347460524938697e-02
-4.579306189415532913e-02
-5.088667036821803435e-02
-5.343347460524938697e-02
-5.343347460524938697e-02
-5.852708307931209220e-02
-5.852708307931209220e-02
-5.343347460524938697e-02
-5.343347460524938697e-02
-4.833986613118668174e-02
-4.833986613118668174e-02
-5.088667036821803435e-02
-5.343347460524938697e-02
-6.107388731634344481e-02
-5.852708307931209220e-02
-5.343347460524938697e-02
-5.343347460524938697e-02
-4.579306189415532913e-02
-4.579306189415532913e-02
-5.088667036821803435e-02
-6.107388731634344481e-02
-5.852708307931209220e-02
-5.852708307931209220e-02
-5.343347460524938697e-02
-5.088667036821803435e-02
-5.088667036821803435e-02
-5.343347460524938697e-02
-5.343347460524938697e-02
-6.107388731634344481e-02
-5.852708307931209220e-02
-5.088667036821803435e-02
-5.343347460524938697e-02
-4.833986613118668174e-02
-4.579306189415532913e-02
-5.343347460524938697e-02
-5.598027884228073958e-02
-5.598027884228073958e-02
-5.343347460524938697e-02
-5.343347460524938697e-02
-4.833986613118668174e-02
-4.579306189415532913e-02
-5.088667036821803435e-02
-5.343347460524938697e-02
-5.598027884228073958e-02
-6.107388731634344481e-02
-5.343347460524938697e-02
-4.833986613118668174e-02
-4.833986613118668174e-02
-5.088667036821803435e-02
-5.343347460524938697e-02
-5.852708307931209220e-02
-5.852708307931209220e-02
-5.088667036821803435e-02
-5.598027884228073958e-02
-4.579306189415532913e-02
-4.833986613118668174e-02
-5.343347460524938697e-02
-5.088667036821803435e-02
-5.343347460524938697e-02
-6.107388731634344481e-02
-5.852708307931209220e-02
-4.833986613118668174e-02
-4.579306189415532913e-02
-5.088667036821803435e-02
-5.343347460524938697e-02
-5.852708307931209220e-02
-5.852708307931209220e-02
-5.852708307931209220e-02
-5.343347460524938697e-02
-5.598027884228073958e-02
-4.833986613118668174e-02
-4.579306189415532913e-02
-5.343347460524938697e-02
-5.343347460524938697e-02
-5.852708307931209220e-02
-5.852708307931209220e-02
-5.343347460524938697e-02
-5.343347460524938697e-02
-4.833986613118668174e-02
-4.579306189415532913e-02
-5.343347460524938697e-02
-5.852708307931209220e-02
-5.088667036821803435e-02
-5.343347460524938697e-02
-5.343347460524938697e-02
-4.833986613118668174e-02
-4.579306189415532913e-02
-5.343347460524938697e-02
-5.343347460524938697e-02
-5.852708307931209220e-02
-6.107388731634344481e-02
-5.598027884228073958e-02
-5.088667036821803435e-02
-4.833986613118668174e-02
-5.343347460524938697e-02
-5.088667036821803435e-02
-6.107388731634344481e-02
-5.852708307931209220e-02
-5.343347460524938697e-02
-5.343347460524938697e-02
-4.833986613118668174e-02
-4.579306189415532913e-02
-5.343347460524938697e-02
-5.343347460524938697e-02
-5.852708307931209220e-02
-5.088667036821803435e-02
-5.088667036821803435e-02
-4.833986613118668174e-02
-4.833986613118668174e-02
-5.598027884228073958e-02
-5.343347460524938697e-02
-6.107388731634344481e-02
-5.852708307931209220e-02
-5.343347460524938697e-02
-5.088667036821803435e-02
-4.833986613118668174e-02
-5.343347460524938697e-02
-5.343347460524938697e-02
-6.107388731634344481e-02
-6.107388731634344481e-02
-5.343347460524938697e-02
-5.088667036821803435e-02
-4.833986613118668174e-02
-4.579306189415532913e-02
-5.343347460524938697e-02
-5.088667036821803435e-02
-6.107388731634344481e-02
-5.088667036821803435e-02
-4.579306189415532913e-02
-4.833986613118668174e-02
-4.833986613118668174e-02
-5.088667036821803435e-02
-5.343347460524938697e-02
-6.107388731634344481e-02
-5.852708307931209220e-02
-5.343347460524938697e-02
-5.343347460524938697e-02
-4.833986613118668174e-02
-5.088667036821803435e-02
-5.343347460524938697e-02
-5.343347460524938697e-02
-5.852708307931209220e-02
-5.088667036821803435e-02
-5.343347460524938697e-02
-5.343347460524938697e-02
-4.833986613118668174e-02
-4.579306189415532913e-02
-5.343347460524938697e-02
-5.088667036821803435e-02
-5.852708307931209220e-02
-5.343347460524938697e-02
-5.598027884228073958e-02
-5.088667036821803435e-02
-4.833986613118668174e-02
-5.343347460524938697e-02
-5.598027884228073958e-02
-5.852708307931209220e-02
-6.107388731634344481e-02
-5.343347460524938697e-02
-5.343347460524938697e-02
-4.833986613118668174e-02
-4.833986613118668174e-02
-5.343347460524938697e-02
-5.088667036821803435e-02
-6.107388731634344481e-02
-5.343347460524938697e-02
-5.088667036821803435e-02
-4.833986613118668174e-02
-5.088667036821803435e-02
-5.343347460524938697e-02
-5.343347460524938697e-02
-6.107388731634344481e-02
-5.852708307931209220e-02
-5.343347460524938697e-02
-5.343347460524938697e-02
-4.579306189415532913e-02
-5.343347460524938697e-02
-5.343347460524938697e-02
-6.107388731634344481e-02
-5.088667036821803435e-02
-5.343347460524938697e-02
-4.833986613118668174e-02
-4.833986613118668174e-02
-4.579306189415532913e-02
-5.343347460524938697e-02
-5.343347460524938697e-02
-6.107388731634344481e-02
-6.107388731634344481e-02
-5.343347460524938697e-02
-5.343347460524938697e-02
-4.833986613118668174e-02
-5.343347460524938697e-02
-5.088667036821803435e-02
-6.107388731634344481e-02
-5.852708307931209220e-02
-5.343347460524938697e-02
-5.088667036821803435e-02
-4.833986613118668174e-02
-5.343347460524938697e-02
-5.598027884228073958e-02
-6.107388731634344481e-02
-5.852708307931209220e-02
-5.598027884228073958e-02
-5.343347460524938697e-02
-4.833986613118668174e-02
-4.833986613118668174e-02
-5.343347460524938697e-02
-5.343347460524938697e-02
-6.107388731634344481e-02
-5.852708307931209220e-02
-5.343347460524938697e-02
-4.579306189415532913e-02
-5.088667036821803435e-02
-5.343347460524938697e-02
-5.343347460524938697e-02
-6.362069155337479742e-02
-6.107388731634344481e-02
-5.343347460524938697e-02
-5.343347460524938697e-02
-4.833986613118668174e-02
-4.833986613118668174e-02
-5.343347460524938697e-02
-5.088667036821803435e-02
-5.852708307931209220e-02
-5.852708307931209220e-02
-5.343347460524938697e-02
-4.833986613118668174e-02
-4.833986613118668174e-02
-5.598027884228073958e-02
-5.852708307931209220e-02
-6.107388731634344481e-02
-5.088667036821803435e-02
-5.343347460524938697e-02
-5.343347460524938697e-02
-5.088667036821803435e-02
-4.579306189415532913e-02
-5.598027884228073958e-02
-5.852708307931209220e-02
-6.107388731634344481e-02
-5.343347460524938697e-02
-5.343347460524938697e-02
-4.833986613118668174e-02
-5.598027884228073958e-02
-5.343347460524938697e-02
-6.107388731634344481e-02
-6.107388731634344481e-02
-5.343347460524938697e-02
-5.343347460524938697e-02
-4.833986613118668174e-02
-5.343347460524938697e-02
-5.343347460524938697e-02
-5.343347460524938697e-02
-6.107388731634344481e-02
-5.852708307931209220e-02
-5.343347460524938697e-02
-5.088667036821803435e-02
-4.833986613118668174e-02
-4.833986613118668174e-02
-5.343347460524938697e-02
-5.852708307931209220e-02
-6.107388731634344481e-02
-5.343347460524938697e-02
-4.579306189415532913e-02
-4.833986613118668174e-02
-4.833986613118668174e-02
-5.343347460524938697e-02
-5.343347460524938697e-02
-5.852708307931209220e-02
-6.107388731634344481e-02
-5.598027884228073958e-02
-5.343347460524938697e-02
-4.833986613118668174e-02
-4.579306189415532913e-02
-5.343347460524938697e-02
-6.107388731634344481e-02
-5.088667036821803435e-02
-5.343347460524938697e-02
-4.579306189415532913e-02
-5.088667036821803435e-02
-5.088667036821803435e-02
-5.343347460524938697e-02
-5.852708307931209220e-02
-6.107388731634344481e-02
-5.343347460524938697e-02
-5.343347460524938697e-02
-4.579306189415532913e-02
-4.833986613118668174e-02
-5.343347460524938697e-02
-5.343347460524938697e-02
-5.343347460524938697e-02
-6.107388731634344481e-02
-5.343347460524938697e-02
-5.598027884228073958e-02
-4.833986613118668174e-02
-4.833986613118668174e-02
-5.343347460524938697e-02
-5.343347460524938697e-02
-6.107388731634344481e-02
-5.088667036821803435e-02
-5.598027884228073958e-02
-4.833986613118668174e-02
-4.833986613118668174e-02
-5.343347460524938697e-02
-5.343347460524938697e-02
-6.107388731634344481e-02
-5.088667036821803435e-02
-5.598027884228073958e-02
-5.343347460524938697e-02
-4.833986613118668174e-02
-4.579306189415532913e-02
-5.343347460524938697e-02
-6.107388731634344481e-02
-6.107388731634344481e-02
-5.343347460524938697e-02
-5.343347460524938697e-02
-4.579306189415532913e-02
-5.598027884228073958e-02
-5.343347460524938697e-02
-6.107388731634344481e-02
-6.107388731634344481e-02
-5.343347460524938697e-02
-4.579306189415532913e-02
-4.833986613118668174e-02
-5.088667036821803435e-02
-5.598027884228073958e-02
-5.343347460524938697e-02
-6.107388731634344481e-02
-6.107388731634344481e-02
-5.598027884228073958e-02
-5.343347460524938697e-02
-4.833986613118668174e-02
-5.343347460524938697e-02
-5.343347460524938697e-02
-5.852708307931209220e-02
-6.107388731634344481e-02
-5.343347460524938697e-02
-5.343347460524938697e-02
-4.833986613118668174e-02
-5.088667036821803435e-02
-5.343347460524938697e-02
-6.107388731634344481e-02
-6.107388731634344481e-02
-5.343347460524938697e-02
-5.343347460524938697e-02
-5.088667036821803435e-02
-5.343347460524938697e-02
-6.107388731634344481e-02
-5.852708307931209220e-02
-5.343347460524938697e-02
-5.343347460524938697e-02
-4.579306189415532913e-02
-5.088667036821803435e-02
-5.343347460524938697e-02
-5.852708307931209220e-02
-6.107388731634344481e-02
-6.107388731634344481e-02
-5.598027884228073958e-02
-5.088667036821803435e-02
-4.579306189415532913e-02
-5.088667036821803435e-02
-5.598027884228073958e-02
-6.107388731634344481e-02
-5.088667036821803435e-02
-5.343347460524938697e-02
-4.833986613118668174e-02
-5.088667036821803435e-02
-5.343347460524938697e-02
-5.088667036821803435e-02
-5.852708307931209220e-02
-6.107388731634344481e-02
-5.343347460524938697e-02
-5.343347460524938697e-02
-4.833986613118668174e-02
-4.579306189415532913e-02
-5.343347460524938697e-02
-5.343347460524938697e-02
-5.598027884228073958e-02
-5.343347460524938697e-02
-5.343347460524938697e-02
-4.833986613118668174e-02
-5.088667036821803435e-02
-5.598027884228073958e-02
-5.343347460524938697e-02
-5.598027884228073958e-02
-5.088667036821803435e-02
-5.598027884228073958e-02
-4.833986613118668174e-02
-5.088667036821803435e-02
-5.598027884228073958e-02
-5.088667036821803435e-02
-6.107388731634344481e-02
-6.107388731634344481e-02
-5.343347460524938697e-02
-4.833986613118668174e-02
-4.833986613118668174e-02
-4.833986613118668174e-02
-5.598027884228073958e-02
-5.343347460524938697e-02
-5.852708307931209220e-02
-6.107388731634344481e-02
-5.343347460524938697e-02
-4.833986613118668174e-02
-4.579306189415532913e-02
-5.343347460524938697e-02
-5.343347460524938697e-02
-5.852708307931209220e-02
-6.107388731634344481e-02
-5.598027884228073958e-02
-4.833986613118668174e-02
-4.833986613118668174e-02
-5.343347460524938697e-02
-5.343347460524938697e-02
-5.343347460524938697e-02
-6.107388731634344481e-02
-5.343347460524938697e-02
-5.343347460524938697e-02
-4.579306189415532913e-02
-4.833986613118668174e-02
-5.343347460524938697e-02
-5.088667036821803435e-02
-6.107388731634344481e-02
-6.107388731634344481e-02
-5.598027884228073958e-02
-5.088667036821803435e-02
-5.088667036821803435e-02
-4.833986613118668174e-02
-5.343347460524938697e-02
-6.107388731634344481e-02
-6.107388731634344481e-02
-5.598027884228073958e-02
-4.833986613118668174e-02
-4.833986613118668174e-02
-5.598027884228073958e-02
-5.343347460524938697e-02
-5.852708307931209220e-02
-5.852708307931209220e-02
-5.088667036821803435e-02
-5.088667036821803435e-02
-4.579306189415532913e-02
-4.833986613118668174e-02
-5.343347460524938697e-02
-5.343347460524938697e-02
-6.107388731634344481e-02
-5.343347460524938697e-02
-5.343347460524938697e-02
-4.579306189415532913e-02
-4.833986613118668174e-02
-5.088667036821803435e-02
-5.343347460524938697e-02
-5.852708307931209220e-02
-5.852708307931209220e-02
-5.852708307931209220e-02
-5.343347460524938697e-02
-5.088667036821803435e-02
-4.833986613118668174e-02
-5.343347460524938697e-02
-5.343347460524938697e-02
-6.107388731634344481e-02
-5.852708307931209220e-02
-5.343347460524938697e-02
-5.343347460524938697e-02
-4.833986613118668174e-02
-5.343347460524938697e-02
-5.343347460524938697e-02
-5.852708307931209220e-02
-5.852708307931209220e-02
-5.088667036821803435e-02
-5.343347460524938697e-02
-4.579306189415532913e-02
-5.343347460524938697e-02
-5.343347460524938697e-02
-5.852708307931209220e-02
-5.088667036821803435e-02
-5.088667036821803435e-02
-4.579306189415532913e-02
-4.833986613118668174e-02
-4.579306189415532913e-02
-5.343347460524938697e-02
-5.343347460524938697e-02
-5.852708307931209220e-02
-5.852708307931209220e-02
-4.579306189415532913e-02
-4.579306189415532913e-02
-4.833986613118668174e-02
-5.343347460524938697e-02
-5.343347460524938697e-02
-5.852708307931209220e-02
-5.852708307931209220e-02
-5.598027884228073958e-02
-4.579306189415532913e-02
-5.088667036821803435e-02
-5.343347460524938697e-02
-5.343347460524938697e-02
-5.852708307931209220e-02
-5.852708307931209220e-02
-5.343347460524938697e-02
-5.088667036821803435e-02
-4.833986613118668174e-02
-5.343347460524938697e-02
-5.343347460524938697e-02
-5.852708307931209220e-02
-5.852708307931209220e-02
-5.088667036821803435e-02
-4.833986613118668174e-02
-4.833986613118668174e-02
-5.343347460524938697e-02
-5.343347460524938697e-02
-6.107388731634344481e-02
-5.852708307931209220e-02
-5.343347460524938697e-02
-5.088667036821803435e-02
-4.579306189415532913e-02
-5.088667036821803435e-02
-5.088667036821803435e-02
-6.107388731634344481e-02
-6.107388731634344481e-02
-5.343347460524938697e-02
-4.579306189415532913e-02
-5.088667036821803435e-02
-4.833986613118668174e-02
-5.343347460524938697e-02
-5.088667036821803435e-02
-5.852708307931209220e-02
-5.343347460524938697e-02
-5.343347460524938697e-02
-4.833986613118668174e-02
-4.579306189415532913e-02
-5.343347460524938697e-02
-5.343347460524938697e-02
-6.107388731634344481e-02
-6.107388731634344481e-02
-5.088667036821803435e-02
-4.833986613118668174e-02
-4.833986613118668174e-02
-4.833986613118668174e-02
-5.088667036821803435e-02
-5.343347460524938697e-02
-5.852708307931209220e-02
-6.107388731634344481e-02
-5.343347460524938697e-02
-5.088667036821803435e-02
-4.833986613118668174e-02
-5.088667036821803435e-02
-5.343347460524938697e-02
-5.852708307931209220e-02
-6.107388731634344481e-02
-5.343347460524938697e-02
-4.579306189415532913e-02
-5.088667036821803435e-02
-5.343347460524938697e-02
-5.343347460524938697e-02
-5.852708307931209220e-02
-6.107388731634344481e-02
-6.107388731634344481e-02
-5.343347460524938697e-02
-5.088667036821803435e-02
-4.833986613118668174e-02
-5.088667036821803435e-02
-5.088667036821803435e-02
-5.852708307931209220e-02
-6.107388731634344481e-02
-5.343347460524938697e-02
-4.579306189415532913e-02
-5.088667036821803435e-02
-5.343347460524938697e-02
-5.343347460524938697e-02
-6.107388731634344481e-02
-5.598027884228073958e-02
-5.343347460524938697e-02
-5.343347460524938697e-02
-4.833986613118668174e-02
-5.088667036821803435e-02
-5.343347460524938697e-02
-5.852708307931209220e-02
-5.852708307931209220e-02
-5.088667036821803435e-02
-5.343347460524938697e-02
-4.833986613118668174e-02
-4.833986613118668174e-02
-5.343347460524938697e-02
-5.343347460524938697e-02
-5.852708307931209220e-02
-6.107388731634344481e-02
-5.343347460524938697e-02
-4.579306189415532913e-02
-4.579306189415532913e-02
-4.833986613118668174e-02
-5.343347460524938697e-02
-5.852708307931209220e-02
-6.107388731634344481e-02
-5.343347460524938697e-02
-5.088667036821803435e-02
-4.833986613118668174e-02
-4.579306189415532913e-02
-5.343347460524938697e-02
-5.343347460524938697e-02
-5.852708307931209220e-02
-6.107388731634344481e-02
-5.343347460524938697e-02
-5.343347460524938697e-02
-4.833986613118668174e-02
-5.343347460524938697e-02
-5.852708307931209220e-02
-5.852708307931209220e-02
-6.107388731634344481e-02
-5.088667036821803435e-02
-4.833986613118668174e-02
-5.088667036821803435e-02
-5.343347460524938697e-02
-5.343347460524938697e-02
-6.107388731634344481e-02
-5.852708307931209220e-02
-5.343347460524938697e-02
-4.579306189415532913e-02
-4.579306189415532913e-02
-5.343347460524938697e-02
-5.343347460524938697e-02
-6.107388731634344481e-02
-5.852708307931209220e-02
-5.343347460524938697e-02
-5.088667036821803435e-02
-5.088667036821803435e-02
-5.343347460524938697e-02
-5.598027884228073958e-02
-5.852708307931209220e-02
-5.088667036821803435e-02
-5.088667036821803435e-02
-5.343347460524938697e-02
-4.579306189415532913e-02
-4.579306189415532913e-02
-5.343347460524938697e-02
-5.343347460524938697e-02
-6.107388731634344481e-02
-5.852708307931209220e-02
-5.343347460524938697e-02
-5.343347460524938697e-02
-4.833986613118668174e-02
-5.343347460524938697e-02
-5.343347460524938697e-02
-5.852708307931209220e-02
-5.343347460524938697e-02
-5.343347460524938697e-02
-5.343347460524938697e-02
-4.579306189415532913e-02
-4.833986613118668174e-02
-5.343347460524938697e-02
-5.343347460524938697e-02
-5.852708307931209220e-02
-5.852708307931209220e-02
-5.343347460524938697e-02
-4.833986613118668174e-02
-4.833986613118668174e-02
-5.343347460524938697e-02
-5.852708307931209220e-02
-6.107388731634344481e-02
-5.088667036821803435e-02
-5.343347460524938697e-02
-4.579306189415532913e-02
-4.833986613118668174e-02
-5.343347460524938697e-02
-5.343347460524938697e-02
-5.852708307931209220e-02
-5.343347460524938697e-02
-5.343347460524938697e-02
-4.833986613118668174e-02
-4.579306189415532913e-02
-5.343347460524938697e-02
-5.343347460524938697e-02
-5.852708307931209220e-02
-6.107388731634344481e-02
-5.598027884228073958e-02
-5.343347460524938697e-02
-5.088667036821803435e-02
-4.833986613118668174e-02
-5.343347460524938697e-02
-5.088667036821803435e-02
-5.598027884228073958e-02
-5.343347460524938697e-02
-5.343347460524938697e-02
-4.833986613118668174e-02
-4.579306189415532913e-02
-5.343347460524938697e-02
-5.088667036821803435e-02
-5.852708307931209220e-02
-5.343347460524938697e-02
-5.343347460524938697e-02
-4.833986613118668174e-02
-4.833986613118668174e-02
-5.343347460524938697e-02
-5.088667036821803435e-02
-5.852708307931209220e-02
-5.852708307931209220e-02
-5.598027884228073958e-02
-4.579306189415532913e-02
-4.833986613118668174e-02
-5.343347460524938697e-02
-6.107388731634344481e-02
-6.107388731634344481e-02
-6.107388731634344481e-02
-5.088667036821803435e-02
-5.343347460524938697e-02
-4.579306189415532913e-02
-4.833986613118668174e-02
-5.343347460524938697e-02
-5.343347460524938697e-02
-6.107388731634344481e-02
-6.107388731634344481e-02
-5.343347460524938697e-02
-5.343347460524938697e-02
-4.833986613118668174e-02
-4.833986613118668174e-02
-5.343347460524938697e-02
-5.343347460524938697e-02
-5.852708307931209220e-02
-5.852708307931209220e-02
-5.598027884228073958e-02
-5.343347460524938697e-02
-4.579306189415532913e-02
-4.579306189415532913e-02
-5.088667036821803435e-02
-6.107388731634344481e-02
-5.852708307931209220e-02
-5.343347460524938697e-02
-5.343347460524938697e-02
-4.579306189415532913e-02
-4.579306189415532913e-02
-5.343347460524938697e-02
-5.343347460524938697e-02
-5.852708307931209220e-02
-5.852708307931209220e-02
-5.343347460524938697e-02
-5.598027884228073958e-02
-4.579306189415532913e-02
-5.088667036821803435e-02
-5.343347460524938697e-02
-5.852708307931209220e-02
-5.598027884228073958e-02
-5.343347460524938697e-02
-4.579306189415532913e-02
-4.833986613118668174e-02
-5.088667036821803435e-02
-5.343347460524938697e-02
-5.852708307931209220e-02
-5.852708307931209220e-02
-5.088667036821803435e-02
-5.343347460524938697e-02
-4.579306189415532913e-02
-4.579306189415532913e-02
-5.088667036821803435e-02
-5.852708307931209220e-02
-5.343347460524938697e-02
-5.852708307931209220e-02
-5.088667036821803435e-02
-5.088667036821803435e-02
-4.833986613118668174e-02
-4.833986613118668174e-02
-5.088667036821803435e-02
-5.088667036821803435e-02
-6.107388731634344481e-02
-5.852708307931209220e-02
-5.343347460524938697e-02
-5.343347460524938697e-02
-4.579306189415532913e-02
-4.833986613118668174e-02
-5.343347460524938697e-02
-5.343347460524938697e-02
-5.852708307931209220e-02
-5.088667036821803435e-02
-5.343347460524938697e-02
-4.833986613118668174e-02
-4.579306189415532913e-02
-5.343347460524938697e-02
-5.088667036821803435e-02
-6.107388731634344481e-02
-5.343347460524938697e-02
-4.833986613118668174e-02
-5.088667036821803435e-02
-4.579306189415532913e-02
-5.343347460524938697e-02
-5.343347460524938697e-02
-5.852708307931209220e-02
-6.107388731634344481e-02
-5.343347460524938697e-02
-5.088667036821803435e-02
-4.579306189415532913e-02
-5.343347460524938697e-02
-5.598027884228073958e-02
-6.107388731634344481e-02
-6.107388731634344481e-02
-5.343347460524938697e-02
-5.343347460524938697e-02
-4.579306189415532913e-02
-4.579306189415532913e-02
-5.088667036821803435e-02
-5.598027884228073958e-02
-5.852708307931209220e-02
-6.107388731634344481e-02
-5.088667036821803435e-02
-4.579306189415532913e-02
-5.088667036821803435e-02
-4.833986613118668174e-02
-5.343347460524938697e-02
-5.852708307931209220e-02
-5.852708307931209220e-02
-5.343347460524938697e-02
-5.343347460524938697e-02
-4.579306189415532913e-02
-4.579306189415532913e-02
-5.343347460524938697e-02
-5.343347460524938697e-02
-6.107388731634344481e-02
-5.852708307931209220e-02
-5.343347460524938697e-02
-5.343347460524938697e-02
-4.579306189415532913e-02
-5.088667036821803435e-02
-5.343347460524938697e-02
-5.088667036821803435e-02
-5.852708307931209220e-02
-5.852708307931209220e-02
-5.088667036821803435e-02
-5.343347460524938697e-02
-4.579306189415532913e-02
-4.579306189415532913e-02
-5.343347460524938697e-02
-5.088667036821803435e-02
-5.852708307931209220e-02
-5.852708307931209220e-02
-5.343347460524938697e-02
-5.088667036821803435e-02
-4.833986613118668174e-02
-5.343347460524938697e-02
-5.088667036821803435e-02
-5.852708307931209220e-02
-6.107388731634344481e-02
-5.088667036821803435e-02
-5.343347460524938697e-02
-4.833986613118668174e-02
-4.579306189415532913e-02
-5.088667036821803435e-02
-5.343347460524938697e-02
-6.107388731634344481e-02
-5.343347460524938697e-02
-5.343347460524938697e-02
-4.579306189415532913e-02
-4.579306189415532913e-02
-5.343347460524938697e-02
-5.343347460524938697e-02
-5.852708307931209220e-02
-5.852708307931209220e-02
-5.343347460524938697e-02
-4.833986613118668174e-02
-4.579306189415532913e-02
-5.343347460524938697e-02
-5.088667036821803435e-02
-6.107388731634344481e-02
-6.107388731634344481e-02
-5.598027884228073958e-02
-5.088667036821803435e-02
-4.833986613118668174e-02
-5.088667036821803435e-02
-5.343347460524938697e-02
-6.107388731634344481e-02
-6.107388731634344481e-02
-5.088667036821803435e-02
-5.343347460524938697e-02
-4.579306189415532913e-02
-4.833986613118668174e-02
-5.343347460524938697e-02
-5.088667036821803435e-02
-5.852708307931209220e-02
-5.852708307931209220e-02
-5.088667036821803435e-02
-4.833986613118668174e-02
-4.579306189415532913e-02
-5.088667036821803435e-02
-5.343347460524938697e-02
-6.107388731634344481e-02
-5.852708307931209220e-02
-5.343347460524938697e-02
-5.088667036821803435e-02
-4.579306189415532913e-02
-4.833986613118668174e-02
-5.088667036821803435e-02
-5.088667036821803435e-02
-5.852708307931209220e-02
-6.107388731634344481e-02
-5.343347460524938697e-02
-5.088667036821803435e-02
-4.579306189415532913e-02
-4.833986613118668174e-02
-5.343347460524938697e-02
-5.852708307931209220e-02
-5.852708307931209220e-02
-5.852708307931209220e-02
-5.343347460524938697e-02
-5.343347460524938697e-02
-4.579306189415532913e-02
-5.088667036821803435e-02
-5.343347460524938697e-02
-6.107388731634344481e-02
-5.852708307931209220e-02
-5.598027884228073958e-02
-5.343347460524938697e-02
-5.343347460524938697e-02
-4.579306189415532913e-02
-4.579306189415532913e-02
-5.343347460524938697e-02
-5.343347460524938697e-02
-5.852708307931209220e-02
-5.852708307931209220e-02
-5.088667036821803435e-02
-5.088667036821803435e-02
-4.579306189415532913e-02
-5.343347460524938697e-02
-5.343347460524938697e-02
-5.852708307931209220e-02
-5.852708307931209220e-02
-5.343347460524938697e-02
-5.088667036821803435e-02
-4.579306189415532913e-02
-5.088667036821803435e-02
-5.343347460524938697e-02
-5.852708307931209220e-02
-5.598027884228073958e-02
-5.343347460524938697e-02
-4.579306189415532913e-02
-5.088667036821803435e-02
-5.343347460524938697e-02
-5.343347460524938697e-02
-5.852708307931209220e-02
-6.107388731634344481e-02
-5.343347460524938697e-02
-5.343347460524938697e-02
-5.088667036821803435e-02
-4.833986613118668174e-02
-5.088667036821803435e-02
-5.343347460524938697e-02
-5.852708307931209220e-02
-6.107388731634344481e-02
-5.343347460524938697e-02
-5.343347460524938697e-02
-4.833986613118668174e-02
-5.088667036821803435e-02
-5.088667036821803435e-02
-5.852708307931209220e-02
-5.852708307931209220e-02
-5.343347460524938697e-02
-4.579306189415532913e-02
-4.579306189415532913e-02
-5.343347460524938697e-02
-5.343347460524938697e-02
-5.852708307931209220e-02
-5.852708307931209220e-02
-5.343347460524938697e-02
-5.343347460524938697e-02
-4.579306189415532913e-02
-4.579306189415532913e-02
-5.088667036821803435e-02
-6.107388731634344481e-02
-6.107388731634344481e-02
-5.088667036821803435e-02
-5.343347460524938697e-02
-4.833986613118668174e-02
-4.579306189415532913e-02
-5.088667036821803435e-02
-5.343347460524938697e-02
-6.107388731634344481e-02
-6.107388731634344481e-02
-5.088667036821803435e-02
-4.833986613118668174e-02
-4.579306189415532913e-02
-5.343347460524938697e-02
-5.088667036821803435e-02
-5.088667036821803435e-02
-5.852708307931209220e-02
-6.107388731634344481e-02
-5.088667036821803435e-02
-5.343347460524938697e-02
-4.579306189415532913e-02
-4.579306189415532913e-02
-5.088667036821803435e-02
-5.343347460524938697e-02
-5.852708307931209220e-02
-5.852708307931209220e-02
-5.088667036821803435e-02
-4.579306189415532913e-02
-4.579306189415532913e-02
-5.343347460524938697e-02
-5.343347460524938697e-02
-5.852708307931209220e-02
-5.088667036821803435e-02
-5.343347460524938697e-02
-4.833986613118668174e-02
-4.579306189415532913e-02
-5.343347460524938697e-02
-5.852708307931209220e-02
-5.852708307931209220e-02
-5.343347460524938697e-02
-5.088667036821803435e-02
-4.579306189415532913e-02
-4.579306189415532913e-02
-4.579306189415532913e-02
-5.088667036821803435e-02
-5.343347460524938697e-02
-5.852708307931209220e-02
-6.107388731634344481e-02
-5.343347460524938697e-02
-4.579306189415532913e-02
-5.343347460524938697e-02
-5.088667036821803435e-02
-5.852708307931209220e-02
-5.852708307931209220e-02
-5.598027884228073958e-02
-5.088667036821803435e-02
-4.579306189415532913e-02
-4.579306189415532913e-02
-5.343347460524938697e-02
-5.852708307931209220e-02
-5.598027884228073958e-02
-5.343347460524938697e-02
-5.343347460524938697e-02
-4.579306189415532913e-02
-4.579306189415532913e-02
-4.579306189415532913e-02
-5.343347460524938697e-02
-5.343347460524938697e-02
-5.852708307931209220e-02
-6.107388731634344481e-02
-5.343347460524938697e-02
-5.343347460524938697e-02
-4.579306189415532913e-02
-5.343347460524938697e-02
-5.343347460524938697e-02
-5.852708307931209220e-02
-6.107388731634344481e-02
-5.343347460524938697e-02
-4.833986613118668174e-02
-4.579306189415532913e-02
-5.343347460524938697e-02
-5.088667036821803435e-02
-6.107388731634344481e-02
-5.852708307931209220e-02
-5.088667036821803435e-02
-5.088667036821803435e-02
-4.579306189415532913e-02
-4.579306189415532913e-02
-5.088667036821803435e-02
-5.343347460524938697e-02
-6.107388731634344481e-02
-5.343347460524938697e-02
-5.088667036821803435e-02
-4.833986613118668174e-02
-4.833986613118668174e-02
-5.343347460524938697e-02
-5.343347460524938697e-02
-6.107388731634344481e-02
-5.852708307931209220e-02
-5.343347460524938697e-02
-5.343347460524938697e-02
-4.579306189415532913e-02
-4.833986613118668174e-02
-5.343347460524938697e-02
-4.833986613118668174e-02
-6.107388731634344481e-02
-5.343347460524938697e-02
-5.088667036821803435e-02
-5.343347460524938697e-02
-4.579306189415532913e-02
-4.579306189415532913e-02
-5.088667036821803435e-02
-5.343347460524938697e-02
-5.852708307931209220e-02
-5.343347460524938697e-02
-5.343347460524938697e-02
-4.579306189415532913e-02
-5.598027884228073958e-02
-5.343347460524938697e-02
-5.343347460524938697e-02
-6.107388731634344481e-02
-5.343347460524938697e-02
-5.343347460524938697e-02
-4.579306189415532913e-02
-4.579306189415532913e-02
-5.343347460524938697e-02
-5.343347460524938697e-02
-5.852708307931209220e-02
-6.107388731634344481e-02
-5.343347460524938697e-02
-5.343347460524938697e-02
-4.579306189415532913e-02
-4.833986613118668174e-02
-5.343347460524938697e-02
-5.343347460524938697e-02
-6.107388731634344481e-02
-5.852708307931209220e-02
-5.088667036821803435e-02
-5.088667036821803435e-02
-4.324625765712397651e-02
-4.833986613118668174e-02
-5.088667036821803435e-02
-6.107388731634344481e-02
-5.852708307931209220e-02
-5.343347460524938697e-02
-4.579306189415532913e-02
-4.579306189415532913e-02
-5.343347460524938697e-02
-5.343347460524938697e-02
-6.107388731634344481e-02
-5.852708307931209220e-02
-5.343347460524938697e-02
-5.343347460524938697e-02
-5.343347460524938697e-02
-4.579306189415532913e-02
-4.833986613118668174e-02
-5.088667036821803435e-02
-5.852708307931209220e-02
-5.852708307931209220e-02
-5.088667036821803435e-02
-5.088667036821803435e-02
-4.833986613118668174e-02
-4.579306189415532913e-02
-5.088667036821803435e-02
-5.088667036821803435e-02
-5.852708307931209220e-02
-5.852708307931209220e-02
-5.343347460524938697e-02
-5.343347460524938697e-02
-4.833986613118668174e-02
-5.088667036821803435e-02
-5.088667036821803435e-02
-6.107388731634344481e-02
-5.852708307931209220e-02
-5.088667036821803435e-02
-5.088667036821803435e-02
-4.579306189415532913e-02
-4.833986613118668174e-02
-5.088667036821803435e-02
-5.343347460524938697e-02
-5.852708307931209220e-02
-6.107388731634344481e-02
-5.088667036821803435e-02
-4.579306189415532913e-02
-4.833986613118668174e-02
-5.343347460524938697e-02
-5.343347460524938697e-02
-5.598027884228073958e-02
-6.107388731634344481e-02
-5.343347460524938697e-02
-5.343347460524938697e-02
-4.833986613118668174e-02
-4.833986613118668174e-02
-5.343347460524938697e-02
-5.852708307931209220e-02
-5.852708307931209220e-02
-5.088667036821803435e-02
-5.343347460524938697e-02
-4.579306189415532913e-02
-4.833986613118668174e-02
-5.343347460524938697e-02
-5.343347460524938697e-02
-5.598027884228073958e-02
-5.343347460524938697e-02
-5.343347460524938697e-02
-4.833986613118668174e-02
-5.088667036821803435e-02
-5.343347460524938697e-02
-5.343347460524938697e-02
-6.107388731634344481e-02
-5.852708307931209220e-02
-5.088667036821803435e-02
-5.343347460524938697e-02
-4.833986613118668174e-02
-4.833986613118668174e-02
-5.343347460524938697e-02
-5.852708307931209220e-02
-6.107388731634344481e-02
-5.343347460524938697e-02
-5.088667036821803435e-02
-4.833986613118668174e-02
-4.579306189415532913e-02
-5.088667036821803435e-02
-5.852708307931209220e-02
-5.598027884228073958e-02
-5.852708307931209220e-02
-5.343347460524938697e-02
-4.579306189415532913e-02
-4.579306189415532913e-02
-5.343347460524938697e-02
-5.343347460524938697e-02
-5.852708307931209220e-02
-5.852708307931209220e-02
-5.343347460524938697e-02
-5.343347460524938697e-02
-4.579306189415532913e-02
-5.088667036821803435e-02
-5.088667036821803435e-02
-5.852708307931209220e-02
-6.107388731634344481e-02
-5.343347460524938697e-02
-5.343347460524938697e-02
-4.579306189415532913e-02
-4.833986613118668174e-02
-5.088667036821803435e-02
-5.088667036821803435e-02
-5.852708307931209220e-02
-5.088667036821803435e-02
-5.088667036821803435e-02
-4.579306189415532913e-02
-4.833986613118668174e-02
-5.343347460524938697e-02
-5.343347460524938697e-02
-6.107388731634344481e-02
-5.852708307931209220e-02
-5.343347460524938697e-02
-4.579306189415532913e-02
-4.579306189415532913e-02
-5.343347460524938697e-02
-5.343347460524938697e-02
-6.107388731634344481e-02
-5.343347460524938697e-02
-5.088667036821803435e-02
-4.579306189415532913e-02
-4.579306189415532913e-02
-5.088667036821803435e-02
-5.088667036821803435e-02
-6.107388731634344481e-02
-5.088667036821803435e-02
-5.343347460524938697e-02
-4.833986613118668174e-02
-5.088667036821803435e-02
-5.343347460524938697e-02
-5.088667036821803435e-02
-5.088667036821803435e-02
-5.852708307931209220e-02
-5.852708307931209220e-02
-5.088667036821803435e-02
-4.833986613118668174e-02
-4.579306189415532913e-02
-5.088667036821803435e-02
-5.343347460524938697e-02
-5.852708307931209220e-02
-6.107388731634344481e-02
-5.343347460524938697e-02
-4.833986613118668174e-02
-5.343347460524938697e-02
-5.343347460524938697e-02
-5.343347460524938697e-02
-5.852708307931209220e-02
-5.343347460524938697e-02
-5.088667036821803435e-02
-4.833986613118668174e-02
-4.579306189415532913e-02
-5.343347460524938697e-02
-5.088667036821803435e-02
-5.852708307931209220e-02
-5.852708307931209220e-02
-5.343347460524938697e-02
-5.088667036821803435e-02
-4.833986613118668174e-02
-4.579306189415532913e-02
-5.343347460524938697e-02
-5.088667036821803435e-02
-5.852708307931209220e-02
-5.343347460524938697e-02
-5.343347460524938697e-02
-5.088667036821803435e-02
-4.579306189415532913e-02
-5.598027884228073958e-02
-5.343347460524938697e-02
-6.107388731634344481e-02
-5.852708307931209220e-02
-5.343347460524938697e-02
-5.343347460524938697e-02
-5.343347460524938697e-02
-4.579306189415532913e-02
-5.088667036821803435e-02
-5.088667036821803435e-02
-5.852708307931209220e-02
-5.852708307931209220e-02
-5.343347460524938697e-02
-5.343347460524938697e-02
-4.579306189415532913e-02
-5.343347460524938697e-02
-5.343347460524938697e-02
-6.107388731634344481e-02
-5.852708307931209220e-02
-5.088667036821803435e-02
-5.343347460524938697e-02
-4.579306189415532913e-02
-5.598027884228073958e-02
-5.088667036821803435e-02
-6.107388731634344481e-02
-5.852708307931209220e-02
-5.343347460524938697e-02
-5.088667036821803435e-02
-4.579306189415532913e-02
-4.579306189415532913e-02
-5.088667036821803435e-02
-5.343347460524938697e-02
-5.852708307931209220e-02
-5.852708307931209220e-02
-5.088667036821803435e-02
-5.088667036821803435e-02
-4.579306189415532913e-02
-4.833986613118668174e-02
-5.343347460524938697e-02
-5.343347460524938697e-02
-5.598027884228073958e-02
-5.343347460524938697e-02
-5.088667036821803435e-02
-4.579306189415532913e-02
-4.579306189415532913e-02
-5.343347460524938697e-02
-5.852708307931209220e-02
-5.852708307931209220e-02
-5.343347460524938697e-02
-5.088667036821803435e-02
-4.579306189415532913e-02
-4.579306189415532913e-02
-5.088667036821803435e-02
-5.343347460524938697e-02
-5.088667036821803435e-02
-5.598027884228073958e-02
-6.107388731634344481e-02
-5.343347460524938697e-02
-5.088667036821803435e-02
-4.579306189415532913e-02
-4.833986613118668174e-02
-5.088667036821803435e-02
-5.598027884228073958e-02
-5.852708307931209220e-02
-5.343347460524938697e-02
-5.343347460524938697e-02
-4.833986613118668174e-02
-4.833986613118668174e-02
-5.343347460524938697e-02
-5.343347460524938697e-02
-5.852708307931209220e-02
-6.107388731634344481e-02
-5.343347460524938697e-02
-4.833986613118668174e-02
-5.343347460524938697e-02
-5.343347460524938697e-02
-5.343347460524938697e-02
-5.852708307931209220e-02
-5.343347460524938697e-02
-5.343347460524938697e-02
-4.579306189415532913e-02
-4.579306189415532913e-02
-5.343347460524938697e-02
-5.088667036821803435e-02
-6.107388731634344481e-02
-5.852708307931209220e-02
-5.088667036821803435e-02
-5.343347460524938697e-02
-5.343347460524938697e-02
-4.579306189415532913e-02
-5.343347460524938697e-02
-6.107388731634344481e-02
-5.852708307931209220e-02
-5.852708307931209220e-02
-5.088667036821803435e-02
-5.088667036821803435e-02
-4.579306189415532913e-02
-5.088667036821803435e-02
-5.343347460524938697e-02
-5.343347460524938697e-02
-5.852708307931209220e-02
-5.343347460524938697e-02
-5.088667036821803435e-02
-4.833986613118668174e-02
-5.088667036821803435e-02
-5.088667036821803435e-02
-6.107388731634344481e-02
-5.598027884228073958e-02
-5.343347460524938697e-02
-5.088667036821803435e-02
-4.833986613118668174e-02
-4.579306189415532913e-02
-5.088667036821803435e-02
-5.343347460524938697e-02
-5.852708307931209220e-02
-5.852708307931209220e-02
-5.088667036821803435e-02
-5.343347460524938697e-02
-4.579306189415532913e-02
-4.579306189415532913e-02
-5.088667036821803435e-02
-6.107388731634344481e-02
-5.852708307931209220e-02
-5.343347460524938697e-02
-5.343347460524938697e-02
-4.833986613118668174e-02
-4.833986613118668174e-02
-5.088667036821803435e-02
-6.107388731634344481e-02
-6.107388731634344481e-02
-5.088667036821803435e-02
-5.343347460524938697e-02
-4.833986613118668174e-02
-4.579306189415532913e-02
-4.833986613118668174e-02
-5.343347460524938697e-02
-5.852708307931209220e-02
-5.852708307931209220e-02
-5.343347460524938697e-02
-5.088667036821803435e-02
-4.579306189415532913e-02
-4.579306189415532913e-02
-4.833986613118668174e-02
-5.343347460524938697e-02
-6.107388731634344481e-02
-5.852708307931209220e-02
-5.088667036821803435e-02
-5.088667036821803435e-02
-4.833986613118668174e-02
-4.579306189415532913e-02
-5.088667036821803435e-02
-5.343347460524938697e-02
-5.852708307931209220e-02
-5.088667036821803435e-02
-5.343347460524938697e-02
-4.579306189415532913e-02
-4.579306189415532913e-02
-5.343347460524938697e-02
-5.343347460524938697e-02
-6.107388731634344481e-02
-6.107388731634344481e-02
-5.088667036821803435e-02
-5.343347460524938697e-02
-4.579306189415532913e-02
-4.833986613118668174e-02
-5.088667036821803435e-02
-5.852708307931209220e-02
-6.107388731634344481e-02
-5.088667036821803435e-02
-5.343347460524938697e-02
-4.579306189415532913e-02
-5.343347460524938697e-02
-5.088667036821803435e-02
-6.107388731634344481e-02
-5.852708307931209220e-02
-6.107388731634344481e-02
-5.343347460524938697e-02
-5.343347460524938697e-02
-4.833986613118668174e-02
-4.579306189415532913e-02
-5.343347460524938697e-02
-5.343347460524938697e-02
-6.107388731634344481e-02
-5.088667036821803435e-02
-5.598027884228073958e-02
-4.579306189415532913e-02
-4.833986613118668174e-02
-4.833986613118668174e-02
-5.343347460524938697e-02
-5.852708307931209220e-02
-5.852708307931209220e-02
-5.088667036821803435e-02
-5.343347460524938697e-02
-4.579306189415532913e-02
-4.579306189415532913e-02
-5.343347460524938697e-02
-5.343347460524938697e-02
-5.852708307931209220e-02
-6.107388731634344481e-02
-5.343347460524938697e-02
-5.343347460524938697e-02
-4.579306189415532913e-02
-4.833986613118668174e-02
-5.343347460524938697e-02
-5.852708307931209220e-02
-5.852708307931209220e-02
-5.088667036821803435e-02
-5.343347460524938697e-02
-4.833986613118668174e-02
-4.833986613118668174e-02
-5.343347460524938697e-02
-5.343347460524938697e-02
-5.852708307931209220e-02
-5.852708307931209220e-02
-5.343347460524938697e-02
-4.833986613118668174e-02
-4.833986613118668174e-02
-5.343347460524938697e-02
-5.343347460524938697e-02
-5.852708307931209220e-02
-5.852708307931209220e-02
-5.343347460524938697e-02
-5.343347460524938697e-02
-4.833986613118668174e-02
-4.833986613118668174e-02
-5.088667036821803435e-02
-5.343347460524938697e-02
-5.852708307931209220e-02
-5.343347460524938697e-02
-5.343347460524938697e-02
-4.579306189415532913e-02
-4.833986613118668174e-02
-5.088667036821803435e-02
-5.852708307931209220e-02
-5.852708307931209220e-02
-5.343347460524938697e-02
-5.088667036821803435e-02
-4.579306189415532913e-02
-4.579306189415532913e-02
-5.343347460524938697e-02
-5.088667036821803435e-02
-6.107388731634344481e-02
-6.107388731634344481e-02
-5.343347460524938697e-02
-5.343347460524938697e-02
-4.579306189415532913e-02
-4.579306189415532913e-02
-5.343347460524938697e-02
-5.852708307931209220e-02
-5.852708307931209220e-02
-5.088667036821803435e-02
-5.088667036821803435e-02
-5.343347460524938697e-02
-4.833986613118668174e-02
-4.833986613118668174e-02
-5.343347460524938697e-02
-5.852708307931209220e-02
-6.107388731634344481e-02
-5.343347460524938697e-02
-5.343347460524938697e-02
-4.833986613118668174e-02
-5.088667036821803435e-02
-5.088667036821803435e-02
-5.852708307931209220e-02
-5.852708307931209220e-02
-5.598027884228073958e-02
-5.088667036821803435e-02
-4.833986613118668174e-02
-5.088667036821803435e-02
-5.088667036821803435e-02
-5.852708307931209220e-02
-6.107388731634344481e-02
-5.343347460524938697e-02
-5.343347460524938697e-02
-4.579306189415532913e-02
-4.579306189415532913e-02
-5.088667036821803435e-02
-6.107388731634344481e-02
-5.852708307931209220e-02
-5.852708307931209220e-02
-5.343347460524938697e-02
-4.833986613118668174e-02
-4.579306189415532913e-02
-5.343347460524938697e-02
-5.088667036821803435e-02
-6.107388731634344481e-02
-5.598027884228073958e-02
-5.852708307931209220e-02
-5.088667036821803435e-02
-5.343347460524938697e-02
-4.579306189415532913e-02
-5.343347460524938697e-02
-5.343347460524938697e-02
-5.852708307931209220e-02
-5.088667036821803435e-02
-4.833986613118668174e-02
-4.579306189415532913e-02
-4.833986613118668174e-02
-4.833986613118668174e-02
-5.088667036821803435e-02
-5.343347460524938697e-02
-5.852708307931209220e-02
-5.852708307931209220e-02
-5.343347460524938697e-02
-4.579306189415532913e-02
-5.343347460524938697e-02
-5.343347460524938697e-02
-5.343347460524938697e-02
-5.852708307931209220e-02
-5.088667036821803435e-02
-5.088667036821803435e-02
-5.343347460524938697e-02
-5.088667036821803435e-02
-5.343347460524938697e-02
-5.343347460524938697e-02
-5.852708307931209220e-02
-5.852708307931209220e-02
-5.088667036821803435e-02
-5.343347460524938697e-02
-4.579306189415532913e-02
-4.579306189415532913e-02
-5.343347460524938697e-02
-5.852708307931209220e-02
-6.107388731634344481e-02
-5.343347460524938697e-02
-5.343347460524938697e-02
-5.088667036821803435e-02
-5.088667036821803435e-02
-5.343347460524938697e-02
-5.088667036821803435e-02
-5.852708307931209220e-02
-5.343347460524938697e-02
-5.343347460524938697e-02
-4.579306189415532913e-02
-5.343347460524938697e-02
-5.343347460524938697e-02
-5.852708307931209220e-02
-5.852708307931209220e-02
-5.343347460524938697e-02
-5.343347460524938697e-02
-4.579306189415532913e-02
-5.088667036821803435e-02
-4.579306189415532913e-02
-5.088667036821803435e-02
-6.107388731634344481e-02
-5.852708307931209220e-02
-5.343347460524938697e-02
-5.343347460524938697e-02
-4.833986613118668174e-02
-4.833986613118668174e-02
-5.343347460524938697e-02
-5.598027884228073958e-02
-6.107388731634344481e-02
-5.343347460524938697e-02
-5.343347460524938697e-02
-4.579306189415532913e-02
-4.579306189415532913e-02
-5.343347460524938697e-02
-5.343347460524938697e-02
-6.107388731634344481e-02
-6.107388731634344481e-02
-4.579306189415532913e-02
-4.579306189415532913e-02
-5.343347460524938697e-02
-5.088667036821803435e-02
-5.852708307931209220e-02
-5.852708307931209220e-02
-6.107388731634344481e-02
-5.598027884228073958e-02
-5.343347460524938697e-02
-4.579306189415532913e-02
-5.343347460524938697e-02
-5.343347460524938697e-02
-5.852708307931209220e-02
-5.852708307931209220e-02
-5.343347460524938697e-02
-5.343347460524938697e-02
-4.833986613118668174e-02
-4.833986613118668174e-02
-5.343347460524938697e-02
-5.852708307931209220e-02
-5.852708307931209220e-02
-5.343347460524938697e-02
-5.088667036821803435e-02
-4.579306189415532913e-02
-4.579306189415532913e-02
-5.343347460524938697e-02
-5.852708307931209220e-02
-5.852708307931209220e-02
-5.343347460524938697e-02
-5.343347460524938697e-02
-4.833986613118668174e-02
-4.579306189415532913e-02
-5.343347460524938697e-02
-6.107388731634344481e-02
-5.852708307931209220e-02
-5.343347460524938697e-02
-5.343347460524938697e-02
-5.088667036821803435e-02
-4.833986613118668174e-02
-5.343347460524938697e-02
-5.343347460524938697e-02
-5.852708307931209220e-02
-5.852708307931209220e-02
-5.343347460524938697e-02
-5.343347460524938697e-02
-4.833986613118668174e-02
-5.088667036821803435e-02
-5.343347460524938697e-02
-6.107388731634344481e-02
1.849029290456925878e+00
-4.563187077327935270e+00
-5.612470422984715768e+00
-3.595401467256145622e+00
-5.561534338244095821e+00
-2.627615857184355974e+00
-5.474942994185040490e+00
-1.354850439728103595e+00
-5.215168962007876274e+00
2.042384826864918068e-02
-4.950301321356649353e+00
1.436447004057900045e+00
-4.481689341742942645e+00
2.332922095492818926e+00
-4.084387880766101375e+00
-5.500411036555350464e+00
-3.035104535109319102e+00
-5.510598253503475874e+00
-1.517845910898088846e+00
-5.255917829800372587e+00
4.941437240191248748e-05
-5.026705448467581050e+00
1.161392146458549490e+00
-4.491876558691064503e+00
2.821908509002774679e+00
-3.340721043553042335e+00
4.757479729146353975e+00
-1.823462419341812080e+00
-5.357789999281614257e+00
-8.047407245294024847e-01
-5.092922358630387336e+00
4.075380922973650399e-01
-4.889178019667905772e+00
1.405885353213527367e+00
-4.665059246809175164e+00
2.225956317537516327e+00
-4.155698399402972143e+00
3.392392658097726610e+00
-3.381469911345540424e+00
4.655607559665114081e+00
-2.017019541356170009e+00
-5.357789999281614257e+00
-7.741790736850298060e-01
-5.092922358630387336e+00
4.279125261936123081e-01
-4.644684812912927896e+00
2.444981481922184230e+00
1.048269565399209569e+01
4.217557230895778275e+00
1.195984211147008835e+01
5.959571329024996089e+00
1.339623970115558649e+01
-5.001237406097271077e+00
1.528131956591014529e+00
-4.359442738365451930e+00
-5.622657639932839402e+00
1.087999711496893340e+01
4.451863220702630741e+00
1.203115263010695912e+01
5.755826990062516302e+00
1.288178524527531721e+01
6.774548684874925897e+00
1.389541333161366765e+01
7.874768115272328117e+00
1.507757522694767260e+00
9.265323228691265456e+00
2.730223556469660195e+00
1.037063626756273038e+01
3.861004637711435095e+00
1.143010683016763807e+01
5.460397698566914926e+00
1.266276008089064931e+01
6.906982505200538469e+00
1.417046818921301821e+01
8.292444010145413102e+00
1.535218535519540950e+01
9.749216033727158504e+00
3.382205441149601199e+00
1.111939671324984857e+01
4.752386120672291270e+00
1.221452253517318809e+01
5.949384112076874231e+00
1.321286979608935042e+01
7.059790759422398310e+00
1.419084262310926192e+01
8.373941745730405728e+00
1.519937710097354966e+01
9.362101789698442644e+00
2.832095725950900089e+00
-3.585214250308020212e+00
4.339803834273265437e+00
1.201077819621070830e+01
6.173502884935601287e+00
-3.157543110194467317e-01
7.946078633909195332e+00
1.538319173539139939e+00
9.402850657490940733e+00
2.954342329328390804e+00
1.055400617262896290e+01
4.136059495310785650e+00
1.145557487253794449e+01
4.879726332523841137e+00
1.187834437588509218e+01
5.562269868048158372e+00
1.264238564699440559e+01
6.560617128964317146e+00
-2.750054432269486426e-01
7.671023776309844777e+00
1.471039068746359391e+01
8.822179291447866945e+00
1.558649134500226552e+01
1.025857688113336508e+01
1.692101676520652376e+01
1.179684664030010310e+01
1.809764032271485235e+01
1.346755021979245726e+01
1.914183005989757191e+01
1.478170120610046467e+01
9.250042403269077340e+00
1.602454167377160132e+01
1.054381895568083749e+01
1.736925431092398497e+01
1.235714357244692962e+01
1.859172034469887080e+01
1.424177870784988187e+01
1.956969317171878942e+01
1.545405752467664939e+01
1.006501975911900715e+01
4.197182796999527454e+00
1.207190149789945366e+01
1.843891209047701096e+01
1.365092012485868622e+01
1.923351501243069350e+01
1.500072637048513258e+01
2.026751753266528766e+01
1.633525179068938371e+01
1.099205650139829871e+01
1.738453513634616598e+01
1.213811840806226172e+01
1.815876362440359770e+01
1.329436753167434659e+01
1.914692366837163462e+01
1.445571026376049417e+01
1.984474802931813997e+01
1.558649134500226552e+01
2.052219795636838739e+01
1.669180438387373044e+01
2.086092291989351821e+01
1.773599412105645001e+01
1.259654317072784124e+01
1.831666548709952025e+01
1.362035847401431710e+01
1.915201727684569732e+01
1.480207563999670839e+01
9.382476223594693465e+00
1.619263075341564928e+01
2.086092291989351821e+01
1.716041636348743538e+01
2.086155962095277516e+01
1.839816322268451643e+01
1.390560054856179306e+01
1.947800821918566783e+01
1.517900266707729884e+01
2.037448331062059026e+01
1.658993221439249055e+01
2.086092291989351821e+01
1.763412195157521012e+01
2.086155962095277516e+01
1.808235949729267134e+01
2.086155962095277516e+01
1.908070675820882656e+01
2.086155962095277516e+01
1.992115215642906634e+01
1.568836351448350541e+01
2.062916373432368999e+01
1.674274046861435039e+01
2.086092291989351821e+01
1.782258546511550179e+01
2.086155962095277516e+01
1.873434138197261234e+01
2.086155962095277516e+01
1.974287585983689297e+01
2.086155962095277516e+01
2.060369569195338357e+01
1.690064233131027294e+01
1.234695635549880421e+01
1.858662673622480810e+01
2.086155962095277516e+01
2.009433484454717700e+01
2.033691794812438047e+01
2.086092291989351821e+01
1.788880237527830985e+01
2.086155962095277516e+01
1.902467706499414390e+01
2.086155962095277516e+01
2.024204949029497413e+01
2.009497154560643395e+01
2.086092291989351821e+01
1.766468360241957924e+01
2.086155962095277516e+01
1.563787215909449912e+00
-1.731332737457087489e-01
-1.451184271383674229e-01
-6.362069155337479742e-02
-4.069945342009617661e-02
-6.616749579040615004e-02
-6.362069155337479742e-02
-5.598027884228073958e-02
-5.598027884228073958e-02
-4.579306189415532913e-02
-4.833986613118668174e-02
-5.343347460524938697e-02
-5.343347460524938697e-02
-5.852708307931209220e-02
-6.107388731634344481e-02
-5.088667036821803435e-02
-4.579306189415532913e-02
-4.833986613118668174e-02
-5.343347460524938697e-02
-5.852708307931209220e-02
-5.852708307931209220e-02
-5.343347460524938697e-02
-5.343347460524938697e-02
-5.088667036821803435e-02
-5.088667036821803435e-02
-5.343347460524938697e-02
-5.852708307931209220e-02
-5.852708307931209220e-02
-5.088667036821803435e-02
-5.343347460524938697e-02
-4.579306189415532913e-02
-5.088667036821803435e-02
-5.088667036821803435e-02
-5.343347460524938697e-02
-5.852708307931209220e-02
-5.852708307931209220e-02
-5.343347460524938697e-02
-5.343347460524938697e-02
-4.833986613118668174e-02
-4.579306189415532913e-02
-5.343347460524938697e-02
-5.852708307931209220e-02
-5.852708307931209220e-02
-5.088667036821803435e-02
-5.343347460524938697e-02
-4.324625765712397651e-02
-4.833986613118668174e-02
-5.088667036821803435e-02
-5.343347460524938697e-02
-6.107388731634344481e-02
-5.343347460524938697e-02
-5.088667036821803435e-02
-4.579306189415532913e-02
-5.343347460524938697e-02
-5.343347460524938697e-02
-5.852708307931209220e-02
-5.852708307931209220e-02
-5.343347460524938697e-02
-5.343347460524938697e-02
-4.579306189415532913e-02
-4.833986613118668174e-02
-5.343347460524938697e-02
-5.852708307931209220e-02
-5.852708307931209220e-02
-5.343347460524938697e-02
-5.088667036821803435e-02
-4.833986613118668174e-02
-4.833986613118668174e-02
-5.343347460524938697e-02
-5.343347460524938697e-02
-5.343347460524938697e-02
-6.107388731634344481e-02
-5.343347460524938697e-02
-5.343347460524938697e-02
-4.579306189415532913e-02
-4.833986613118668174e-02
-5.598027884228073958e-02
-6.107388731634344481e-02
-6.107388731634344481e-02
-5.343347460524938697e-02
-5.343347460524938697e-02
-4.833986613118668174e-02
-5.343347460524938697e-02
-5.343347460524938697e-02
-5.852708307931209220e-02
-5.852708307931209220e-02
-5.343347460524938697e-02
-4.833986613118668174e-02
-4.833986613118668174e-02
-5.343347460524938697e-02
-5.088667036821803435e-02
-5.852708307931209220e-02
-5.852708307931209220e-02
-5.343347460524938697e-02
-4.833986613118668174e-02
-4.833986613118668174e-02
-4.833986613118668174e-02
-5.088667036821803435e-02
-5.343347460524938697e-02
-5.852708307931209220e-02
-5.852708307931209220e-02
-5.343347460524938697e-02
-5.088667036821803435e-02
-4.579306189415532913e-02
-5.343347460524938697e-02
-5.343347460524938697e-02
-5.852708307931209220e-02
-5.852708307931209220e-02
-5.088667036821803435e-02
-5.343347460524938697e-02
-4.833986613118668174e-02
-4.833986613118668174e-02
-5.343347460524938697e-02
-5.852708307931209220e-02
-6.107388731634344481e-02
-5.088667036821803435e-02
-4.833986613118668174e-02
-5.088667036821803435e-02
-5.343347460524938697e-02
-5.343347460524938697e-02
-5.852708307931209220e-02
-5.343347460524938697e-02
-5.343347460524938697e-02
-5.598027884228073958e-02
-4.579306189415532913e-02
-5.088667036821803435e-02
-5.343347460524938697e-02
-6.107388731634344481e-02
-6.107388731634344481e-02
-5.343347460524938697e-02
-5.088667036821803435e-02
-4.833986613118668174e-02
-4.833986613118668174e-02
-5.343347460524938697e-02
-5.852708307931209220e-02
-5.852708307931209220e-02
-5.852708307931209220e-02
-4.833986613118668174e-02
-4.833986613118668174e-02
-5.343347460524938697e-02
-5.343347460524938697e-02
-5.088667036821803435e-02
-6.107388731634344481e-02
-5.343347460524938697e-02
-5.343347460524938697e-02
-4.833986613118668174e-02
-4.833986613118668174e-02
-5.343347460524938697e-02
-5.343347460524938697e-02
-5.852708307931209220e-02
-5.852708307931209220e-02
-5.088667036821803435e-02
-5.343347460524938697e-02
-4.579306189415532913e-02
-4.833986613118668174e-02
-5.343347460524938697e-02
-5.852708307931209220e-02
-6.107388731634344481e-02
-5.343347460524938697e-02
-5.343347460524938697e-02
-4.833986613118668174e-02
-4.833986613118668174e-02
-5.343347460524938697e-02
-5.343347460524938697e-02
-5.852708307931209220e-02
-5.598027884228073958e-02
-5.343347460524938697e-02
-4.833986613118668174e-02
-4.579306189415532913e-02
-5.088667036821803435e-02
-5.343347460524938697e-02
-5.852708307931209220e-02
-6.107388731634344481e-02
-5.343347460524938697e-02
-5.343347460524938697e-02
-4.833986613118668174e-02
-5.598027884228073958e-02
-5.343347460524938697e-02
-5.852708307931209220e-02
-5.598027884228073958e-02
-5.088667036821803435e-02
-5.088667036821803435e-02
-4.579306189415532913e-02
-5.088667036821803435e-02
-5.852708307931209220e-02
-5.852708307931209220e-02
-5.343347460524938697e-02
-5.343347460524938697e-02
-5.343347460524938697e-02
-4.833986613118668174e-02
-4.833986613118668174e-02
-5.343347460524938697e-02
-6.107388731634344481e-02
-6.107388731634344481e-02
-5.088667036821803435e-02
-5.343347460524938697e-02
-4.579306189415532913e-02
-4.833986613118668174e-02
-5.343347460524938697e-02
-5.343347460524938697e-02
-5.852708307931209220e-02
-6.107388731634344481e-02
-4.833986613118668174e-02
-4.833986613118668174e-02
-4.833986613118668174e-02
-5.343347460524938697e-02
-6.107388731634344481e-02
-5.852708307931209220e-02
-5.343347460524938697e-02
-5.088667036821803435e-02
-5.088667036821803435e-02
-5.343347460524938697e-02
-5.343347460524938697e-02
-5.598027884228073958e-02
-5.852708307931209220e-02
-5.343347460524938697e-02
-5.343347460524938697e-02
-5.343347460524938697e-02
-4.833986613118668174e-02
-5.343347460524938697e-02
-5.343347460524938697e-02
-6.107388731634344481e-02
-6.107388731634344481e-02
-5.088667036821803435e-02
-4.579306189415532913e-02
-5.088667036821803435e-02
-5.343347460524938697e-02
-5.343347460524938697e-02
-6.107388731634344481e-02
-6.107388731634344481e-02
-5.598027884228073958e-02
-5.343347460524938697e-02
-4.579306189415532913e-02
-5.088667036821803435e-02
-5.852708307931209220e-02
-5.343347460524938697e-02
-6.107388731634344481e-02
-6.107388731634344481e-02
-5.088667036821803435e-02
-4.833986613118668174e-02
-4.833986613118668174e-02
-5.343347460524938697e-02
-5.343347460524938697e-02
-5.852708307931209220e-02
-6.107388731634344481e-02
-5.088667036821803435e-02
-5.343347460524938697e-02
-4.833986613118668174e-02
-5.343347460524938697e-02
-5.343347460524938697e-02
-5.852708307931209220e-02
-5.852708307931209220e-02
-5.343347460524938697e-02
-4.579306189415532913e-02
-4.833986613118668174e-02
-5.088667036821803435e-02
-5.343347460524938697e-02
-6.107388731634344481e-02
-6.107388731634344481e-02
-5.343347460524938697e-02
-5.343347460524938697e-02
-4.579306189415532913e-02
-4.833986613118668174e-02
-5.343347460524938697e-02
-5.852708307931209220e-02
-6.107388731634344481e-02
-5.598027884228073958e-02
-5.343347460524938697e-02
-4.579306189415532913e-02
-4.833986613118668174e-02
-5.343347460524938697e-02
-5.343347460524938697e-02
-5.852708307931209220e-02
-5.343347460524938697e-02
-5.598027884228073958e-02
-5.088667036821803435e-02
-5.343347460524938697e-02
-5.343347460524938697e-02
-5.852708307931209220e-02
-6.107388731634344481e-02
-5.343347460524938697e-02
-5.343347460524938697e-02
-4.579306189415532913e-02
-4.833986613118668174e-02
-5.088667036821803435e-02
-5.088667036821803435e-02
-6.107388731634344481e-02
-6.107388731634344481e-02
-5.598027884228073958e-02
-5.343347460524938697e-02
-4.833986613118668174e-02
-4.324625765712397651e-02
-5.343347460524938697e-02
-6.107388731634344481e-02
-5.852708307931209220e-02
-5.343347460524938697e-02
-5.088667036821803435e-02
-4.833986613118668174e-02
-4.833986613118668174e-02
-5.343347460524938697e-02
-6.107388731634344481e-02
-5.852708307931209220e-02
-5.088667036821803435e-02
-5.343347460524938697e-02
-4.833986613118668174e-02
-4.579306189415532913e-02
-5.343347460524938697e-02
-5.343347460524938697e-02
-5.852708307931209220e-02
-6.107388731634344481e-02
-5.343347460524938697e-02
-4.833986613118668174e-02
-4.579306189415532913e-02
-5.343347460524938697e-02
-5.343347460524938697e-02
-5.852708307931209220e-02
-5.343347460524938697e-02
-5.343347460524938697e-02
-5.088667036821803435e-02
-4.579306189415532913e-02
-5.343347460524938697e-02
-6.107388731634344481e-02
-5.852708307931209220e-02
-5.088667036821803435e-02
-5.343347460524938697e-02
-4.579306189415532913e-02
-5.088667036821803435e-02
-5.598027884228073958e-02
-5.088667036821803435e-02
-5.852708307931209220e-02
-5.852708307931209220e-02
-5.343347460524938697e-02
-5.343347460524938697e-02
-5.088667036821803435e-02
-4.833986613118668174e-02
-5.343347460524938697e-02
-5.343347460524938697e-02
-6.362069155337479742e-02
-5.852708307931209220e-02
-5.088667036821803435e-02
-5.343347460524938697e-02
-4.833986613118668174e-02
-5.088667036821803435e-02
-5.343347460524938697e-02
-5.852708307931209220e-02
-6.107388731634344481e-02
-5.343347460524938697e-02
-5.343347460524938697e-02
-4.579306189415532913e-02
-4.833986613118668174e-02
-5.088667036821803435e-02
-5.852708307931209220e-02
-5.343347460524938697e-02
-5.343347460524938697e-02
-4.833986613118668174e-02
-5.088667036821803435e-02
-5.343347460524938697e-02
-5.343347460524938697e-02
-5.852708307931209220e-02
-5.852708307931209220e-02
-5.343347460524938697e-02
-4.833986613118668174e-02
-4.833986613118668174e-02
-5.343347460524938697e-02
-5.343347460524938697e-02
-5.852708307931209220e-02
-5.852708307931209220e-02
-5.852708307931209220e-02
-5.088667036821803435e-02
-4.833986613118668174e-02
-4.833986613118668174e-02
-5.343347460524938697e-02
-5.088667036821803435e-02
-5.852708307931209220e-02
-5.852708307931209220e-02
-5.088667036821803435e-02
-5.343347460524938697e-02
-4.579306189415532913e-02
-5.343347460524938697e-02
-5.088667036821803435e-02
-5.852708307931209220e-02
-6.107388731634344481e-02
-5.343347460524938697e-02
-4.579306189415532913e-02
-5.088667036821803435e-02
-4.833986613118668174e-02
-5.343347460524938697e-02
-5.343347460524938697e-02
-5.852708307931209220e-02
-5.343347460524938697e-02
-5.343347460524938697e-02
-4.833986613118668174e-02
-4.579306189415532913e-02
-5.343347460524938697e-02
-5.343347460524938697e-02
-5.852708307931209220e-02
-5.852708307931209220e-02
-5.343347460524938697e-02
-5.088667036821803435e-02
-5.343347460524938697e-02
-5.343347460524938697e-02
-5.088667036821803435e-02
-6.107388731634344481e-02
-6.107388731634344481e-02
-5.343347460524938697e-02
-5.088667036821803435e-02
-4.579306189415532913e-02
-4.579306189415532913e-02
-5.343347460524938697e-02
-5.852708307931209220e-02
-5.852708307931209220e-02
-5.343347460524938697e-02
-5.343347460524938697e-02
-5.088667036821803435e-02
-4.579306189415532913e-02
-5.343347460524938697e-02
-5.343347460524938697e-02
-5.852708307931209220e-02
-5.343347460524938697e-02
-5.343347460524938697e-02
-4.833986613118668174e-02
-4.579306189415532913e-02
-5.088667036821803435e-02
-5.088667036821803435e-02
-5.852708307931209220e-02
-5.852708307931209220e-02
-5.088667036821803435e-02
-4.833986613118668174e-02
-4.579306189415532913e-02
-5.343347460524938697e-02
-5.343347460524938697e-02
-5.852708307931209220e-02
-6.107388731634344481e-02
-5.343347460524938697e-02
-5.343347460524938697e-02
-4.579306189415532913e-02
-5.343347460524938697e-02
-5.343347460524938697e-02
-5.852708307931209220e-02
-5.852708307931209220e-02
-5.343347460524938697e-02
-5.343347460524938697e-02
-4.833986613118668174e-02
-4.833986613118668174e-02
-5.343347460524938697e-02
-6.107388731634344481e-02
-6.107388731634344481e-02
-5.088667036821803435e-02
-5.343347460524938697e-02
-5.088667036821803435e-02
-4.833986613118668174e-02
-5.343347460524938697e-02
-5.343347460524938697e-02
-5.852708307931209220e-02
-5.343347460524938697e-02
-5.343347460524938697e-02
-4.579306189415532913e-02
-4.833986613118668174e-02
-5.088667036821803435e-02
-5.343347460524938697e-02
-6.107388731634344481e-02
-5.088667036821803435e-02
-5.343347460524938697e-02
-4.579306189415532913e-02
-4.833986613118668174e-02
-5.343347460524938697e-02
-5.343347460524938697e-02
-6.107388731634344481e-02
-5.852708307931209220e-02
-5.852708307931209220e-02
-5.343347460524938697e-02
-4.579306189415532913e-02
-4.833986613118668174e-02
-5.343347460524938697e-02
-5.088667036821803435e-02
-5.852708307931209220e-02
-5.852708307931209220e-02
-5.343347460524938697e-02
-5.343347460524938697e-02
-4.579306189415532913e-02
-4.833986613118668174e-02
-5.088667036821803435e-02
-5.852708307931209220e-02
-5.852708307931209220e-02
-5.343347460524938697e-02
-5.343347460524938697e-02
-5.088667036821803435e-02
-4.833986613118668174e-02
-5.088667036821803435e-02
-5.343347460524938697e-02
-5.852708307931209220e-02
-5.852708307931209220e-02
-5.343347460524938697e-02
-5.088667036821803435e-02
-4.579306189415532913e-02
-5.343347460524938697e-02
-5.343347460524938697e-02
-6.107388731634344481e-02
-5.852708307931209220e-02
-5.343347460524938697e-02
-5.088667036821803435e-02
-4.833986613118668174e-02
-5.343347460524938697e-02
-5.343347460524938697e-02
-6.107388731634344481e-02
-5.088667036821803435e-02
-5.343347460524938697e-02
-4.579306189415532913e-02
-5.088667036821803435e-02
-5.088667036821803435e-02
-5.088667036821803435e-02
-5.852708307931209220e-02
-5.343347460524938697e-02
-5.598027884228073958e-02
-4.833986613118668174e-02
-4.579306189415532913e-02
-5.343347460524938697e-02
-5.852708307931209220e-02
-5.852708307931209220e-02
-5.088667036821803435e-02
-5.343347460524938697e-02
-4.579306189415532913e-02
-4.579306189415532913e-02
-5.088667036821803435e-02
-5.343347460524938697e-02
-6.107388731634344481e-02
-5.852708307931209220e-02
-5.852708307931209220e-02
-5.088667036821803435e-02
-4.833986613118668174e-02
-4.833986613118668174e-02
-5.088667036821803435e-02
-5.088667036821803435e-02
-6.107388731634344481e-02
-6.107388731634344481e-02
-5.343347460524938697e-02
-5.088667036821803435e-02
-4.579306189415532913e-02
-5.088667036821803435e-02
-5.343347460524938697e-02
-5.852708307931209220e-02
-5.852708307931209220e-02
-5.343347460524938697e-02
-5.343347460524938697e-02
-5.088667036821803435e-02
-4.833986613118668174e-02
-5.343347460524938697e-02
-5.852708307931209220e-02
-6.107388731634344481e-02
-5.343347460524938697e-02
-5.343347460524938697e-02
-4.833986613118668174e-02
-4.579306189415532913e-02
-5.343347460524938697e-02
-5.088667036821803435e-02
-5.852708307931209220e-02
-6.107388731634344481e-02
-5.343347460524938697e-02
-5.088667036821803435e-02
-4.833986613118668174e-02
-5.343347460524938697e-02
-5.852708307931209220e-02
-6.107388731634344481e-02
-5.088667036821803435e-02
-5.088667036821803435e-02
-4.579306189415532913e-02
-4.579306189415532913e-02
-5.088667036821803435e-02
-5.343347460524938697e-02
-5.852708307931209220e-02
-5.852708307931209220e-02
-5.343347460524938697e-02
-4.579306189415532913e-02
-4.833986613118668174e-02
-5.343347460524938697e-02
-5.343347460524938697e-02
-5.852708307931209220e-02
-5.852708307931209220e-02
-5.343347460524938697e-02
-5.343347460524938697e-02
-5.343347460524938697e-02
-4.833986613118668174e-02
-5.343347460524938697e-02
-5.088667036821803435e-02
-5.852708307931209220e-02
-5.852708307931209220e-02
-5.343347460524938697e-02
-5.343347460524938697e-02
-4.579306189415532913e-02
-5.088667036821803435e-02
-5.088667036821803435e-02
-5.598027884228073958e-02
-5.852708307931209220e-02
-5.343347460524938697e-02
-4.833986613118668174e-02
-4.833986613118668174e-02
-5.343347460524938697e-02
-5.088667036821803435e-02
-5.852708307931209220e-02
-5.852708307931209220e-02
-5.343347460524938697e-02
-5.343347460524938697e-02
-4.579306189415532913e-02
-4.579306189415532913e-02
-5.343347460524938697e-02
-5.343347460524938697e-02
-6.107388731634344481e-02
-5.852708307931209220e-02
-5.343347460524938697e-02
-5.343347460524938697e-02
-5.088667036821803435e-02
-4.579306189415532913e-02
-5.088667036821803435e-02
-5.852708307931209220e-02
-5.852708307931209220e-02
-5.343347460524938697e-02
-5.343347460524938697e-02
-4.833986613118668174e-02
-4.833986613118668174e-02
-5.343347460524938697e-02
-5.088667036821803435e-02
-5.852708307931209220e-02
-5.343347460524938697e-02
-4.579306189415532913e-02
-4.579306189415532913e-02
-5.343347460524938697e-02
-5.598027884228073958e-02
-5.852708307931209220e-02
-6.107388731634344481e-02
-5.088667036821803435e-02
-5.343347460524938697e-02
-4.579306189415532913e-02
-4.579306189415532913e-02
-5.343347460524938697e-02
-5.852708307931209220e-02
-5.852708307931209220e-02
-5.852708307931209220e-02
-5.343347460524938697e-02
-4.833986613118668174e-02
-4.833986613118668174e-02
-5.343347460524938697e-02
-5.343347460524938697e-02
-5.852708307931209220e-02
-5.598027884228073958e-02
-5.343347460524938697e-02
-5.343347460524938697e-02
-4.579306189415532913e-02
-4.579306189415532913e-02
-5.088667036821803435e-02
-5.343347460524938697e-02
-6.107388731634344481e-02
-6.107388731634344481e-02
-5.343347460524938697e-02
-5.088667036821803435e-02
-4.579306189415532913e-02
-5.088667036821803435e-02
-5.343347460524938697e-02
-6.107388731634344481e-02
-5.852708307931209220e-02
-5.343347460524938697e-02
-4.833986613118668174e-02
-4.579306189415532913e-02
-5.088667036821803435e-02
-5.343347460524938697e-02
-5.852708307931209220e-02
-5.088667036821803435e-02
-5.343347460524938697e-02
-5.088667036821803435e-02
-4.833986613118668174e-02
-4.579306189415532913e-02
-5.343347460524938697e-02
-6.107388731634344481e-02
-5.852708307931209220e-02
-5.343347460524938697e-02
-4.833986613118668174e-02
-4.833986613118668174e-02
-4.833986613118668174e-02
-5.343347460524938697e-02
-5.343347460524938697e-02
-6.107388731634344481e-02
-5.852708307931209220e-02
-5.088667036821803435e-02
-4.833986613118668174e-02
-4.579306189415532913e-02
-5.343347460524938697e-02
-5.343347460524938697e-02
-5.852708307931209220e-02
-5.852708307931209220e-02
-5.088667036821803435e-02
-5.088667036821803435e-02
-4.833986613118668174e-02
-5.343347460524938697e-02
-5.343347460524938697e-02
-5.852708307931209220e-02
-5.852708307931209220e-02
-5.343347460524938697e-02
-5.343347460524938697e-02
-4.833986613118668174e-02
-5.343347460524938697e-02
-5.343347460524938697e-02
-5.852708307931209220e-02
-5.088667036821803435e-02
-4.833986613118668174e-02
-4.833986613118668174e-02
-5.343347460524938697e-02
-5.343347460524938697e-02
-5.852708307931209220e-02
-6.107388731634344481e-02
-5.088667036821803435e-02
-5.343347460524938697e-02
-4.833986613118668174e-02
-4.579306189415532913e-02
-5.343347460524938697e-02
-5.343347460524938697e-02
-5.852708307931209220e-02
-5.088667036821803435e-02
-5.343347460524938697e-02
-5.088667036821803435e-02
-4.833986613118668174e-02
-4.579306189415532913e-02
-5.088667036821803435e-02
-5.088667036821803435e-02
-5.852708307931209220e-02
-5.852708307931209220e-02
-5.343347460524938697e-02
-4.833986613118668174e-02
-4.579306189415532913e-02
-5.343347460524938697e-02
-5.088667036821803435e-02
-5.852708307931209220e-02
-5.852708307931209220e-02
-5.343347460524938697e-02
-4.579306189415532913e-02
-4.579306189415532913e-02
-5.343347460524938697e-02
-5.343347460524938697e-02
-6.107388731634344481e-02
-6.107388731634344481e-02
-5.088667036821803435e-02
-4.833986613118668174e-02
-4.579306189415532913e-02
-5.343347460524938697e-02
-5.343347460524938697e-02
-6.107388731634344481e-02
-5.852708307931209220e-02
-5.343347460524938697e-02
-5.343347460524938697e-02
-4.579306189415532913e-02
-5.088667036821803435e-02
-5.343347460524938697e-02
-5.852708307931209220e-02
-5.343347460524938697e-02
-5.343347460524938697e-02
-4.579306189415532913e-02
-5.088667036821803435e-02
-5.598027884228073958e-02
-6.107388731634344481e-02
-5.598027884228073958e-02
-6.107388731634344481e-02
-5.088667036821803435e-02
-5.343347460524938697e-02
-4.833986613118668174e-02
-5.088667036821803435e-02
-5.343347460524938697e-02
-5.852708307931209220e-02
-5.088667036821803435e-02
-5.343347460524938697e-02
-5.343347460524938697e-02
-4.833986613118668174e-02
-5.088667036821803435e-02
-5.343347460524938697e-02
-5.852708307931209220e-02
-6.107388731634344481e-02
-5.598027884228073958e-02
-5.343347460524938697e-02
-4.833986613118668174e-02
-5.343347460524938697e-02
-5.343347460524938697e-02
-6.107388731634344481e-02
-5.343347460524938697e-02
-5.343347460524938697e-02
-4.833986613118668174e-02
-4.579306189415532913e-02
-4.579306189415532913e-02
-5.343347460524938697e-02
-5.852708307931209220e-02
-6.107388731634344481e-02
-5.343347460524938697e-02
-5.343347460524938697e-02
-4.833986613118668174e-02
-4.833986613118668174e-02
-5.343347460524938697e-02
-6.107388731634344481e-02
-5.852708307931209220e-02
-5.088667036821803435e-02
-5.343347460524938697e-02
-4.579306189415532913e-02
-4.579306189415532913e-02
-5.343347460524938697e-02
-5.343347460524938697e-02
-6.107388731634344481e-02
-6.107388731634344481e-02
-5.343347460524938697e-02
-5.343347460524938697e-02
-4.833986613118668174e-02
-4.579306189415532913e-02
-5.088667036821803435e-02
-5.343347460524938697e-02
-6.107388731634344481e-02
-5.852708307931209220e-02
-5.088667036821803435e-02
-5.343347460524938697e-02
-4.833986613118668174e-02
-5.343347460524938697e-02
-5.343347460524938697e-02
-6.107388731634344481e-02
-5.343347460524938697e-02
-5.088667036821803435e-02
-5.088667036821803435e-02
-5.088667036821803435e-02
-4.833986613118668174e-02
-5.088667036821803435e-02
-6.107388731634344481e-02
-5.852708307931209220e-02
-5.343347460524938697e-02
-5.343347460524938697e-02
-4.833986613118668174e-02
-4.579306189415532913e-02
-5.343347460524938697e-02
-5.343347460524938697e-02
-6.107388731634344481e-02
-5.598027884228073958e-02
-5.343347460524938697e-02
-5.088667036821803435e-02
-5.088667036821803435e-02
-4.579306189415532913e-02
-5.343347460524938697e-02
-5.088667036821803435e-02
-5.852708307931209220e-02
-5.343347460524938697e-02
-5.343347460524938697e-02
-4.833986613118668174e-02
-4.579306189415532913e-02
-5.343347460524938697e-02
-5.852708307931209220e-02
-5.852708307931209220e-02
-5.343347460524938697e-02
-4.833986613118668174e-02
-4.833986613118668174e-02
-5.343347460524938697e-02
-5.343347460524938697e-02
-6.107388731634344481e-02
-6.107388731634344481e-02
-5.343347460524938697e-02
-5.343347460524938697e-02
-5.088667036821803435e-02
-4.579306189415532913e-02
-5.343347460524938697e-02
-5.088667036821803435e-02
-5.852708307931209220e-02
-5.852708307931209220e-02
-5.343347460524938697e-02
-5.343347460524938697e-02
-4.833986613118668174e-02
-5.343347460524938697e-02
-5.343347460524938697e-02
-5.852708307931209220e-02
-5.598027884228073958e-02
-5.088667036821803435e-02
-5.343347460524938697e-02
-5.088667036821803435e-02
-5.343347460524938697e-02
-5.343347460524938697e-02
-5.852708307931209220e-02
-5.852708307931209220e-02
-5.343347460524938697e-02
-5.343347460524938697e-02
-4.833986613118668174e-02
-4.833986613118668174e-02
-5.343347460524938697e-02
-6.107388731634344481e-02
-5.852708307931209220e-02
-5.088667036821803435e-02
-5.088667036821803435e-02
-4.833986613118668174e-02
-4.833986613118668174e-02
-5.343347460524938697e-02
-5.343347460524938697e-02
-5.852708307931209220e-02
-5.598027884228073958e-02
-5.343347460524938697e-02
-4.833986613118668174e-02
-4.833986613118668174e-02
-5.343347460524938697e-02
-5.088667036821803435e-02
-5.852708307931209220e-02
-5.343347460524938697e-02
-5.088667036821803435e-02
-4.579306189415532913e-02
-4.579306189415532913e-02
-5.088667036821803435e-02
-5.852708307931209220e-02
-6.107388731634344481e-02
-5.852708307931209220e-02
-5.343347460524938697e-02
-4.579306189415532913e-02
-5.343347460524938697e-02
-5.343347460524938697e-02
-5.852708307931209220e-02
-5.852708307931209220e-02
-5.343347460524938697e-02
-4.833986613118668174e-02
-4.579306189415532913e-02
-5.088667036821803435e-02
-5.343347460524938697e-02
-5.852708307931209220e-02
-5.852708307931209220e-02
-5.343347460524938697e-02
-4.579306189415532913e-02
-4.579306189415532913e-02
-5.088667036821803435e-02
-5.343347460524938697e-02
-5.852708307931209220e-02
-5.852708307931209220e-02
-5.598027884228073958e-02
-5.343347460524938697e-02
-4.833986613118668174e-02
-4.579306189415532913e-02
-5.088667036821803435e-02
-5.343347460524938697e-02
-5.852708307931209220e-02
-5.852708307931209220e-02
-5.598027884228073958e-02
-5.088667036821803435e-02
-4.579306189415532913e-02
-5.343347460524938697e-02
-5.343347460524938697e-02
-5.852708307931209220e-02
-5.852708307931209220e-02
-5.343347460524938697e-02
-5.088667036821803435e-02
-4.579306189415532913e-02
-5.088667036821803435e-02
-5.088667036821803435e-02
-5.852708307931209220e-02
-5.343347460524938697e-02
-5.343347460524938697e-02
-5.343347460524938697e-02
-4.579306189415532913e-02
-5.088667036821803435e-02
-5.088667036821803435e-02
-6.107388731634344481e-02
-6.107388731634344481e-02
-5.088667036821803435e-02
-5.088667036821803435e-02
-4.579306189415532913e-02
-5.088667036821803435e-02
-5.343347460524938697e-02
-6.107388731634344481e-02
-6.107388731634344481e-02
-5.852708307931209220e-02
-5.343347460524938697e-02
-5.343347460524938697e-02
-4.579306189415532913e-02
-5.343347460524938697e-02
-5.088667036821803435e-02
-5.852708307931209220e-02
-5.852708307931209220e-02
-5.343347460524938697e-02
-4.833986613118668174e-02
-4.833986613118668174e-02
-5.088667036821803435e-02
-5.343347460524938697e-02
-6.107388731634344481e-02
-5.852708307931209220e-02
-5.343347460524938697e-02
-5.088667036821803435e-02
-4.579306189415532913e-02
-5.343347460524938697e-02
-5.343347460524938697e-02
-5.852708307931209220e-02
-5.852708307931209220e-02
-5.088667036821803435e-02
-5.088667036821803435e-02
-4.579306189415532913e-02
-4.579306189415532913e-02
-5.343347460524938697e-02
-5.088667036821803435e-02
-5.852708307931209220e-02
-5.598027884228073958e-02
-5.343347460524938697e-02
-4.833986613118668174e-02
-4.833986613118668174e-02
-5.598027884228073958e-02
-5.852708307931209220e-02
-6.107388731634344481e-02
-5.343347460524938697e-02
-5.088667036821803435e-02
-4.833986613118668174e-02
-4.833986613118668174e-02
-5.343347460524938697e-02
-5.343347460524938697e-02
-6.107388731634344481e-02
-5.343347460524938697e-02
-5.343347460524938697e-02
-4.579306189415532913e-02
-4.833986613118668174e-02
-5.088667036821803435e-02
-5.343347460524938697e-02
-6.107388731634344481e-02
-5.343347460524938697e-02
-5.343347460524938697e-02
-4.579306189415532913e-02
-4.833986613118668174e-02
-5.088667036821803435e-02
-5.343347460524938697e-02
-5.088667036821803435e-02
-5.852708307931209220e-02
-5.598027884228073958e-02
-5.343347460524938697e-02
-4.833986613118668174e-02
-4.833986613118668174e-02
-5.343347460524938697e-02
-5.343347460524938697e-02
-6.107388731634344481e-02
-5.852708307931209220e-02
-5.088667036821803435e-02
-5.343347460524938697e-02
-4.833986613118668174e-02
-4.579306189415532913e-02
-5.343347460524938697e-02
-6.107388731634344481e-02
-6.107388731634344481e-02
-5.088667036821803435e-02
-5.088667036821803435e-02
-4.833986613118668174e-02
-4.579306189415532913e-02
-5.343347460524938697e-02
-6.107388731634344481e-02
-5.852708307931209220e-02
-5.088667036821803435e-02
-5.598027884228073958e-02
-4.579306189415532913e-02
-4.833986613118668174e-02
-5.088667036821803435e-02
-5.088667036821803435e-02
-6.107388731634344481e-02
-6.107388731634344481e-02
-5.088667036821803435e-02
-4.833986613118668174e-02
-5.088667036821803435e-02
-5.343347460524938697e-02
-6.107388731634344481e-02
-5.852708307931209220e-02
-5.343347460524938697e-02
-5.343347460524938697e-02
-5.343347460524938697e-02
-4.579306189415532913e-02
-5.088667036821803435e-02
-5.343347460524938697e-02
-5.852708307931209220e-02
-5.598027884228073958e-02
-5.343347460524938697e-02
-5.343347460524938697e-02
-4.833986613118668174e-02
-4.833986613118668174e-02
-5.088667036821803435e-02
-6.107388731634344481e-02
-5.852708307931209220e-02
-5.088667036821803435e-02
-5.343347460524938697e-02
-4.833986613118668174e-02
-4.579306189415532913e-02
-5.343347460524938697e-02
-5.343347460524938697e-02
-5.852708307931209220e-02
-5.852708307931209220e-02
-5.088667036821803435e-02
-4.833986613118668174e-02
-4.579306189415532913e-02
-5.343347460524938697e-02
-5.088667036821803435e-02
-6.107388731634344481e-02
-5.852708307931209220e-02
-5.343347460524938697e-02
-5.088667036821803435e-02
-4.579306189415532913e-02
-5.343347460524938697e-02
-5.088667036821803435e-02
-6.107388731634344481e-02
-5.852708307931209220e-02
-5.343347460524938697e-02
-4.833986613118668174e-02
-4.579306189415532913e-02
-5.343347460524938697e-02
-5.343347460524938697e-02
-5.852708307931209220e-02
-5.598027884228073958e-02
-5.088667036821803435e-02
-4.579306189415532913e-02
-4.833986613118668174e-02
-5.343347460524938697e-02
-5.343347460524938697e-02
-5.852708307931209220e-02
-5.852708307931209220e-02
-5.343347460524938697e-02
-5.343347460524938697e-02
-4.579306189415532913e-02
-4.579306189415532913e-02
-5.343347460524938697e-02
-5.088667036821803435e-02
-6.107388731634344481e-02
-5.088667036821803435e-02
-5.343347460524938697e-02
-4.833986613118668174e-02
-4.833986613118668174e-02
-5.343347460524938697e-02
-5.343347460524938697e-02
-6.107388731634344481e-02
-6.107388731634344481e-02
-5.343347460524938697e-02
-5.343347460524938697e-02
-5.088667036821803435e-02
-4.579306189415532913e-02
-5.343347460524938697e-02
-5.343347460524938697e-02
-6.107388731634344481e-02
-5.852708307931209220e-02
-5.343347460524938697e-02
-5.343347460524938697e-02
-4.833986613118668174e-02
-4.579306189415532913e-02
-5.343347460524938697e-02
-5.343347460524938697e-02
-6.107388731634344481e-02
-5.852708307931209220e-02
-5.343347460524938697e-02
-5.343347460524938697e-02
-4.833986613118668174e-02
-4.833986613118668174e-02
-5.343347460524938697e-02
-5.852708307931209220e-02
-5.852708307931209220e-02
-5.343347460524938697e-02
-5.343347460524938697e-02
-4.579306189415532913e-02
-4.579306189415532913e-02
-5.343347460524938697e-02
-5.343347460524938697e-02
-6.107388731634344481e-02
-5.852708307931209220e-02
-5.343347460524938697e-02
-5.343347460524938697e-02
-4.579306189415532913e-02
-4.833986613118668174e-02
-5.088667036821803435e-02
-5.852708307931209220e-02
-5.852708307931209220e-02
-5.088667036821803435e-02
-5.088667036821803435e-02
-4.833986613118668174e-02
-4.579306189415532913e-02
-5.088667036821803435e-02
-5.852708307931209220e-02
-5.852708307931209220e-02
-5.598027884228073958e-02
-5.343347460524938697e-02
-4.833986613118668174e-02
-4.579306189415532913e-02
-5.088667036821803435e-02
-5.088667036821803435e-02
-5.852708307931209220e-02
-5.598027884228073958e-02
-5.088667036821803435e-02
-5.343347460524938697e-02
-4.579306189415532913e-02
-5.343347460524938697e-02
-5.343347460524938697e-02
-5.852708307931209220e-02
-5.852708307931209220e-02
-5.343347460524938697e-02
-4.579306189415532913e-02
-4.833986613118668174e-02
-5.343347460524938697e-02
-5.343347460524938697e-02
-5.852708307931209220e-02
-5.598027884228073958e-02
-5.343347460524938697e-02
-4.579306189415532913e-02
-4.579306189415532913e-02
-5.343347460524938697e-02
-5.343347460524938697e-02
-6.107388731634344481e-02
-5.852708307931209220e-02
-5.598027884228073958e-02
-5.343347460524938697e-02
-4.579306189415532913e-02
-5.343347460524938697e-02
-5.343347460524938697e-02
-5.343347460524938697e-02
-5.852708307931209220e-02
-5.343347460524938697e-02
-5.343347460524938697e-02
-4.579306189415532913e-02
-4.579306189415532913e-02
-5.343347460524938697e-02
-5.852708307931209220e-02
-5.852708307931209220e-02
-5.852708307931209220e-02
-5.343347460524938697e-02
-4.833986613118668174e-02
-5.343347460524938697e-02
-5.343347460524938697e-02
-5.088667036821803435e-02
-5.852708307931209220e-02
-5.343347460524938697e-02
-5.343347460524938697e-02
-4.579306189415532913e-02
-4.579306189415532913e-02
-5.343347460524938697e-02
-5.343347460524938697e-02
-6.107388731634344481e-02
-5.343347460524938697e-02
-5.343347460524938697e-02
-5.343347460524938697e-02
-4.833986613118668174e-02
-5.343347460524938697e-02
-5.343347460524938697e-02
-6.107388731634344481e-02
-6.107388731634344481e-02
-5.598027884228073958e-02
-5.088667036821803435e-02
-4.833986613118668174e-02
-4.579306189415532913e-02
-5.088667036821803435e-02
-5.088667036821803435e-02
-5.852708307931209220e-02
-5.852708307931209220e-02
-5.343347460524938697e-02
-5.343347460524938697e-02
-4.833986613118668174e-02
-5.343347460524938697e-02
-5.343347460524938697e-02
-6.107388731634344481e-02
-5.852708307931209220e-02
-5.088667036821803435e-02
-5.343347460524938697e-02
-4.579306189415532913e-02
-4.579306189415532913e-02
-5.343347460524938697e-02
-5.088667036821803435e-02
-5.852708307931209220e-02
-5.852708307931209220e-02
-5.343347460524938697e-02
-5.343347460524938697e-02
-4.833986613118668174e-02
-5.343347460524938697e-02
-6.107388731634344481e-02
-5.852708307931209220e-02
-5.852708307931209220e-02
-5.343347460524938697e-02
-4.833986613118668174e-02
-4.579306189415532913e-02
-4.579306189415532913e-02
-5.343347460524938697e-02
-5.852708307931209220e-02
-5.852708307931209220e-02
-5.343347460524938697e-02
-5.343347460524938697e-02
-4.833986613118668174e-02
-4.579306189415532913e-02
-5.343347460524938697e-02
-5.852708307931209220e-02
-5.852708307931209220e-02
-5.598027884228073958e-02
-5.088667036821803435e-02
-5.088667036821803435e-02
-4.579306189415532913e-02
-5.088667036821803435e-02
-5.852708307931209220e-02
-5.852708307931209220e-02
-5.343347460524938697e-02
-4.579306189415532913e-02
-4.833986613118668174e-02
-5.088667036821803435e-02
-5.088667036821803435e-02
-6.107388731634344481e-02
-5.343347460524938697e-02
-5.343347460524938697e-02
-5.343347460524938697e-02
-4.833986613118668174e-02
-5.088667036821803435e-02
-5.343347460524938697e-02
-6.107388731634344481e-02
-6.107388731634344481e-02
-5.852708307931209220e-02
-5.343347460524938697e-02
-4.833986613118668174e-02
-4.833986613118668174e-02
-5.343347460524938697e-02
-5.343347460524938697e-02
-5.852708307931209220e-02
-5.852708307931209220e-02
-5.088667036821803435e-02
-5.343347460524938697e-02
-4.833986613118668174e-02
-4.833986613118668174e-02
-5.343347460524938697e-02
-6.107388731634344481e-02
-5.852708307931209220e-02
-5.343347460524938697e-02
-5.343347460524938697e-02
-4.833986613118668174e-02
-4.579306189415532913e-02
-5.343347460524938697e-02
-5.343347460524938697e-02
-6.107388731634344481e-02
-5.598027884228073958e-02
-5.088667036821803435e-02
-4.579306189415532913e-02
-5.343347460524938697e-02
-5.343347460524938697e-02
-5.852708307931209220e-02
-6.107388731634344481e-02
-5.852708307931209220e-02
-5.343347460524938697e-02
-4.579306189415532913e-02
-4.833986613118668174e-02
-5.343347460524938697e-02
-5.852708307931209220e-02
-5.852708307931209220e-02
-5.088667036821803435e-02
-5.343347460524938697e-02
-4.579306189415532913e-02
-4.833986613118668174e-02
-5.343347460524938697e-02
-5.852708307931209220e-02
-5.852708307931209220e-02
-5.343347460524938697e-02
-5.343347460524938697e-02
-5.343347460524938697e-02
-4.833986613118668174e-02
-5.343347460524938697e-02
-5.088667036821803435e-02
-6.107388731634344481e-02
-5.852708307931209220e-02
-5.343347460524938697e-02
-5.343347460524938697e-02
-4.833986613118668174e-02
-4.833986613118668174e-02
-5.343347460524938697e-02
-5.852708307931209220e-02
-5.852708307931209220e-02
-5.343347460524938697e-02
-5.343347460524938697e-02
-4.833986613118668174e-02
-4.833986613118668174e-02
-5.343347460524938697e-02
-5.343347460524938697e-02
-6.107388731634344481e-02
-5.343347460524938697e-02
-5.088667036821803435e-02
-4.833986613118668174e-02
-4.579306189415532913e-02
-5.343347460524938697e-02
-5.343347460524938697e-02
-6.107388731634344481e-02
-5.088667036821803435e-02
-4.579306189415532913e-02
-4.579306189415532913e-02
-4.833986613118668174e-02
-4.579306189415532913e-02
-5.343347460524938697e-02
-5.852708307931209220e-02
-5.852708307931209220e-02
-5.343347460524938697e-02
-5.088667036821803435e-02
-4.579306189415532913e-02
-4.833986613118668174e-02
-5.088667036821803435e-02
-5.343347460524938697e-02
-6.107388731634344481e-02
-5.852708307931209220e-02
-5.343347460524938697e-02
-4.579306189415532913e-02
-4.833986613118668174e-02
-5.343347460524938697e-02
-5.343347460524938697e-02
-5.852708307931209220e-02
-5.852708307931209220e-02
-5.343347460524938697e-02
-4.833986613118668174e-02
-4.833986613118668174e-02
-5.343347460524938697e-02
-5.343347460524938697e-02
-5.598027884228073958e-02
-5.088667036821803435e-02
-5.343347460524938697e-02
-4.833986613118668174e-02
-4.579306189415532913e-02
-5.343347460524938697e-02
-5.343347460524938697e-02
-5.852708307931209220e-02
-6.107388731634344481e-02
-5.343347460524938697e-02
-5.343347460524938697e-02
-4.579306189415532913e-02
-4.833986613118668174e-02
-5.088667036821803435e-02
-5.088667036821803435e-02
-5.852708307931209220e-02
-5.852708307931209220e-02
-5.598027884228073958e-02
-5.343347460524938697e-02
-5.343347460524938697e-02
-4.833986613118668174e-02
-5.088667036821803435e-02
-5.852708307931209220e-02
-5.852708307931209220e-02
-5.343347460524938697e-02
-5.343347460524938697e-02
-4.579306189415532913e-02
-4.833986613118668174e-02
-5.343347460524938697e-02
-6.107388731634344481e-02
-5.852708307931209220e-02
-5.343347460524938697e-02
-5.343347460524938697e-02
-4.833986613118668174e-02
-5.088667036821803435e-02
-4.833986613118668174e-02
-5.088667036821803435e-02
-5.852708307931209220e-02
-6.107388731634344481e-02
-5.343347460524938697e-02
-5.343347460524938697e-02
-4.833986613118668174e-02
-5.088667036821803435e-02
-5.852708307931209220e-02
-6.107388731634344481e-02
-5.852708307931209220e-02
-5.343347460524938697e-02
-5.343347460524938697e-02
-4.579306189415532913e-02
-5.343347460524938697e-02
-5.852708307931209220e-02
-6.107388731634344481e-02
-5.852708307931209220e-02
-5.343347460524938697e-02
-5.343347460524938697e-02
-4.579306189415532913e-02
-4.833986613118668174e-02
-5.343347460524938697e-02
-5.343347460524938697e-02
-5.852708307931209220e-02
-6.107388731634344481e-02
-5.343347460524938697e-02
-5.343347460524938697e-02
-4.579306189415532913e-02
-4.833986613118668174e-02
-5.343347460524938697e-02
-5.852708307931209220e-02
-5.852708307931209220e-02
-5.852708307931209220e-02
-5.343347460524938697e-02
-5.598027884228073958e-02
-4.579306189415532913e-02
-5.343347460524938697e-02
-5.343347460524938697e-02
-5.852708307931209220e-02
-5.852708307931209220e-02
-5.343347460524938697e-02
-4.579306189415532913e-02
-4.833986613118668174e-02
-5.343347460524938697e-02
-6.107388731634344481e-02
-5.852708307931209220e-02
-5.852708307931209220e-02
-5.343347460524938697e-02
-4.579306189415532913e-02
-4.833986613118668174e-02
-5.343347460524938697e-02
-5.343347460524938697e-02
-5.852708307931209220e-02
-6.107388731634344481e-02
-5.088667036821803435e-02
-5.343347460524938697e-02
-4.833986613118668174e-02
-5.343347460524938697e-02
-5.343347460524938697e-02
-5.343347460524938697e-02
-5.852708307931209220e-02
-5.852708307931209220e-02
-5.088667036821803435e-02
-5.343347460524938697e-02
-4.579306189415532913e-02
-4.833986613118668174e-02
-5.343347460524938697e-02
-5.343347460524938697e-02
-6.107388731634344481e-02
-5.598027884228073958e-02
-4.579306189415532913e-02
-4.579306189415532913e-02
-5.088667036821803435e-02
-5.343347460524938697e-02
-5.852708307931209220e-02
-6.107388731634344481e-02
-6.107388731634344481e-02
-5.343347460524938697e-02
-5.088667036821803435e-02
-4.833986613118668174e-02
-4.833986613118668174e-02
-5.088667036821803435e-02
-5.598027884228073958e-02
-6.107388731634344481e-02
-5.088667036821803435e-02
-5.343347460524938697e-02
-4.579306189415532913e-02
-4.579306189415532913e-02
-5.343347460524938697e-02
-6.107388731634344481e-02
-6.107388731634344481e-02
-5.088667036821803435e-02
-5.343347460524938697e-02
-4.833986613118668174e-02
-5.088667036821803435e-02
-5.088667036821803435e-02
-5.343347460524938697e-02
-5.852708307931209220e-02
-6.107388731634344481e-02
-5.343347460524938697e-02
-4.833986613118668174e-02
-4.833986613118668174e-02
-5.343347460524938697e-02
-5.343347460524938697e-02
-5.598027884228073958e-02
-6.107388731634344481e-02
-5.343347460524938697e-02
-5.343347460524938697e-02
-4.833986613118668174e-02
-4.833986613118668174e-02
-5.343347460524938697e-02
-5.343347460524938697e-02
-5.852708307931209220e-02
-6.362069155337479742e-02
-5.343347460524938697e-02
-5.343347460524938697e-02
-4.833986613118668174e-02
-4.833986613118668174e-02
-5.088667036821803435e-02
-5.852708307931209220e-02
-5.598027884228073958e-02
-5.343347460524938697e-02
-5.088667036821803435e-02
-4.579306189415532913e-02
-4.833986613118668174e-02
-5.343347460524938697e-02
-5.343347460524938697e-02
-5.852708307931209220e-02
-6.107388731634344481e-02
-5.343347460524938697e-02
-4.579306189415532913e-02
-5.343347460524938697e-02
-5.343347460524938697e-02
-6.107388731634344481e-02
-5.852708307931209220e-02
-6.107388731634344481e-02
-5.343347460524938697e-02
-5.088667036821803435e-02
-4.579306189415532913e-02
-5.088667036821803435e-02
-5.343347460524938697e-02
-5.852708307931209220e-02
-5.343347460524938697e-02
-5.343347460524938697e-02
-5.343347460524938697e-02
-5.088667036821803435e-02
-5.343347460524938697e-02
-5.343347460524938697e-02
-5.852708307931209220e-02
-5.852708307931209220e-02
-5.343347460524938697e-02
-5.343347460524938697e-02
-4.579306189415532913e-02
-4.833986613118668174e-02
-5.343347460524938697e-02
-5.343347460524938697e-02
-5.852708307931209220e-02
-6.107388731634344481e-02
-5.088667036821803435e-02
-5.343347460524938697e-02
-4.833986613118668174e-02
-4.833986613118668174e-02
-5.088667036821803435e-02
-5.343347460524938697e-02
-6.107388731634344481e-02
-6.107388731634344481e-02
-5.343347460524938697e-02
-5.343347460524938697e-02
-4.579306189415532913e-02
-5.343347460524938697e-02
-5.343347460524938697e-02
-5.852708307931209220e-02
-6.107388731634344481e-02
-5.088667036821803435e-02
-5.343347460524938697e-02
-4.833986613118668174e-02
-5.088667036821803435e-02
-5.343347460524938697e-02
-5.343347460524938697e-02
-6.107388731634344481e-02
-5.343347460524938697e-02
-5.088667036821803435e-02
-4.579306189415532913e-02
-4.833986613118668174e-02
-5.343347460524938697e-02
-5.343347460524938697e-02
-5.852708307931209220e-02
-5.852708307931209220e-02
-5.088667036821803435e-02
-4.579306189415532913e-02
-4.833986613118668174e-02
-5.088667036821803435e-02
-5.343347460524938697e-02
-5.852708307931209220e-02
-6.107388731634344481e-02
-5.343347460524938697e-02
-5.343347460524938697e-02
-4.579306189415532913e-02
-5.088667036821803435e-02
-5.343347460524938697e-02
-5.343347460524938697e-02
-5.852708307931209220e-02
-5.852708307931209220e-02
-5.343347460524938697e-02
-4.833986613118668174e-02
-4.833986613118668174e-02
-5.343347460524938697e-02
-5.343347460524938697e-02
-5.852708307931209220e-02
-6.107388731634344481e-02
-5.343347460524938697e-02
-5.343347460524938697e-02
-4.579306189415532913e-02
-5.343347460524938697e-02
-5.343347460524938697e-02
-5.852708307931209220e-02
-6.107388731634344481e-02
-5.343347460524938697e-02
-4.833986613118668174e-02
-4.579306189415532913e-02
-5.343347460524938697e-02
-5.088667036821803435e-02
-6.107388731634344481e-02
-6.107388731634344481e-02
-5.343347460524938697e-02
-5.343347460524938697e-02
-4.579306189415532913e-02
-5.343347460524938697e-02
-5.343347460524938697e-02
-5.852708307931209220e-02
-5.852708307931209220e-02
-5.088667036821803435e-02
-5.343347460524938697e-02
-4.833986613118668174e-02
-4.833986613118668174e-02
-5.088667036821803435e-02
-5.343347460524938697e-02
-5.852708307931209220e-02
-5.852708307931209220e-02
-5.088667036821803435e-02
-5.343347460524938697e-02
-4.833986613118668174e-02
-5.343347460524938697e-02
-5.343347460524938697e-02
-5.852708307931209220e-02
-6.107388731634344481e-02
-5.343347460524938697e-02
-5.343347460524938697e-02
-5.343347460524938697e-02
-4.833986613118668174e-02
-5.343347460524938697e-02
-5.343347460524938697e-02
-6.107388731634344481e-02
-5.088667036821803435e-02
-5.088667036821803435e-02
-4.579306189415532913e-02
-4.579306189415532913e-02
-5.088667036821803435e-02
-5.088667036821803435e-02
-6.107388731634344481e-02
-5.852708307931209220e-02
-5.088667036821803435e-02
-5.088667036821803435e-02
-4.833986613118668174e-02
-5.088667036821803435e-02
-5.088667036821803435e-02
-5.598027884228073958e-02
-5.852708307931209220e-02
-5.852708307931209220e-02
-5.343347460524938697e-02
-5.343347460524938697e-02
-4.833986613118668174e-02
-4.833986613118668174e-02
-5.088667036821803435e-02
-5.343347460524938697e-02
-6.107388731634344481e-02
-6.107388731634344481e-02
-5.343347460524938697e-02
-4.833986613118668174e-02
-4.833986613118668174e-02
-5.088667036821803435e-02
-5.598027884228073958e-02
-5.343347460524938697e-02
-6.107388731634344481e-02
-5.088667036821803435e-02
-5.343347460524938697e-02
-4.579306189415532913e-02
-4.833986613118668174e-02
-5.343347460524938697e-02
-5.343347460524938697e-02
-5.852708307931209220e-02
-6.107388731634344481e-02
-5.343347460524938697e-02
-5.598027884228073958e-02
-4.833986613118668174e-02
-5.088667036821803435e-02
-6.107388731634344481e-02
-5.852708307931209220e-02
-5.088667036821803435e-02
-5.343347460524938697e-02
-4.833986613118668174e-02
-5.343347460524938697e-02
-5.343347460524938697e-02
-5.852708307931209220e-02
-5.852708307931209220e-02
-5.852708307931209220e-02
-5.088667036821803435e-02
-4.833986613118668174e-02
-4.579306189415532913e-02
-5.088667036821803435e-02
-5.088667036821803435e-02
-5.343347460524938697e-02
-5.852708307931209220e-02
-5.852708307931209220e-02
-5.343347460524938697e-02
-5.598027884228073958e-02
-4.579306189415532913e-02
-5.343347460524938697e-02
-5.343347460524938697e-02
-5.343347460524938697e-02
-5.852708307931209220e-02
-5.343347460524938697e-02
-5.088667036821803435e-02
-4.579306189415532913e-02
-4.833986613118668174e-02
-5.343347460524938697e-02
-5.852708307931209220e-02
-6.107388731634344481e-02
-5.088667036821803435e-02
-4.833986613118668174e-02
-4.833986613118668174e-02
-5.088667036821803435e-02
-5.343347460524938697e-02
-5.852708307931209220e-02
-5.852708307931209220e-02
-5.088667036821803435e-02
-5.343347460524938697e-02
-5.088667036821803435e-02
-4.833986613118668174e-02
-5.088667036821803435e-02
-5.343347460524938697e-02
-6.107388731634344481e-02
-5.343347460524938697e-02
-5.343347460524938697e-02
-4.579306189415532913e-02
-4.579306189415532913e-02
-5.088667036821803435e-02
-5.343347460524938697e-02
-5.852708307931209220e-02
-6.107388731634344481e-02
-5.088667036821803435e-02
-4.833986613118668174e-02
-4.579306189415532913e-02
-5.343347460524938697e-02
-5.088667036821803435e-02
-5.852708307931209220e-02
-5.598027884228073958e-02
-5.088667036821803435e-02
-5.598027884228073958e-02
-4.833986613118668174e-02
-4.833986613118668174e-02
-5.343347460524938697e-02
-5.852708307931209220e-02
-5.852708307931209220e-02
-5.088667036821803435e-02
-5.343347460524938697e-02
-5.343347460524938697e-02
-4.579306189415532913e-02
-4.833986613118668174e-02
-5.088667036821803435e-02
-5.598027884228073958e-02
-6.107388731634344481e-02
-5.343347460524938697e-02
-5.343347460524938697e-02
-4.579306189415532913e-02
-5.343347460524938697e-02
-5.343347460524938697e-02
-6.107388731634344481e-02
-6.107388731634344481e-02
-5.598027884228073958e-02
-5.343347460524938697e-02
-4.833986613118668174e-02
-4.833986613118668174e-02
-5.343347460524938697e-02
-5.343347460524938697e-02
-5.852708307931209220e-02
-5.852708307931209220e-02
-5.088667036821803435e-02
-5.343347460524938697e-02
-4.833986613118668174e-02
-4.833986613118668174e-02
-5.343347460524938697e-02
-5.343347460524938697e-02
-6.107388731634344481e-02
-5.088667036821803435e-02
-5.343347460524938697e-02
-4.833986613118668174e-02
-4.579306189415532913e-02
-5.343347460524938697e-02
-5.088667036821803435e-02
-5.852708307931209220e-02
-6.107388731634344481e-02
-5.343347460524938697e-02
-5.343347460524938697e-02
-4.579306189415532913e-02
-5.343347460524938697e-02
-5.343347460524938697e-02
-5.852708307931209220e-02
-6.107388731634344481e-02
-5.598027884228073958e-02
-5.343347460524938697e-02
-4.579306189415532913e-02
-5.343347460524938697e-02
-5.343347460524938697e-02
-5.852708307931209220e-02
-5.852708307931209220e-02
-5.088667036821803435e-02
-5.088667036821803435e-02
-4.833986613118668174e-02
-4.833986613118668174e-02
-5.598027884228073958e-02
-5.852708307931209220e-02
-5.852708307931209220e-02
-5.088667036821803435e-02
-5.088667036821803435e-02
-4.833986613118668174e-02
-5.088667036821803435e-02
-5.343347460524938697e-02
-6.107388731634344481e-02
-6.107388731634344481e-02
-5.343347460524938697e-02
-5.343347460524938697e-02
-4.833986613118668174e-02
-4.579306189415532913e-02
-4.579306189415532913e-02
-5.343347460524938697e-02
-5.343347460524938697e-02
-5.852708307931209220e-02
-6.107388731634344481e-02
-5.343347460524938697e-02
-4.579306189415532913e-02
-5.343347460524938697e-02
-5.088667036821803435e-02
-5.088667036821803435e-02
-5.598027884228073958e-02
-5.852708307931209220e-02
-5.088667036821803435e-02
-5.343347460524938697e-02
-4.833986613118668174e-02
-4.833986613118668174e-02
-5.343347460524938697e-02
-5.852708307931209220e-02
-5.852708307931209220e-02
-5.343347460524938697e-02
-5.343347460524938697e-02
-4.833986613118668174e-02
-4.833986613118668174e-02
-5.343347460524938697e-02
-5.852708307931209220e-02
-5.598027884228073958e-02
-5.343347460524938697e-02
-5.598027884228073958e-02
-4.579306189415532913e-02
-4.833986613118668174e-02
-5.343347460524938697e-02
-5.598027884228073958e-02
-5.852708307931209220e-02
-5.852708307931209220e-02
-5.088667036821803435e-02
-5.343347460524938697e-02
-4.833986613118668174e-02
-5.088667036821803435e-02
-5.343347460524938697e-02
-5.852708307931209220e-02
-5.852708307931209220e-02
-5.343347460524938697e-02
-4.579306189415532913e-02
-4.579306189415532913e-02
-5.088667036821803435e-02
-5.088667036821803435e-02
-5.852708307931209220e-02
-6.107388731634344481e-02
-5.598027884228073958e-02
-5.343347460524938697e-02
-4.579306189415532913e-02
-5.088667036821803435e-02
-5.088667036821803435e-02
-5.598027884228073958e-02
-5.852708307931209220e-02
-5.343347460524938697e-02
-5.343347460524938697e-02
-4.833986613118668174e-02
-4.579306189415532913e-02
-5.343347460524938697e-02
-5.088667036821803435e-02
-5.598027884228073958e-02
-5.343347460524938697e-02
-5.343347460524938697e-02
-4.579306189415532913e-02
-4.579306189415532913e-02
-5.088667036821803435e-02
-5.343347460524938697e-02
-5.852708307931209220e-02
-5.852708307931209220e-02
-5.343347460524938697e-02
-4.833986613118668174e-02
-4.579306189415532913e-02
-4.833986613118668174e-02
-5.088667036821803435e-02
-5.343347460524938697e-02
-5.852708307931209220e-02
-6.107388731634344481e-02
-5.343347460524938697e-02
-5.343347460524938697e-02
-4.833986613118668174e-02
-5.343347460524938697e-02
-5.343347460524938697e-02
-5.852708307931209220e-02
-5.852708307931209220e-02
-5.343347460524938697e-02
-4.579306189415532913e-02
-4.579306189415532913e-02
-5.343347460524938697e-02
-5.343347460524938697e-02
-5.852708307931209220e-02
-5.852708307931209220e-02
-5.088667036821803435e-02
-4.833986613118668174e-02
-4.579306189415532913e-02
-5.343347460524938697e-02
-5.343347460524938697e-02
-5.852708307931209220e-02
-5.852708307931209220e-02
-5.343347460524938697e-02
-5.343347460524938697e-02
-4.579306189415532913e-02
-4.833986613118668174e-02
-5.343347460524938697e-02
-5.852708307931209220e-02
-5.852708307931209220e-02
-5.088667036821803435e-02
-5.343347460524938697e-02
-4.579306189415532913e-02
-4.579306189415532913e-02
-5.088667036821803435e-02
-5.343347460524938697e-02
-6.107388731634344481e-02
-6.107388731634344481e-02
-5.343347460524938697e-02
-4.579306189415532913e-02
-4.833986613118668174e-02
-5.343347460524938697e-02
-5.343347460524938697e-02
-5.343347460524938697e-02
-5.852708307931209220e-02
-5.088667036821803435e-02
-5.343347460524938697e-02
-4.579306189415532913e-02
-4.833986613118668174e-02
-5.088667036821803435e-02
-5.343347460524938697e-02
-6.107388731634344481e-02
-6.107388731634344481e-02
-5.343347460524938697e-02
-4.579306189415532913e-02
-4.579306189415532913e-02
-5.343347460524938697e-02
-5.343347460524938697e-02
-5.852708307931209220e-02
-6.107388731634344481e-02
-5.343347460524938697e-02
-5.343347460524938697e-02
-4.579306189415532913e-02
-5.088667036821803435e-02
-5.343347460524938697e-02
-5.852708307931209220e-02
-5.343347460524938697e-02
-5.088667036821803435e-02
-5.343347460524938697e-02
-5.088667036821803435e-02
-5.088667036821803435e-02
-5.088667036821803435e-02
-5.343347460524938697e-02
-6.107388731634344481e-02
-5.343347460524938697e-02
-5.598027884228073958e-02
-4.833986613118668174e-02
-4.833986613118668174e-02
-5.343347460524938697e-02
-5.852708307931209220e-02
-5.852708307931209220e-02
-5.343347460524938697e-02
-4.833986613118668174e-02
-5.343347460524938697e-02
-4.833986613118668174e-02
-5.088667036821803435e-02
-5.343347460524938697e-02
-6.107388731634344481e-02
-6.107388731634344481e-02
-5.343347460524938697e-02
-5.343347460524938697e-02
-4.579306189415532913e-02
-4.833986613118668174e-02
-5.343347460524938697e-02
-6.107388731634344481e-02
-5.852708307931209220e-02
-5.088667036821803435e-02
-5.343347460524938697e-02
-4.833986613118668174e-02
-4.579306189415532913e-02
-5.343347460524938697e-02
-5.343347460524938697e-02
-5.852708307931209220e-02
-5.852708307931209220e-02
-5.343347460524938697e-02
-5.343347460524938697e-02
-5.088667036821803435e-02
-5.343347460524938697e-02
-5.343347460524938697e-02
-6.107388731634344481e-02
-5.343347460524938697e-02
-5.343347460524938697e-02
-4.833986613118668174e-02
-4.833986613118668174e-02
-4.833986613118668174e-02
-5.343347460524938697e-02
-5.343347460524938697e-02
-5.852708307931209220e-02
-6.107388731634344481e-02
-5.343347460524938697e-02
-4.579306189415532913e-02
-4.833986613118668174e-02
-5.088667036821803435e-02
-5.343347460524938697e-02
-6.107388731634344481e-02
-5.852708307931209220e-02
-5.343347460524938697e-02
-4.833986613118668174e-02
-4.833986613118668174e-02
-5.343347460524938697e-02
-5.343347460524938697e-02
-5.852708307931209220e-02
-5.852708307931209220e-02
-5.343347460524938697e-02
-5.343347460524938697e-02
-4.833986613118668174e-02
-5.598027884228073958e-02
-5.088667036821803435e-02
-6.107388731634344481e-02
-6.107388731634344481e-02
-5.343347460524938697e-02
-4.833986613118668174e-02
-4.833986613118668174e-02
-5.343347460524938697e-02
-5.088667036821803435e-02
-5.852708307931209220e-02
-5.852708307931209220e-02
-5.088667036821803435e-02
-5.343347460524938697e-02
-4.579306189415532913e-02
-4.833986613118668174e-02
-5.343347460524938697e-02
-5.852708307931209220e-02
-5.852708307931209220e-02
-5.088667036821803435e-02
-5.088667036821803435e-02
-4.833986613118668174e-02
-4.579306189415532913e-02
-5.343347460524938697e-02
-5.343347460524938697e-02
-5.852708307931209220e-02
-6.107388731634344481e-02
-5.088667036821803435e-02
-5.343347460524938697e-02
-4.833986613118668174e-02
-4.579306189415532913e-02
-5.088667036821803435e-02
-5.088667036821803435e-02
-5.852708307931209220e-02
-5.852708307931209220e-02
-5.343347460524938697e-02
-4.579306189415532913e-02
-4.833986613118668174e-02
-5.088667036821803435e-02
-5.343347460524938697e-02
-5.852708307931209220e-02
-6.107388731634344481e-02
-5.088667036821803435e-02
-5.088667036821803435e-02
-4.579306189415532913e-02
-5.088667036821803435e-02
-5.343347460524938697e-02
-5.852708307931209220e-02
-5.852708307931209220e-02
-5.343347460524938697e-02
-5.343347460524938697e-02
-5.088667036821803435e-02
-4.833986613118668174e-02
-5.343347460524938697e-02
-5.852708307931209220e-02
-6.107388731634344481e-02
-5.343347460524938697e-02
-5.343347460524938697e-02
-4.833986613118668174e-02
-4.579306189415532913e-02
-5.343347460524938697e-02
-5.852708307931209220e-02
-5.852708307931209220e-02
-5.088667036821803435e-02
-5.343347460524938697e-02
-4.579306189415532913e-02
-5.088667036821803435e-02
-5.343347460524938697e-02
-5.852708307931209220e-02
-5.852708307931209220e-02
-5.343347460524938697e-02
-5.343347460524938697e-02
-4.833986613118668174e-02
-4.579306189415532913e-02
-5.088667036821803435e-02
-5.343347460524938697e-02
-6.107388731634344481e-02
-5.598027884228073958e-02
-5.598027884228073958e-02
-4.833986613118668174e-02
-4.833986613118668174e-02
-5.088667036821803435e-02
-5.343347460524938697e-02
-6.107388731634344481e-02
-5.343347460524938697e-02
-5.343347460524938697e-02
-4.833986613118668174e-02
-4.579306189415532913e-02
-5.088667036821803435e-02
-5.343347460524938697e-02
-5.598027884228073958e-02
-5.343347460524938697e-02
-6.107388731634344481e-02
-5.343347460524938697e-02
-5.088667036821803435e-02
-4.833986613118668174e-02
-5.343347460524938697e-02
-5.343347460524938697e-02
-5.852708307931209220e-02
-5.852708307931209220e-02
-5.343347460524938697e-02
-4.579306189415532913e-02
-4.579306189415532913e-02
-5.343347460524938697e-02
-5.852708307931209220e-02
-6.107388731634344481e-02
-5.088667036821803435e-02
-5.088667036821803435e-02
-5.343347460524938697e-02
-4.833986613118668174e-02
-5.343347460524938697e-02
-5.088667036821803435e-02
-6.107388731634344481e-02
-5.852708307931209220e-02
-5.343347460524938697e-02
-5.343347460524938697e-02
-5.088667036821803435e-02
-4.579306189415532913e-02
-5.088667036821803435e-02
-5.343347460524938697e-02
-6.107388731634344481e-02
-5.088667036821803435e-02
-5.088667036821803435e-02
-5.088667036821803435e-02
-4.579306189415532913e-02
-5.088667036821803435e-02
-5.598027884228073958e-02
-6.107388731634344481e-02
-5.343347460524938697e-02
-5.343347460524938697e-02
-4.579306189415532913e-02
-4.833986613118668174e-02
-5.343347460524938697e-02
-5.088667036821803435e-02
-6.107388731634344481e-02
-5.852708307931209220e-02
-5.088667036821803435e-02
-4.833986613118668174e-02
-4.579306189415532913e-02
-4.579306189415532913e-02
-5.088667036821803435e-02
-5.852708307931209220e-02
-5.852708307931209220e-02
-5.343347460524938697e-02
-5.343347460524938697e-02
-5.088667036821803435e-02
-4.833986613118668174e-02
-5.343347460524938697e-02
-5.343347460524938697e-02
-5.852708307931209220e-02
-5.852708307931209220e-02
-5.343347460524938697e-02
-5.343347460524938697e-02
-4.579306189415532913e-02
-4.833986613118668174e-02
-5.343347460524938697e-02
-5.343347460524938697e-02
-6.107388731634344481e-02
-6.107388731634344481e-02
-5.343347460524938697e-02
-5.343347460524938697e-02
-4.833986613118668174e-02
-5.343347460524938697e-02
-5.088667036821803435e-02
-5.852708307931209220e-02
-5.852708307931209220e-02
-5.343347460524938697e-02
-5.343347460524938697e-02
-4.579306189415532913e-02
-4.579306189415532913e-02
-5.343347460524938697e-02
-5.852708307931209220e-02
-5.852708307931209220e-02
-5.088667036821803435e-02
-5.598027884228073958e-02
-4.833986613118668174e-02
-4.833986613118668174e-02
-5.343347460524938697e-02
-5.088667036821803435e-02
-5.852708307931209220e-02
-5.852708307931209220e-02
-5.088667036821803435e-02
-4.833986613118668174e-02
-4.833986613118668174e-02
-5.343347460524938697e-02
-5.343347460524938697e-02
-5.852708307931209220e-02
-5.343347460524938697e-02
-5.343347460524938697e-02
-4.579306189415532913e-02
-4.579306189415532913e-02
-5.343347460524938697e-02
-6.107388731634344481e-02
-5.852708307931209220e-02
-6.107388731634344481e-02
-5.088667036821803435e-02
-4.579306189415532913e-02
-5.343347460524938697e-02
-5.343347460524938697e-02
-5.343347460524938697e-02
-5.852708307931209220e-02
-5.343347460524938697e-02
-5.343347460524938697e-02
-4.833986613118668174e-02
-4.579306189415532913e-02
-5.088667036821803435e-02
-5.088667036821803435e-02
-5.343347460524938697e-02
-5.852708307931209220e-02
-5.852708307931209220e-02
-5.343347460524938697e-02
-4.579306189415532913e-02
-5.343347460524938697e-02
-5.598027884228073958e-02
-5.088667036821803435e-02
-5.852708307931209220e-02
-6.107388731634344481e-02
-5.088667036821803435e-02
-5.343347460524938697e-02
-4.579306189415532913e-02
-5.343347460524938697e-02
-5.343347460524938697e-02
-5.852708307931209220e-02
-5.852708307931209220e-02
-5.088667036821803435e-02
-4.579306189415532913e-02
-4.579306189415532913e-02
-5.088667036821803435e-02
-5.343347460524938697e-02
-6.107388731634344481e-02
-5.343347460524938697e-02
-5.343347460524938697e-02
-4.579306189415532913e-02
-4.833986613118668174e-02
-5.343347460524938697e-02
-5.343347460524938697e-02
-5.598027884228073958e-02
-5.852708307931209220e-02
-5.088667036821803435e-02
-4.833986613118668174e-02
-4.579306189415532913e-02
-4.833986613118668174e-02
-5.343347460524938697e-02
-5.343347460524938697e-02
-6.107388731634344481e-02
-5.852708307931209220e-02
-5.343347460524938697e-02
-5.088667036821803435e-02
-4.579306189415532913e-02
-4.833986613118668174e-02
-5.343347460524938697e-02
-5.343347460524938697e-02
-5.852708307931209220e-02
-5.852708307931209220e-02
-5.088667036821803435e-02
-5.343347460524938697e-02
-4.833986613118668174e-02
-5.343347460524938697e-02
-5.598027884228073958e-02
-6.107388731634344481e-02
-5.852708307931209220e-02
-5.343347460524938697e-02
-5.343347460524938697e-02
-4.833986613118668174e-02
-4.833986613118668174e-02
-5.343347460524938697e-02
-5.852708307931209220e-02
-5.852708307931209220e-02
-5.343347460524938697e-02
-5.343347460524938697e-02
-4.833986613118668174e-02
-4.579306189415532913e-02
-5.343347460524938697e-02
-5.852708307931209220e-02
-5.343347460524938697e-02
-5.598027884228073958e-02
-4.579306189415532913e-02
-4.579306189415532913e-02
-5.343347460524938697e-02
-5.343347460524938697e-02
-6.107388731634344481e-02
-5.852708307931209220e-02
-5.343347460524938697e-02
-4.833986613118668174e-02
-4.833986613118668174e-02
-4.579306189415532913e-02
-5.343347460524938697e-02
-5.852708307931209220e-02
-5.852708307931209220e-02
-5.088667036821803435e-02
-5.343347460524938697e-02
-4.833986613118668174e-02
-4.579306189415532913e-02
-5.343347460524938697e-02
-5.852708307931209220e-02
-6.107388731634344481e-02
-5.088667036821803435e-02
-5.088667036821803435e-02
-4.833986613118668174e-02
-5.088667036821803435e-02
-5.343347460524938697e-02
-5.088667036821803435e-02
-5.343347460524938697e-02
-6.107388731634344481e-02
-5.852708307931209220e-02
-5.343347460524938697e-02
-4.579306189415532913e-02
-4.579306189415532913e-02
-5.343347460524938697e-02
-5.343347460524938697e-02
-5.852708307931209220e-02
-5.852708307931209220e-02
-5.343347460524938697e-02
-5.343347460524938697e-02
-4.579306189415532913e-02
-4.833986613118668174e-02
-5.088667036821803435e-02
-5.088667036821803435e-02
-5.852708307931209220e-02
-5.088667036821803435e-02
-5.343347460524938697e-02
-4.579306189415532913e-02
-4.833986613118668174e-02
-5.343347460524938697e-02
-6.362069155337479742e-02
-5.088667036821803435e-02
-5.088667036821803435e-02
-5.343347460524938697e-02
-4.833986613118668174e-02
-4.579306189415532913e-02
-5.088667036821803435e-02
-5.343347460524938697e-02
-5.852708307931209220e-02
-5.852708307931209220e-02
-5.343347460524938697e-02
-4.833986613118668174e-02
-4.833986613118668174e-02
-5.088667036821803435e-02
-5.343347460524938697e-02
-5.852708307931209220e-02
-5.852708307931209220e-02
-5.343347460524938697e-02
-5.343347460524938697e-02
-4.833986613118668174e-02
-4.833986613118668174e-02
-5.088667036821803435e-02
-6.362069155337479742e-02
-6.107388731634344481e-02
-5.088667036821803435e-02
-5.343347460524938697e-02
-5.088667036821803435e-02
-4.833986613118668174e-02
-5.088667036821803435e-02
-5.343347460524938697e-02
-5.852708307931209220e-02
-5.088667036821803435e-02
-5.088667036821803435e-02
-4.324625765712397651e-02
-4.833986613118668174e-02
-5.343347460524938697e-02
-6.107388731634344481e-02
-5.598027884228073958e-02
-5.598027884228073958e-02
-5.343347460524938697e-02
-4.833986613118668174e-02
-4.833986613118668174e-02
-5.343347460524938697e-02
-5.343347460524938697e-02
-5.852708307931209220e-02
-6.107388731634344481e-02
-5.343347460524938697e-02
-5.343347460524938697e-02
-5.088667036821803435e-02
-4.833986613118668174e-02
-5.343347460524938697e-02
-5.088667036821803435e-02
-5.852708307931209220e-02
-5.343347460524938697e-02
-5.088667036821803435e-02
-4.833986613118668174e-02
-4.833986613118668174e-02
-5.088667036821803435e-02
-5.088667036821803435e-02
-5.852708307931209220e-02
-6.107388731634344481e-02
-5.343347460524938697e-02
-4.833986613118668174e-02
-4.833986613118668174e-02
-5.088667036821803435e-02
-5.852708307931209220e-02
-6.107388731634344481e-02
-5.088667036821803435e-02
-5.343347460524938697e-02
-4.833986613118668174e-02
-4.833986613118668174e-02
-5.343347460524938697e-02
-5.343347460524938697e-02
-6.107388731634344481e-02
-6.107388731634344481e-02
-5.343347460524938697e-02
-5.343347460524938697e-02
-5.343347460524938697e-02
-4.833986613118668174e-02
-5.343347460524938697e-02
-5.088667036821803435e-02
-5.852708307931209220e-02
-5.852708307931209220e-02
-5.343347460524938697e-02
-5.088667036821803435e-02
-4.833986613118668174e-02
-5.343347460524938697e-02
-5.852708307931209220e-02
-5.852708307931209220e-02
-5.852708307931209220e-02
-5.343347460524938697e-02
-5.343347460524938697e-02
-4.833986613118668174e-02
-4.833986613118668174e-02
-5.088667036821803435e-02
-5.343347460524938697e-02
-6.107388731634344481e-02
-5.852708307931209220e-02
-5.343347460524938697e-02
-4.579306189415532913e-02
-4.579306189415532913e-02
-5.343347460524938697e-02
-5.343347460524938697e-02
-5.852708307931209220e-02
-5.598027884228073958e-02
-5.088667036821803435e-02
-4.833986613118668174e-02
-4.579306189415532913e-02
-5.343347460524938697e-02
-5.088667036821803435e-02
-5.852708307931209220e-02
-5.852708307931209220e-02
-5.088667036821803435e-02
-5.088667036821803435e-02
-4.833986613118668174e-02
-5.343347460524938697e-02
-5.343347460524938697e-02
-5.852708307931209220e-02
-5.598027884228073958e-02
-5.343347460524938697e-02
-4.579306189415532913e-02
-4.579306189415532913e-02
-5.343347460524938697e-02
-5.343347460524938697e-02
-5.852708307931209220e-02
-5.852708307931209220e-02
-5.343347460524938697e-02
-5.088667036821803435e-02
-4.833986613118668174e-02
-5.343347460524938697e-02
-5.343347460524938697e-02
-5.852708307931209220e-02
-5.598027884228073958e-02
-5.343347460524938697e-02
-5.088667036821803435e-02
-4.833986613118668174e-02
-5.343347460524938697e-02
-5.343347460524938697e-02
-6.107388731634344481e-02
-6.107388731634344481e-02
-5.343347460524938697e-02
-4.833986613118668174e-02
-4.833986613118668174e-02
-5.598027884228073958e-02
-5.343347460524938697e-02
-5.852708307931209220e-02
-5.852708307931209220e-02
-5.343347460524938697e-02
-4.833986613118668174e-02
-4.579306189415532913e-02
-5.343347460524938697e-02
-5.088667036821803435e-02
-6.107388731634344481e-02
-5.852708307931209220e-02
-5.343347460524938697e-02
-5.343347460524938697e-02
-4.579306189415532913e-02
-4.579306189415532913e-02
-5.343347460524938697e-02
-5.852708307931209220e-02
-5.852708307931209220e-02
-5.088667036821803435e-02
-5.343347460524938697e-02
-4.833986613118668174e-02
-4.579306189415532913e-02
-5.343347460524938697e-02
-5.088667036821803435e-02
-5.852708307931209220e-02
-5.852708307931209220e-02
-5.598027884228073958e-02
-5.343347460524938697e-02
-4.833986613118668174e-02
-4.579306189415532913e-02
-5.088667036821803435e-02
-5.343347460524938697e-02
-5.852708307931209220e-02
-5.343347460524938697e-02
-5.088667036821803435e-02
-4.833986613118668174e-02
-4.833986613118668174e-02
-5.598027884228073958e-02
-5.343347460524938697e-02
-6.107388731634344481e-02
-5.343347460524938697e-02
-5.088667036821803435e-02
-5.598027884228073958e-02
-4.579306189415532913e-02
-5.343347460524938697e-02
-5.852708307931209220e-02
-6.107388731634344481e-02
-6.107388731634344481e-02
-5.343347460524938697e-02
-5.088667036821803435e-02
-4.833986613118668174e-02
-5.343347460524938697e-02
-5.343347460524938697e-02
-5.852708307931209220e-02
-5.852708307931209220e-02
-5.088667036821803435e-02
-5.088667036821803435e-02
-4.833986613118668174e-02
-5.088667036821803435e-02
-5.343347460524938697e-02
-5.343347460524938697e-02
-5.852708307931209220e-02
-5.343347460524938697e-02
-5.343347460524938697e-02
-4.579306189415532913e-02
-4.833986613118668174e-02
-4.579306189415532913e-02
-5.088667036821803435e-02
-5.852708307931209220e-02
-5.343347460524938697e-02
-5.088667036821803435e-02
-4.833986613118668174e-02
-5.343347460524938697e-02
-5.343347460524938697e-02
-5.343347460524938697e-02
-5.598027884228073958e-02
-5.852708307931209220e-02
-5.598027884228073958e-02
-5.343347460524938697e-02
-4.833986613118668174e-02
-4.579306189415532913e-02
-5.088667036821803435e-02
-6.107388731634344481e-02
-5.852708307931209220e-02
-5.598027884228073958e-02
-5.088667036821803435e-02
-5.088667036821803435e-02
-4.579306189415532913e-02
-5.343347460524938697e-02
-5.852708307931209220e-02
-5.852708307931209220e-02
-5.852708307931209220e-02
-5.343347460524938697e-02
-4.833986613118668174e-02
-4.833986613118668174e-02
-5.343347460524938697e-02
-5.343347460524938697e-02
-6.107388731634344481e-02
-6.107388731634344481e-02
-5.343347460524938697e-02
-5.343347460524938697e-02
-4.833986613118668174e-02
-4.579306189415532913e-02
-5.598027884228073958e-02
-6.107388731634344481e-02
-6.107388731634344481e-02
-5.598027884228073958e-02
-5.343347460524938697e-02
-4.833986613118668174e-02
-5.343347460524938697e-02
-5.088667036821803435e-02
-5.088667036821803435e-02
-5.852708307931209220e-02
-5.343347460524938697e-02
-5.088667036821803435e-02
-4.833986613118668174e-02
-4.833986613118668174e-02
-5.088667036821803435e-02
-5.343347460524938697e-02
-6.107388731634344481e-02
-5.343347460524938697e-02
-5.088667036821803435e-02
-4.579306189415532913e-02
-4.833986613118668174e-02
-5.088667036821803435e-02
-5.088667036821803435e-02
-6.107388731634344481e-02
-5.852708307931209220e-02
-5.598027884228073958e-02
-5.343347460524938697e-02
-4.833986613118668174e-02
-4.579306189415532913e-02
-5.088667036821803435e-02
-5.343347460524938697e-02
-5.852708307931209220e-02
-5.852708307931209220e-02
-5.343347460524938697e-02
-5.088667036821803435e-02
-4.579306189415532913e-02
-5.343347460524938697e-02
-5.852708307931209220e-02
-6.107388731634344481e-02
-5.088667036821803435e-02
-5.598027884228073958e-02
-4.833986613118668174e-02
-4.833986613118668174e-02
-5.343347460524938697e-02
-5.343347460524938697e-02
-5.852708307931209220e-02
-5.598027884228073958e-02
-5.343347460524938697e-02
-5.088667036821803435e-02
-4.833986613118668174e-02
-4.833986613118668174e-02
-5.088667036821803435e-02
-5.088667036821803435e-02
-5.852708307931209220e-02
-5.852708307931209220e-02
-5.343347460524938697e-02
-5.088667036821803435e-02
-4.833986613118668174e-02
-5.598027884228073958e-02
-5.343347460524938697e-02
-5.852708307931209220e-02
-6.107388731634344481e-02
-5.598027884228073958e-02
-5.088667036821803435e-02
-4.833986613118668174e-02
-5.343347460524938697e-02
-5.343347460524938697e-02
-6.107388731634344481e-02
-5.343347460524938697e-02
-5.343347460524938697e-02
-5.343347460524938697e-02
-4.833986613118668174e-02
-4.833986613118668174e-02
-5.343347460524938697e-02
-5.343347460524938697e-02
-5.852708307931209220e-02
-5.852708307931209220e-02
-5.343347460524938697e-02
-5.088667036821803435e-02
-5.343347460524938697e-02
-5.343347460524938697e-02
-5.343347460524938697e-02
-6.107388731634344481e-02
-6.107388731634344481e-02
-5.088667036821803435e-02
-5.343347460524938697e-02
-4.833986613118668174e-02
-4.579306189415532913e-02
-5.088667036821803435e-02
-6.107388731634344481e-02
-5.852708307931209220e-02
-5.343347460524938697e-02
-5.343347460524938697e-02
-4.833986613118668174e-02
-4.833986613118668174e-02
-5.088667036821803435e-02
-6.107388731634344481e-02
-5.852708307931209220e-02
-5.343347460524938697e-02
-4.833986613118668174e-02
-4.579306189415532913e-02
-5.343347460524938697e-02
-5.343347460524938697e-02
-5.088667036821803435e-02
-5.852708307931209220e-02
-5.598027884228073958e-02
-5.088667036821803435e-02
-4.579306189415532913e-02
-4.833986613118668174e-02
-6.107388731634344481e-02
-5.852708307931209220e-02
-6.107388731634344481e-02
-5.343347460524938697e-02
-5.343347460524938697e-02
-4.833986613118668174e-02
-4.833986613118668174e-02
-5.343347460524938697e-02
-5.343347460524938697e-02
-6.107388731634344481e-02
-5.852708307931209220e-02
-5.343347460524938697e-02
-5.088667036821803435e-02
-4.833986613118668174e-02
-4.579306189415532913e-02
-5.343347460524938697e-02
-5.343347460524938697e-02
-5.852708307931209220e-02
-5.343347460524938697e-02
-5.343347460524938697e-02
-4.833986613118668174e-02
-4.833986613118668174e-02
-5.343347460524938697e-02
-5.852708307931209220e-02
-6.107388731634344481e-02
-6.107388731634344481e-02
-5.343347460524938697e-02
-5.343347460524938697e-02
-4.579306189415532913e-02
-5.598027884228073958e-02
-5.343347460524938697e-02
-6.107388731634344481e-02
-5.852708307931209220e-02
-5.343347460524938697e-02
-5.088667036821803435e-02
-4.579306189415532913e-02
-4.579306189415532913e-02
-5.343347460524938697e-02
-5.852708307931209220e-02
-5.852708307931209220e-02
-5.343347460524938697e-02
-5.343347460524938697e-02
-4.833986613118668174e-02
-5.598027884228073958e-02
-5.343347460524938697e-02
-5.852708307931209220e-02
-5.343347460524938697e-02
-5.343347460524938697e-02
-5.088667036821803435e-02
-4.833986613118668174e-02
-4.579306189415532913e-02
-5.088667036821803435e-02
-5.343347460524938697e-02
-6.107388731634344481e-02
-5.852708307931209220e-02
-5.343347460524938697e-02
-4.833986613118668174e-02
-4.579306189415532913e-02
-5.598027884228073958e-02
-5.088667036821803435e-02
-5.852708307931209220e-02
-5.343347460524938697e-02
-5.343347460524938697e-02
-4.579306189415532913e-02
-4.833986613118668174e-02
-5.343347460524938697e-02
-5.852708307931209220e-02
-6.107388731634344481e-02
-5.598027884228073958e-02
-5.598027884228073958e-02
-5.088667036821803435e-02
-4.579306189415532913e-02
-5.343347460524938697e-02
-5.343347460524938697e-02
-5.852708307931209220e-02
-5.852708307931209220e-02
-5.343347460524938697e-02
-5.598027884228073958e-02
-4.579306189415532913e-02
-4.833986613118668174e-02
-5.343347460524938697e-02
-5.852708307931209220e-02
-5.852708307931209220e-02
-5.343347460524938697e-02
-5.343347460524938697e-02
-4.833986613118668174e-02
-4.579306189415532913e-02
-5.343347460524938697e-02
-5.852708307931209220e-02
-5.852708307931209220e-02
-5.598027884228073958e-02
-5.088667036821803435e-02
-5.088667036821803435e-02
-5.343347460524938697e-02
-5.343347460524938697e-02
-5.343347460524938697e-02
-6.107388731634344481e-02
-5.088667036821803435e-02
-5.088667036821803435e-02
-4.833986613118668174e-02
-5.343347460524938697e-02
-5.598027884228073958e-02
-5.852708307931209220e-02
-6.107388731634344481e-02
-5.343347460524938697e-02
-5.343347460524938697e-02
-4.833986613118668174e-02
-4.579306189415532913e-02
-5.598027884228073958e-02
-5.598027884228073958e-02
-6.107388731634344481e-02
-5.852708307931209220e-02
-5.343347460524938697e-02
-5.343347460524938697e-02
-5.088667036821803435e-02
-4.833986613118668174e-02
-5.088667036821803435e-02
-5.088667036821803435e-02
-6.107388731634344481e-02
-5.852708307931209220e-02
-5.343347460524938697e-02
-4.833986613118668174e-02
-4.579306189415532913e-02
-5.343347460524938697e-02
-5.852708307931209220e-02
-5.852708307931209220e-02
-5.088667036821803435e-02
-5.088667036821803435e-02
-5.343347460524938697e-02
-4.833986613118668174e-02
-5.343347460524938697e-02
-5.343347460524938697e-02
-5.852708307931209220e-02
-5.852708307931209220e-02
-5.598027884228073958e-02
-5.343347460524938697e-02
-4.579306189415532913e-02
-5.343347460524938697e-02
-5.852708307931209220e-02
-5.852708307931209220e-02
-5.343347460524938697e-02
-5.343347460524938697e-02
-4.833986613118668174e-02
-5.088667036821803435e-02
-5.343347460524938697e-02
-5.343347460524938697e-02
-6.107388731634344481e-02
-5.852708307931209220e-02
-5.343347460524938697e-02
-5.088667036821803435e-02
-4.833986613118668174e-02
-4.579306189415532913e-02
-5.343347460524938697e-02
-5.852708307931209220e-02
-5.852708307931209220e-02
-5.343347460524938697e-02
-5.088667036821803435e-02
-4.579306189415532913e-02
-4.833986613118668174e-02
-5.343347460524938697e-02
-5.852708307931209220e-02
-5.852708307931209220e-02
-5.088667036821803435e-02
-5.088667036821803435e-02
-5.088667036821803435e-02
-4.833986613118668174e-02
-5.088667036821803435e-02
-6.107388731634344481e-02
-5.088667036821803435e-02
-5.343347460524938697e-02
-4.833986613118668174e-02
-4.833986613118668174e-02
-5.343347460524938697e-02
-5.343347460524938697e-02
-5.852708307931209220e-02
-6.107388731634344481e-02
-5.343347460524938697e-02
-5.343347460524938697e-02
-4.833986613118668174e-02
-5.088667036821803435e-02
-5.343347460524938697e-02
-5.343347460524938697e-02
-5.852708307931209220e-02
-5.852708307931209220e-02
-5.088667036821803435e-02
-5.343347460524938697e-02
-4.833986613118668174e-02
-4.579306189415532913e-02
-5.343347460524938697e-02
-5.343347460524938697e-02
-6.107388731634344481e-02
-5.598027884228073958e-02
-5.088667036821803435e-02
-4.833986613118668174e-02
-4.579306189415532913e-02
-5.343347460524938697e-02
-5.343347460524938697e-02
-6.107388731634344481e-02
-5.598027884228073958e-02
-5.088667036821803435e-02
-5.088667036821803435e-02
-4.833986613118668174e-02
-5.598027884228073958e-02
-5.343347460524938697e-02
-6.107388731634344481e-02
-5.598027884228073958e-02
-5.598027884228073958e-02
-5.088667036821803435e-02
-5.088667036821803435e-02
-5.088667036821803435e-02
-5.343347460524938697e-02
-5.852708307931209220e-02
-5.088667036821803435e-02
-5.343347460524938697e-02
-5.343347460524938697e-02
-4.833986613118668174e-02
-4.833986613118668174e-02
-5.343347460524938697e-02
-5.088667036821803435e-02
-5.852708307931209220e-02
-5.343347460524938697e-02
-5.088667036821803435e-02
-5.088667036821803435e-02
-4.833986613118668174e-02
-5.343347460524938697e-02
-5.343347460524938697e-02
-5.852708307931209220e-02
-5.852708307931209220e-02
-5.088667036821803435e-02
-5.088667036821803435e-02
-4.579306189415532913e-02
-5.088667036821803435e-02
-5.088667036821803435e-02
-5.852708307931209220e-02
-5.852708307931209220e-02
-4.833986613118668174e-02
-4.833986613118668174e-02
-4.579306189415532913e-02
-5.343347460524938697e-02
-6.107388731634344481e-02
-6.107388731634344481e-02
-5.852708307931209220e-02
-5.343347460524938697e-02
-5.343347460524938697e-02
-5.088667036821803435e-02
-4.579306189415532913e-02
-5.343347460524938697e-02
-6.107388731634344481e-02
-6.107388731634344481e-02
-5.343347460524938697e-02
-5.088667036821803435e-02
-4.833986613118668174e-02
-4.833986613118668174e-02
-5.343347460524938697e-02
-5.852708307931209220e-02
-5.852708307931209220e-02
-4.833986613118668174e-02
-4.833986613118668174e-02
-4.579306189415532913e-02
-5.343347460524938697e-02
-5.088667036821803435e-02
-6.107388731634344481e-02
-5.343347460524938697e-02
-5.598027884228073958e-02
-5.088667036821803435e-02
-4.833986613118668174e-02
-5.343347460524938697e-02
-5.343347460524938697e-02
-6.107388731634344481e-02
-5.598027884228073958e-02
-5.343347460524938697e-02
-4.833986613118668174e-02
-5.088667036821803435e-02
-5.343347460524938697e-02
-5.598027884228073958e-02
-5.852708307931209220e-02
-5.852708307931209220e-02
-5.343347460524938697e-02
-5.343347460524938697e-02
-5.088667036821803435e-02
-4.579306189415532913e-02
-5.343347460524938697e-02
-5.343347460524938697e-02
-5.852708307931209220e-02
-5.343347460524938697e-02
-5.343347460524938697e-02
-5.088667036821803435e-02
-5.088667036821803435e-02
-5.343347460524938697e-02
-5.088667036821803435e-02
-6.107388731634344481e-02
-5.343347460524938697e-02
-5.088667036821803435e-02
-4.579306189415532913e-02
-4.833986613118668174e-02
-5.088667036821803435e-02
-5.088667036821803435e-02
-5.852708307931209220e-02
-5.343347460524938697e-02
-4.833986613118668174e-02
-4.833986613118668174e-02
-4.579306189415532913e-02
-5.343347460524938697e-02
-5.343347460524938697e-02
-5.852708307931209220e-02
-5.598027884228073958e-02
-5.343347460524938697e-02
-4.833986613118668174e-02
-4.579306189415532913e-02
-5.088667036821803435e-02
-5.852708307931209220e-02
-6.107388731634344481e-02
-6.107388731634344481e-02
-5.343347460524938697e-02
-4.579306189415532913e-02
-4.579306189415532913e-02
-5.343347460524938697e-02
-5.343347460524938697e-02
-5.852708307931209220e-02
-5.852708307931209220e-02
-5.343347460524938697e-02
-4.579306189415532913e-02
-4.579306189415532913e-02
-5.343347460524938697e-02
-5.343347460524938697e-02
-6.107388731634344481e-02
-6.107388731634344481e-02
-5.343347460524938697e-02
-5.088667036821803435e-02
-4.833986613118668174e-02
-5.088667036821803435e-02
-5.598027884228073958e-02
-5.852708307931209220e-02
-5.852708307931209220e-02
-5.343347460524938697e-02
-4.833986613118668174e-02
-4.579306189415532913e-02
-5.598027884228073958e-02
-5.343347460524938697e-02
-5.852708307931209220e-02
-5.088667036821803435e-02
-5.343347460524938697e-02
-4.579306189415532913e-02
-5.088667036821803435e-02
-5.343347460524938697e-02
-5.088667036821803435e-02
-6.107388731634344481e-02
-5.852708307931209220e-02
-5.343347460524938697e-02
-5.343347460524938697e-02
-4.579306189415532913e-02
-4.833986613118668174e-02
-5.343347460524938697e-02
-6.107388731634344481e-02
-5.852708307931209220e-02
-5.088667036821803435e-02
-5.343347460524938697e-02
-5.088667036821803435e-02
-4.579306189415532913e-02
-4.833986613118668174e-02
-5.343347460524938697e-02
-5.343347460524938697e-02
-5.852708307931209220e-02
-5.343347460524938697e-02
-5.343347460524938697e-02
-4.833986613118668174e-02
-4.833986613118668174e-02
-5.343347460524938697e-02
-5.343347460524938697e-02
-5.852708307931209220e-02
-5.852708307931209220e-02
-5.343347460524938697e-02
-5.088667036821803435e-02
-4.833986613118668174e-02
-5.343347460524938697e-02
-5.343347460524938697e-02
-5.852708307931209220e-02
-5.852708307931209220e-02
-5.343347460524938697e-02
-5.088667036821803435e-02
-4.579306189415532913e-02
-4.579306189415532913e-02
-5.343347460524938697e-02
-5.852708307931209220e-02
-5.852708307931209220e-02
-5.343347460524938697e-02
-5.343347460524938697e-02
-5.088667036821803435e-02
-4.833986613118668174e-02
-5.088667036821803435e-02
-5.343347460524938697e-02
-5.852708307931209220e-02
-5.852708307931209220e-02
-5.343347460524938697e-02
-5.343347460524938697e-02
-4.833986613118668174e-02
-5.343347460524938697e-02
-5.343347460524938697e-02
-5.852708307931209220e-02
-5.852708307931209220e-02
-5.343347460524938697e-02
-5.343347460524938697e-02
-4.579306189415532913e-02
-4.579306189415532913e-02
-5.343347460524938697e-02
-5.343347460524938697e-02
-5.852708307931209220e-02
-5.852708307931209220e-02
-5.088667036821803435e-02
-4.579306189415532913e-02
-4.833986613118668174e-02
-5.343347460524938697e-02
-5.343347460524938697e-02
-6.107388731634344481e-02
-5.852708307931209220e-02
-5.343347460524938697e-02
-5.343347460524938697e-02
-4.579306189415532913e-02
-5.343347460524938697e-02
-5.088667036821803435e-02
-5.852708307931209220e-02
-5.852708307931209220e-02
-5.343347460524938697e-02
-5.343347460524938697e-02
-4.579306189415532913e-02
-4.833986613118668174e-02
-5.088667036821803435e-02
-5.343347460524938697e-02
-5.852708307931209220e-02
-5.852708307931209220e-02
-5.343347460524938697e-02
-5.343347460524938697e-02
-4.579306189415532913e-02
-4.579306189415532913e-02
-5.088667036821803435e-02
-5.852708307931209220e-02
-5.852708307931209220e-02
-5.343347460524938697e-02
-5.343347460524938697e-02
-4.833986613118668174e-02
-5.088667036821803435e-02
-5.343347460524938697e-02
-5.598027884228073958e-02
-6.107388731634344481e-02
-5.343347460524938697e-02
-5.088667036821803435e-02
-5.088667036821803435e-02
-4.833986613118668174e-02
-5.343347460524938697e-02
-5.343347460524938697e-02
-6.107388731634344481e-02
-5.852708307931209220e-02
-5.088667036821803435e-02
-5.343347460524938697e-02
-4.579306189415532913e-02
-4.833986613118668174e-02
-5.343347460524938697e-02
-5.343347460524938697e-02
-5.852708307931209220e-02
-5.343347460524938697e-02
-5.343347460524938697e-02
-4.833986613118668174e-02
-4.833986613118668174e-02
-5.343347460524938697e-02
-5.343347460524938697e-02
-5.852708307931209220e-02
-5.343347460524938697e-02
-5.088667036821803435e-02
-4.579306189415532913e-02
-5.343347460524938697e-02
-5.343347460524938697e-02
-6.107388731634344481e-02
-5.852708307931209220e-02
-5.343347460524938697e-02
-5.088667036821803435e-02
-4.579306189415532913e-02
-4.579306189415532913e-02
-5.088667036821803435e-02
-5.852708307931209220e-02
-6.107388731634344481e-02
-5.343347460524938697e-02
-5.598027884228073958e-02
-4.579306189415532913e-02
-4.579306189415532913e-02
-5.088667036821803435e-02
-5.343347460524938697e-02
-5.852708307931209220e-02
-6.107388731634344481e-02
-5.088667036821803435e-02
-5.343347460524938697e-02
-4.579306189415532913e-02
-4.833986613118668174e-02
-5.343347460524938697e-02
-5.343347460524938697e-02
-5.852708307931209220e-02
-5.088667036821803435e-02
-5.598027884228073958e-02
-4.579306189415532913e-02
-4.833986613118668174e-02
-5.343347460524938697e-02
-5.343347460524938697e-02
-5.852708307931209220e-02
-5.088667036821803435e-02
-4.833986613118668174e-02
-4.833986613118668174e-02
-5.343347460524938697e-02
-5.088667036821803435e-02
-5.343347460524938697e-02
-5.088667036821803435e-02
-5.343347460524938697e-02
-5.343347460524938697e-02
-4.833986613118668174e-02
-4.833986613118668174e-02
-5.088667036821803435e-02
-5.343347460524938697e-02
-5.852708307931209220e-02
-5.343347460524938697e-02
-5.343347460524938697e-02
-4.579306189415532913e-02
-5.343347460524938697e-02
-5.343347460524938697e-02
-5.343347460524938697e-02
-6.107388731634344481e-02
-6.107388731634344481e-02
-5.088667036821803435e-02
-5.343347460524938697e-02
-4.833986613118668174e-02
-5.088667036821803435e-02
-5.088667036821803435e-02
-6.107388731634344481e-02
-5.598027884228073958e-02
-5.088667036821803435e-02
-5.598027884228073958e-02
-4.579306189415532913e-02
-5.343347460524938697e-02
-5.343347460524938697e-02
-5.852708307931209220e-02
-6.107388731634344481e-02
-5.343347460524938697e-02
-4.833986613118668174e-02
-4.579306189415532913e-02
-4.833986613118668174e-02
-5.343347460524938697e-02
-5.343347460524938697e-02
-5.852708307931209220e-02
-5.852708307931209220e-02
-5.343347460524938697e-02
-5.343347460524938697e-02
-4.579306189415532913e-02
-4.579306189415532913e-02
-5.343347460524938697e-02
-5.852708307931209220e-02
-6.107388731634344481e-02
-5.598027884228073958e-02
-5.343347460524938697e-02
-4.579306189415532913e-02
-4.579306189415532913e-02
-5.343347460524938697e-02
-5.343347460524938697e-02
-5.852708307931209220e-02
-5.343347460524938697e-02
-4.579306189415532913e-02
-4.579306189415532913e-02
-5.343347460524938697e-02
-6.107388731634344481e-02
-5.852708307931209220e-02
-5.088667036821803435e-02
-5.343347460524938697e-02
-4.833986613118668174e-02
-4.579306189415532913e-02
-5.343347460524938697e-02
-5.598027884228073958e-02
-5.852708307931209220e-02
-6.107388731634344481e-02
-5.343347460524938697e-02
-5.343347460524938697e-02
-4.833986613118668174e-02
-5.343347460524938697e-02
-5.343347460524938697e-02
-5.852708307931209220e-02
-5.852708307931209220e-02
-5.343347460524938697e-02
-5.088667036821803435e-02
-4.833986613118668174e-02
-4.833986613118668174e-02
-5.343347460524938697e-02
-5.343347460524938697e-02
-6.107388731634344481e-02
-5.852708307931209220e-02
-5.343347460524938697e-02
-5.343347460524938697e-02
-4.833986613118668174e-02
-4.833986613118668174e-02
-5.343347460524938697e-02
-5.852708307931209220e-02
-6.107388731634344481e-02
-5.343347460524938697e-02
-5.343347460524938697e-02
-4.833986613118668174e-02
-4.833986613118668174e-02
-5.088667036821803435e-02
-5.343347460524938697e-02
-6.107388731634344481e-02
-5.852708307931209220e-02
-4.833986613118668174e-02
-4.833986613118668174e-02
-5.343347460524938697e-02
-5.343347460524938697e-02
-6.107388731634344481e-02
-5.852708307931209220e-02
-5.088667036821803435e-02
-5.598027884228073958e-02
-4.579306189415532913e-02
-5.343347460524938697e-02
-5.343347460524938697e-02
-5.343347460524938697e-02
-5.852708307931209220e-02
-5.343347460524938697e-02
-5.343347460524938697e-02
-5.088667036821803435e-02
-4.833986613118668174e-02
-5.343347460524938697e-02
-5.343347460524938697e-02
-5.852708307931209220e-02
-5.852708307931209220e-02
-5.343347460524938697e-02
-5.343347460524938697e-02
-4.833986613118668174e-02
-4.579306189415532913e-02
-5.088667036821803435e-02
-5.852708307931209220e-02
-5.852708307931209220e-02
-5.343347460524938697e-02
-5.343347460524938697e-02
-4.833986613118668174e-02
-4.833986613118668174e-02
-5.343347460524938697e-02
-6.107388731634344481e-02
-5.852708307931209220e-02
-5.088667036821803435e-02
-5.598027884228073958e-02
-4.579306189415532913e-02
-5.343347460524938697e-02
-5.343347460524938697e-02
-5.852708307931209220e-02
-5.852708307931209220e-02
-5.598027884228073958e-02
-5.343347460524938697e-02
-4.833986613118668174e-02
-4.833986613118668174e-02
-5.088667036821803435e-02
-5.088667036821803435e-02
-5.852708307931209220e-02
-5.343347460524938697e-02
-5.088667036821803435e-02
-4.833986613118668174e-02
-4.833986613118668174e-02
-5.343347460524938697e-02
-6.107388731634344481e-02
-5.852708307931209220e-02
-5.088667036821803435e-02
-5.088667036821803435e-02
-4.579306189415532913e-02
-5.343347460524938697e-02
-5.598027884228073958e-02
-5.088667036821803435e-02
-5.852708307931209220e-02
-5.088667036821803435e-02
-5.343347460524938697e-02
-4.579306189415532913e-02
-4.833986613118668174e-02
-5.088667036821803435e-02
-5.088667036821803435e-02
-5.852708307931209220e-02
-6.107388731634344481e-02
-5.343347460524938697e-02
-5.088667036821803435e-02
-4.833986613118668174e-02
-4.579306189415532913e-02
-5.343347460524938697e-02
-5.088667036821803435e-02
-5.343347460524938697e-02
-6.107388731634344481e-02
-6.107388731634344481e-02
-5.088667036821803435e-02
-4.579306189415532913e-02
-4.579306189415532913e-02
-5.343347460524938697e-02
-5.343347460524938697e-02
-5.852708307931209220e-02
-5.852708307931209220e-02
-5.088667036821803435e-02
-5.343347460524938697e-02
-4.579306189415532913e-02
-4.833986613118668174e-02
-5.343347460524938697e-02
-5.343347460524938697e-02
-5.852708307931209220e-02
-6.107388731634344481e-02
-5.088667036821803435e-02
-4.833986613118668174e-02
-4.579306189415532913e-02
-5.088667036821803435e-02
-5.343347460524938697e-02
-5.852708307931209220e-02
-6.107388731634344481e-02
-5.343347460524938697e-02
-5.343347460524938697e-02
-4.833986613118668174e-02
-4.833986613118668174e-02
-5.088667036821803435e-02
-5.343347460524938697e-02
-5.852708307931209220e-02
-5.852708307931209220e-02
-5.343347460524938697e-02
-5.343347460524938697e-02
-4.833986613118668174e-02
-4.833986613118668174e-02
-5.343347460524938697e-02
-6.107388731634344481e-02
-6.107388731634344481e-02
-5.598027884228073958e-02
-5.343347460524938697e-02
-4.833986613118668174e-02
-5.088667036821803435e-02
-5.343347460524938697e-02
-5.343347460524938697e-02
-5.852708307931209220e-02
-6.107388731634344481e-02
-5.088667036821803435e-02
-5.343347460524938697e-02
-4.833986613118668174e-02
-4.833986613118668174e-02
-5.088667036821803435e-02
-5.852708307931209220e-02
-5.852708307931209220e-02
-5.343347460524938697e-02
-5.088667036821803435e-02
-4.833986613118668174e-02
-4.833986613118668174e-02
-5.088667036821803435e-02
-5.343347460524938697e-02
-5.852708307931209220e-02
-5.852708307931209220e-02
-5.598027884228073958e-02
-5.343347460524938697e-02
-4.579306189415532913e-02
-4.833986613118668174e-02
-5.343347460524938697e-02
-5.852708307931209220e-02
-5.852708307931209220e-02
-5.343347460524938697e-02
-5.088667036821803435e-02
-4.579306189415532913e-02
-5.088667036821803435e-02
-5.343347460524938697e-02
-6.107388731634344481e-02
-5.852708307931209220e-02
-5.343347460524938697e-02
-5.343347460524938697e-02
-4.579306189415532913e-02
-4.833986613118668174e-02
-5.343347460524938697e-02
-5.343347460524938697e-02
-6.107388731634344481e-02
-5.852708307931209220e-02
-5.088667036821803435e-02
-5.343347460524938697e-02
-4.833986613118668174e-02
-5.088667036821803435e-02
-5.088667036821803435e-02
-5.852708307931209220e-02
-5.852708307931209220e-02
-5.088667036821803435e-02
-4.833986613118668174e-02
-4.833986613118668174e-02
-5.343347460524938697e-02
-5.852708307931209220e-02
-5.852708307931209220e-02
-5.343347460524938697e-02
-5.343347460524938697e-02
-5.088667036821803435e-02
-4.579306189415532913e-02
-5.088667036821803435e-02
-5.343347460524938697e-02
-5.852708307931209220e-02
-5.852708307931209220e-02
-5.343347460524938697e-02
-5.343347460524938697e-02
-4.833986613118668174e-02
-4.579306189415532913e-02
-5.343347460524938697e-02
-5.343347460524938697e-02
-6.107388731634344481e-02
-5.088667036821803435e-02
-5.343347460524938697e-02
-4.579306189415532913e-02
-4.833986613118668174e-02
-5.343347460524938697e-02
-5.343347460524938697e-02
-5.852708307931209220e-02
-6.107388731634344481e-02
-5.343347460524938697e-02
-5.343347460524938697e-02
-4.579306189415532913e-02
-4.833986613118668174e-02
-5.343347460524938697e-02
-5.343347460524938697e-02
-5.852708307931209220e-02
-5.343347460524938697e-02
-5.343347460524938697e-02
-4.579306189415532913e-02
-5.598027884228073958e-02
-5.343347460524938697e-02
-5.852708307931209220e-02
-5.852708307931209220e-02
-5.343347460524938697e-02
-5.343347460524938697e-02
-4.833986613118668174e-02
-5.343347460524938697e-02
-5.343347460524938697e-02
-5.343347460524938697e-02
-5.852708307931209220e-02
-5.343347460524938697e-02
-4.579306189415532913e-02
-4.579306189415532913e-02
-5.088667036821803435e-02
-5.343347460524938697e-02
-5.343347460524938697e-02
-6.107388731634344481e-02
-5.852708307931209220e-02
-5.343347460524938697e-02
-5.598027884228073958e-02
-4.833986613118668174e-02
-4.833986613118668174e-02
-5.852708307931209220e-02
-5.852708307931209220e-02
-5.852708307931209220e-02
-5.343347460524938697e-02
-4.579306189415532913e-02
-4.833986613118668174e-02
-4.833986613118668174e-02
-5.088667036821803435e-02
-5.852708307931209220e-02
-5.852708307931209220e-02
-5.088667036821803435e-02
-5.343347460524938697e-02
-4.579306189415532913e-02
-5.343347460524938697e-02
-5.088667036821803435e-02
-5.343347460524938697e-02
-5.852708307931209220e-02
-5.343347460524938697e-02
-5.343347460524938697e-02
-4.579306189415532913e-02
-4.579306189415532913e-02
-5.088667036821803435e-02
-5.088667036821803435e-02
-5.852708307931209220e-02
-5.852708307931209220e-02
-5.598027884228073958e-02
-5.343347460524938697e-02
-4.833986613118668174e-02
-4.579306189415532913e-02
-5.343347460524938697e-02
-5.088667036821803435e-02
-6.107388731634344481e-02
-5.852708307931209220e-02
-5.343347460524938697e-02
-5.343347460524938697e-02
-4.833986613118668174e-02
-5.343347460524938697e-02
-5.088667036821803435e-02
-5.852708307931209220e-02
-5.852708307931209220e-02
-5.343347460524938697e-02
-5.343347460524938697e-02
-4.833986613118668174e-02
-4.833986613118668174e-02
-5.088667036821803435e-02
-5.343347460524938697e-02
-5.852708307931209220e-02
-5.852708307931209220e-02
-5.343347460524938697e-02
-4.579306189415532913e-02
-4.833986613118668174e-02
-5.343347460524938697e-02
-5.343347460524938697e-02
-5.852708307931209220e-02
-5.852708307931209220e-02
-5.088667036821803435e-02
-5.598027884228073958e-02
-4.833986613118668174e-02
-5.088667036821803435e-02
-5.343347460524938697e-02
-5.852708307931209220e-02
-5.852708307931209220e-02
-5.088667036821803435e-02
-5.343347460524938697e-02
-4.579306189415532913e-02
-5.088667036821803435e-02
-5.088667036821803435e-02
-5.343347460524938697e-02
-6.107388731634344481e-02
-6.107388731634344481e-02
-5.343347460524938697e-02
-5.343347460524938697e-02
-4.833986613118668174e-02
-5.343347460524938697e-02
-5.852708307931209220e-02
-5.852708307931209220e-02
-5.852708307931209220e-02
-5.343347460524938697e-02
-4.833986613118668174e-02
-4.579306189415532913e-02
-5.088667036821803435e-02
-5.343347460524938697e-02
-5.852708307931209220e-02
-5.852708307931209220e-02
-5.088667036821803435e-02
-4.833986613118668174e-02
-4.579306189415532913e-02
-4.833986613118668174e-02
-5.343347460524938697e-02
-5.852708307931209220e-02
-5.852708307931209220e-02
-5.852708307931209220e-02
-5.343347460524938697e-02
-5.343347460524938697e-02
-4.579306189415532913e-02
-4.833986613118668174e-02
-5.088667036821803435e-02
-5.852708307931209220e-02
-5.852708307931209220e-02
-5.343347460524938697e-02
-5.343347460524938697e-02
-4.833986613118668174e-02
-4.579306189415532913e-02
-4.833986613118668174e-02
-5.343347460524938697e-02
-5.088667036821803435e-02
-6.107388731634344481e-02
-5.852708307931209220e-02
-5.343347460524938697e-02
-4.833986613118668174e-02
-5.088667036821803435e-02
-5.343347460524938697e-02
-5.343347460524938697e-02
-6.107388731634344481e-02
-5.852708307931209220e-02
-5.343347460524938697e-02
-5.343347460524938697e-02
-4.833986613118668174e-02
-5.088667036821803435e-02
-5.343347460524938697e-02
-6.107388731634344481e-02
-5.852708307931209220e-02
-5.088667036821803435e-02
-5.343347460524938697e-02
-4.833986613118668174e-02
-5.088667036821803435e-02
-5.088667036821803435e-02
-5.852708307931209220e-02
-5.852708307931209220e-02
-5.088667036821803435e-02
-5.088667036821803435e-02
-4.579306189415532913e-02
-4.833986613118668174e-02
-5.343347460524938697e-02
-6.107388731634344481e-02
-6.107388731634344481e-02
-5.343347460524938697e-02
-4.833986613118668174e-02
-5.088667036821803435e-02
-5.343347460524938697e-02
-5.852708307931209220e-02
-5.852708307931209220e-02
-5.088667036821803435e-02
-5.343347460524938697e-02
-5.343347460524938697e-02
-4.579306189415532913e-02
-4.833986613118668174e-02
-5.343347460524938697e-02
-5.343347460524938697e-02
-5.343347460524938697e-02
-5.343347460524938697e-02
-4.579306189415532913e-02
-4.833986613118668174e-02
-5.343347460524938697e-02
-5.343347460524938697e-02
-6.107388731634344481e-02
-6.107388731634344481e-02
-5.088667036821803435e-02
-5.343347460524938697e-02
-4.833986613118668174e-02
-4.833986613118668174e-02
-5.343347460524938697e-02
-5.852708307931209220e-02
-6.107388731634344481e-02
-5.088667036821803435e-02
-5.343347460524938697e-02
-4.833986613118668174e-02
-4.579306189415532913e-02
-5.343347460524938697e-02
-5.343347460524938697e-02
-5.852708307931209220e-02
-6.107388731634344481e-02
-5.343347460524938697e-02
-5.343347460524938697e-02
-4.579306189415532913e-02
-4.579306189415532913e-02
-5.343347460524938697e-02
-5.088667036821803435e-02
-6.107388731634344481e-02
-5.852708307931209220e-02
-5.598027884228073958e-02
-5.343347460524938697e-02
-4.833986613118668174e-02
-5.088667036821803435e-02
-5.343347460524938697e-02
-5.598027884228073958e-02
-5.343347460524938697e-02
-5.343347460524938697e-02
-4.833986613118668174e-02
-4.579306189415532913e-02
-5.343347460524938697e-02
-5.343347460524938697e-02
-5.852708307931209220e-02
-6.107388731634344481e-02
-5.088667036821803435e-02
-4.579306189415532913e-02
-4.579306189415532913e-02
-5.343347460524938697e-02
-5.088667036821803435e-02
-5.852708307931209220e-02
-6.107388731634344481e-02
-5.088667036821803435e-02
-5.343347460524938697e-02
-4.579306189415532913e-02
-4.579306189415532913e-02
-5.088667036821803435e-02
-6.107388731634344481e-02
-6.107388731634344481e-02
-5.852708307931209220e-02
-5.343347460524938697e-02
-4.833986613118668174e-02
-4.833986613118668174e-02
-5.343347460524938697e-02
-5.598027884228073958e-02
-5.852708307931209220e-02
-5.852708307931209220e-02
-5.088667036821803435e-02
-5.343347460524938697e-02
-4.579306189415532913e-02
-5.088667036821803435e-02
-5.343347460524938697e-02
-5.598027884228073958e-02
-5.852708307931209220e-02
-5.343347460524938697e-02
-4.833986613118668174e-02
-4.579306189415532913e-02
-4.833986613118668174e-02
-5.343347460524938697e-02
-5.088667036821803435e-02
-5.852708307931209220e-02
-6.107388731634344481e-02
-5.343347460524938697e-02
-5.343347460524938697e-02
-4.833986613118668174e-02
-4.833986613118668174e-02
-5.343347460524938697e-02
-5.343347460524938697e-02
-5.852708307931209220e-02
-5.088667036821803435e-02
-5.343347460524938697e-02
-4.833986613118668174e-02
-5.088667036821803435e-02
-5.343347460524938697e-02
-6.107388731634344481e-02
-5.852708307931209220e-02
-5.088667036821803435e-02
-5.088667036821803435e-02
-4.833986613118668174e-02
-4.579306189415532913e-02
-5.343347460524938697e-02
-5.343347460524938697e-02
-5.598027884228073958e-02
-5.088667036821803435e-02
-5.088667036821803435e-02
-4.579306189415532913e-02
-5.088667036821803435e-02
-5.088667036821803435e-02
-5.343347460524938697e-02
-5.343347460524938697e-02
-6.107388731634344481e-02
-6.107388731634344481e-02
-4.579306189415532913e-02
-4.833986613118668174e-02
-5.088667036821803435e-02
-5.088667036821803435e-02
-6.107388731634344481e-02
-5.598027884228073958e-02
-5.088667036821803435e-02
-5.088667036821803435e-02
-4.833986613118668174e-02
-5.343347460524938697e-02
-5.343347460524938697e-02
-5.852708307931209220e-02
-5.852708307931209220e-02
-5.088667036821803435e-02
-5.088667036821803435e-02
-4.579306189415532913e-02
-4.579306189415532913e-02
-5.088667036821803435e-02
-5.343347460524938697e-02
-5.852708307931209220e-02
-5.343347460524938697e-02
-5.088667036821803435e-02
-5.598027884228073958e-02
-4.833986613118668174e-02
-5.088667036821803435e-02
-5.343347460524938697e-02
-5.343347460524938697e-02
-5.852708307931209220e-02
-6.107388731634344481e-02
-5.343347460524938697e-02
-5.343347460524938697e-02
-4.833986613118668174e-02
-4.833986613118668174e-02
-5.343347460524938697e-02
-5.343347460524938697e-02
-5.852708307931209220e-02
-5.852708307931209220e-02
-5.088667036821803435e-02
-4.833986613118668174e-02
-5.088667036821803435e-02
-5.088667036821803435e-02
-5.088667036821803435e-02
-6.107388731634344481e-02
-5.852708307931209220e-02
-5.088667036821803435e-02
-5.343347460524938697e-02
-4.833986613118668174e-02
-4.833986613118668174e-02
-5.088667036821803435e-02
-5.343347460524938697e-02
-5.852708307931209220e-02
-6.107388731634344481e-02
-5.343347460524938697e-02
-5.343347460524938697e-02
-4.579306189415532913e-02
-5.343347460524938697e-02
-5.088667036821803435e-02
-5.852708307931209220e-02
-6.107388731634344481e-02
-5.088667036821803435e-02
-5.343347460524938697e-02
-4.579306189415532913e-02
-5.088667036821803435e-02
-5.343347460524938697e-02
-5.343347460524938697e-02
-5.852708307931209220e-02
-6.107388731634344481e-02
-5.343347460524938697e-02
-4.833986613118668174e-02
-4.579306189415532913e-02
-5.343347460524938697e-02
-5.343347460524938697e-02
-6.107388731634344481e-02
-6.107388731634344481e-02
-5.343347460524938697e-02
-5.343347460524938697e-02
-5.088667036821803435e-02
-5.088667036821803435e-02
-5.343347460524938697e-02
-5.088667036821803435e-02
-6.107388731634344481e-02
-5.088667036821803435e-02
-5.343347460524938697e-02
-4.579306189415532913e-02
-4.579306189415532913e-02
-5.343347460524938697e-02
-5.343347460524938697e-02
-5.852708307931209220e-02
-6.107388731634344481e-02
-5.343347460524938697e-02
-4.833986613118668174e-02
-4.579306189415532913e-02
-5.343347460524938697e-02
-5.343347460524938697e-02
-5.852708307931209220e-02
-5.852708307931209220e-02
-5.343347460524938697e-02
-5.343347460524938697e-02
-4.833986613118668174e-02
-5.343347460524938697e-02
-5.343347460524938697e-02
-5.852708307931209220e-02
-6.107388731634344481e-02
-5.343347460524938697e-02
-5.088667036821803435e-02
-4.579306189415532913e-02
-5.088667036821803435e-02
-5.343347460524938697e-02
-6.107388731634344481e-02
-6.107388731634344481e-02
-5.088667036821803435e-02
-4.579306189415532913e-02
-4.833986613118668174e-02
-5.343347460524938697e-02
-5.343347460524938697e-02
-5.852708307931209220e-02
-6.107388731634344481e-02
-5.343347460524938697e-02
-5.343347460524938697e-02
-4.579306189415532913e-02
-4.579306189415532913e-02
-5.088667036821803435e-02
-6.107388731634344481e-02
-6.107388731634344481e-02
-5.343347460524938697e-02
-5.088667036821803435e-02
-5.343347460524938697e-02
-4.833986613118668174e-02
-4.579306189415532913e-02
-5.343347460524938697e-02
-5.343347460524938697e-02
-5.852708307931209220e-02
-5.852708307931209220e-02
-5.343347460524938697e-02
-4.833986613118668174e-02
-4.579306189415532913e-02
-5.343347460524938697e-02
-5.343347460524938697e-02
-5.852708307931209220e-02
-5.852708307931209220e-02
-5.343347460524938697e-02
-5.343347460524938697e-02
-5.088667036821803435e-02
-4.833986613118668174e-02
-5.343347460524938697e-02
-5.852708307931209220e-02
-6.107388731634344481e-02
-5.598027884228073958e-02
-5.343347460524938697e-02
-4.579306189415532913e-02
-4.833986613118668174e-02
-5.343347460524938697e-02
-5.343347460524938697e-02
-5.852708307931209220e-02
-5.088667036821803435e-02
-4.579306189415532913e-02
-4.579306189415532913e-02
-5.343347460524938697e-02
-5.343347460524938697e-02
-5.852708307931209220e-02
-5.343347460524938697e-02
-5.343347460524938697e-02
-5.343347460524938697e-02
-4.579306189415532913e-02
-5.088667036821803435e-02
-5.343347460524938697e-02
-5.852708307931209220e-02
-5.852708307931209220e-02
-6.107388731634344481e-02
-5.598027884228073958e-02
-4.579306189415532913e-02
-4.833986613118668174e-02
-5.343347460524938697e-02
-5.343347460524938697e-02
-5.598027884228073958e-02
-6.107388731634344481e-02
-5.343347460524938697e-02
-5.343347460524938697e-02
-4.833986613118668174e-02
-5.343347460524938697e-02
-5.088667036821803435e-02
-5.852708307931209220e-02
-5.088667036821803435e-02
-5.343347460524938697e-02
-4.579306189415532913e-02
-4.579306189415532913e-02
-5.343347460524938697e-02
-6.107388731634344481e-02
-5.852708307931209220e-02
-5.088667036821803435e-02
-5.088667036821803435e-02
-5.343347460524938697e-02
-4.579306189415532913e-02
-4.833986613118668174e-02
-5.343347460524938697e-02
-5.852708307931209220e-02
-6.107388731634344481e-02
-5.088667036821803435e-02
-5.088667036821803435e-02
-4.579306189415532913e-02
-5.088667036821803435e-02
-5.343347460524938697e-02
-5.852708307931209220e-02
-5.088667036821803435e-02
-5.343347460524938697e-02
-4.833986613118668174e-02
-4.833986613118668174e-02
-5.088667036821803435e-02
-5.852708307931209220e-02
-5.852708307931209220e-02
-5.343347460524938697e-02
-5.343347460524938697e-02
-4.579306189415532913e-02
-5.088667036821803435e-02
-5.343347460524938697e-02
-6.107388731634344481e-02
-5.852708307931209220e-02
-5.852708307931209220e-02
-5.088667036821803435e-02
-4.579306189415532913e-02
-4.579306189415532913e-02
-5.088667036821803435e-02
-5.343347460524938697e-02
-5.852708307931209220e-02
-5.343347460524938697e-02
-5.088667036821803435e-02
-4.579306189415532913e-02
-4.579306189415532913e-02
-5.088667036821803435e-02
-5.343347460524938697e-02
-5.343347460524938697e-02
-5.852708307931209220e-02
-5.852708307931209220e-02
-5.598027884228073958e-02
-4.833986613118668174e-02
-4.833986613118668174e-02
-5.343347460524938697e-02
-5.343347460524938697e-02
-5.852708307931209220e-02
-5.852708307931209220e-02
-5.343347460524938697e-02
-4.833986613118668174e-02
-4.833986613118668174e-02
-5.343347460524938697e-02
-5.088667036821803435e-02
-6.107388731634344481e-02
-5.852708307931209220e-02
-5.088667036821803435e-02
-5.088667036821803435e-02
-4.833986613118668174e-02
-4.833986613118668174e-02
-5.343347460524938697e-02
-5.852708307931209220e-02
-5.852708307931209220e-02
-5.088667036821803435e-02
-4.579306189415532913e-02
-5.088667036821803435e-02
-5.343347460524938697e-02
-5.343347460524938697e-02
-5.852708307931209220e-02
-5.343347460524938697e-02
-5.088667036821803435e-02
-4.579306189415532913e-02
-4.833986613118668174e-02
-5.343347460524938697e-02
-5.343347460524938697e-02
-5.852708307931209220e-02
-5.343347460524938697e-02
-5.343347460524938697e-02
-5.088667036821803435e-02
-4.833986613118668174e-02
-5.088667036821803435e-02
-5.088667036821803435e-02
-5.852708307931209220e-02
-5.343347460524938697e-02
-5.343347460524938697e-02
-4.579306189415532913e-02
-4.833986613118668174e-02
-4.833986613118668174e-02
-5.343347460524938697e-02
-5.852708307931209220e-02
-5.088667036821803435e-02
-5.088667036821803435e-02
-4.579306189415532913e-02
-4.833986613118668174e-02
-5.343347460524938697e-02
-5.852708307931209220e-02
-6.107388731634344481e-02
-5.088667036821803435e-02
-5.088667036821803435e-02
-4.579306189415532913e-02
-4.833986613118668174e-02
-5.343347460524938697e-02
-5.343347460524938697e-02
-5.852708307931209220e-02
-6.107388731634344481e-02
-5.343347460524938697e-02
-4.833986613118668174e-02
-5.088667036821803435e-02
-5.343347460524938697e-02
-6.107388731634344481e-02
-5.852708307931209220e-02
-5.088667036821803435e-02
-5.088667036821803435e-02
-4.833986613118668174e-02
-4.579306189415532913e-02
-5.343347460524938697e-02
-5.852708307931209220e-02
-5.852708307931209220e-02
-5.088667036821803435e-02
-5.343347460524938697e-02
-4.579306189415532913e-02
-4.579306189415532913e-02
-5.088667036821803435e-02
-5.088667036821803435e-02
-5.852708307931209220e-02
-5.852708307931209220e-02
-5.343347460524938697e-02
-5.343347460524938697e-02
-4.833986613118668174e-02
-5.343347460524938697e-02
-5.598027884228073958e-02
-5.852708307931209220e-02
-5.598027884228073958e-02
-5.343347460524938697e-02
-5.343347460524938697e-02
-4.579306189415532913e-02
-5.088667036821803435e-02
-5.343347460524938697e-02
-6.107388731634344481e-02
-5.852708307931209220e-02
-5.088667036821803435e-02
-5.088667036821803435e-02
-4.833986613118668174e-02
-4.833986613118668174e-02
-5.343347460524938697e-02
-5.852708307931209220e-02
-6.107388731634344481e-02
-5.343347460524938697e-02
-5.088667036821803435e-02
-4.579306189415532913e-02
-4.833986613118668174e-02
-5.343347460524938697e-02
-5.852708307931209220e-02
-6.107388731634344481e-02
-5.343347460524938697e-02
-4.579306189415532913e-02
-4.833986613118668174e-02
-5.343347460524938697e-02
-5.343347460524938697e-02
-5.852708307931209220e-02
-6.107388731634344481e-02
-5.598027884228073958e-02
-5.343347460524938697e-02
-4.579306189415532913e-02
-4.579306189415532913e-02
-5.343347460524938697e-02
-5.343347460524938697e-02
-5.598027884228073958e-02
-6.107388731634344481e-02
-5.343347460524938697e-02
-4.579306189415532913e-02
-4.833986613118668174e-02
-5.088667036821803435e-02
-5.088667036821803435e-02
-5.852708307931209220e-02
-5.343347460524938697e-02
-5.343347460524938697e-02
-5.343347460524938697e-02
-4.579306189415532913e-02
-5.343347460524938697e-02
-5.343347460524938697e-02
-5.852708307931209220e-02
-5.852708307931209220e-02
-5.343347460524938697e-02
-5.343347460524938697e-02
-4.579306189415532913e-02
-5.088667036821803435e-02
-5.343347460524938697e-02
-5.852708307931209220e-02
-5.852708307931209220e-02
-5.343347460524938697e-02
-5.343347460524938697e-02
-5.088667036821803435e-02
-4.833986613118668174e-02
-5.343347460524938697e-02
-5.088667036821803435e-02
-6.107388731634344481e-02
-5.852708307931209220e-02
-5.343347460524938697e-02
-5.343347460524938697e-02
-4.833986613118668174e-02
-5.343347460524938697e-02
-5.343347460524938697e-02
-6.107388731634344481e-02
-5.852708307931209220e-02
-5.088667036821803435e-02
-5.598027884228073958e-02
-4.579306189415532913e-02
-4.579306189415532913e-02
-5.343347460524938697e-02
-6.107388731634344481e-02
-6.107388731634344481e-02
-5.598027884228073958e-02
-4.579306189415532913e-02
-4.833986613118668174e-02
-5.343347460524938697e-02
-5.852708307931209220e-02
-5.852708307931209220e-02
-6.107388731634344481e-02
-5.343347460524938697e-02
-5.088667036821803435e-02
-4.833986613118668174e-02
-5.088667036821803435e-02
-5.343347460524938697e-02
-5.343347460524938697e-02
-5.852708307931209220e-02
-6.107388731634344481e-02
-5.088667036821803435e-02
-5.343347460524938697e-02
-5.088667036821803435e-02
-4.579306189415532913e-02
-5.598027884228073958e-02
-5.852708307931209220e-02
-6.107388731634344481e-02
-5.598027884228073958e-02
-5.343347460524938697e-02
-4.833986613118668174e-02
-4.833986613118668174e-02
-5.088667036821803435e-02
-5.598027884228073958e-02
-5.598027884228073958e-02
-5.343347460524938697e-02
-5.088667036821803435e-02
-4.579306189415532913e-02
-5.088667036821803435e-02
-5.343347460524938697e-02
-5.343347460524938697e-02
-6.107388731634344481e-02
-6.107388731634344481e-02
-5.343347460524938697e-02
-5.343347460524938697e-02
-4.833986613118668174e-02
-4.833986613118668174e-02
-5.343347460524938697e-02
-5.852708307931209220e-02
-5.852708307931209220e-02
-5.343347460524938697e-02
-5.343347460524938697e-02
-4.579306189415532913e-02
-5.343347460524938697e-02
-5.343347460524938697e-02
-5.852708307931209220e-02
-6.107388731634344481e-02
-6.107388731634344481e-02
-5.088667036821803435e-02
-5.343347460524938697e-02
-4.833986613118668174e-02
-4.579306189415532913e-02
-5.088667036821803435e-02
-6.107388731634344481e-02
-5.088667036821803435e-02
-5.088667036821803435e-02
-5.343347460524938697e-02
-4.579306189415532913e-02
-5.088667036821803435e-02
-5.343347460524938697e-02
-6.107388731634344481e-02
-6.107388731634344481e-02
-5.343347460524938697e-02
-5.343347460524938697e-02
-5.088667036821803435e-02
-4.579306189415532913e-02
-5.343347460524938697e-02
-5.598027884228073958e-02
-5.852708307931209220e-02
-6.107388731634344481e-02
-5.088667036821803435e-02
-5.088667036821803435e-02
-4.579306189415532913e-02
-4.833986613118668174e-02
-5.343347460524938697e-02
-5.343347460524938697e-02
-5.852708307931209220e-02
-5.088667036821803435e-02
-5.343347460524938697e-02
-4.579306189415532913e-02
-4.833986613118668174e-02
-5.343347460524938697e-02
-5.088667036821803435e-02
-5.852708307931209220e-02
-5.343347460524938697e-02
-5.088667036821803435e-02
-4.579306189415532913e-02
-4.833986613118668174e-02
-5.343347460524938697e-02
-5.088667036821803435e-02
-5.852708307931209220e-02
-5.852708307931209220e-02
-5.343347460524938697e-02
-4.833986613118668174e-02
-4.833986613118668174e-02
-5.343347460524938697e-02
-5.088667036821803435e-02
-5.852708307931209220e-02
-5.852708307931209220e-02
-5.343347460524938697e-02
-4.579306189415532913e-02
-4.833986613118668174e-02
-5.343347460524938697e-02
-5.088667036821803435e-02
-5.598027884228073958e-02
-5.852708307931209220e-02
-5.343347460524938697e-02
-4.833986613118668174e-02
-5.343347460524938697e-02
-5.343347460524938697e-02
-6.107388731634344481e-02
-6.107388731634344481e-02
-5.088667036821803435e-02
-4.833986613118668174e-02
-4.833986613118668174e-02
-5.343347460524938697e-02
-5.343347460524938697e-02
-6.107388731634344481e-02
-6.107388731634344481e-02
-5.343347460524938697e-02
-5.088667036821803435e-02
-4.833986613118668174e-02
-4.579306189415532913e-02
-5.343347460524938697e-02
-6.107388731634344481e-02
-5.852708307931209220e-02
-5.598027884228073958e-02
-5.343347460524938697e-02
-4.833986613118668174e-02
-4.833986613118668174e-02
-5.088667036821803435e-02
-5.343347460524938697e-02
-5.852708307931209220e-02
-5.852708307931209220e-02
-5.343347460524938697e-02
-5.598027884228073958e-02
-5.088667036821803435e-02
-4.833986613118668174e-02
-5.343347460524938697e-02
-5.852708307931209220e-02
-6.107388731634344481e-02
-5.343347460524938697e-02
-5.343347460524938697e-02
-5.088667036821803435e-02
-4.833986613118668174e-02
-5.343347460524938697e-02
-5.852708307931209220e-02
-5.852708307931209220e-02
-5.343347460524938697e-02
-5.343347460524938697e-02
-4.579306189415532913e-02
-4.833986613118668174e-02
-5.343347460524938697e-02
-5.598027884228073958e-02
-5.343347460524938697e-02
-5.852708307931209220e-02
-5.343347460524938697e-02
-5.343347460524938697e-02
-5.088667036821803435e-02
-5.598027884228073958e-02
-5.343347460524938697e-02
-5.852708307931209220e-02
-5.852708307931209220e-02
-5.088667036821803435e-02
-5.088667036821803435e-02
-5.343347460524938697e-02
-4.833986613118668174e-02
-5.343347460524938697e-02
-5.088667036821803435e-02
-5.852708307931209220e-02
-5.088667036821803435e-02
-5.343347460524938697e-02
-4.833986613118668174e-02
-4.833986613118668174e-02
-5.343347460524938697e-02
-6.107388731634344481e-02
-5.852708307931209220e-02
-5.343347460524938697e-02
-5.343347460524938697e-02
-5.343347460524938697e-02
-4.579306189415532913e-02
-4.579306189415532913e-02
-5.343347460524938697e-02
-5.088667036821803435e-02
-5.852708307931209220e-02
-5.852708307931209220e-02
-5.343347460524938697e-02
-5.088667036821803435e-02
-4.833986613118668174e-02
-5.343347460524938697e-02
-5.088667036821803435e-02
-5.852708307931209220e-02
-5.852708307931209220e-02
-5.088667036821803435e-02
-5.343347460524938697e-02
-4.579306189415532913e-02
-5.088667036821803435e-02
-5.343347460524938697e-02
-5.852708307931209220e-02
-5.852708307931209220e-02
-5.598027884228073958e-02
-5.343347460524938697e-02
-5.088667036821803435e-02
-4.833986613118668174e-02
-5.088667036821803435e-02
-5.852708307931209220e-02
-5.852708307931209220e-02
-5.343347460524938697e-02
-5.088667036821803435e-02
-4.579306189415532913e-02
-5.088667036821803435e-02
-5.598027884228073958e-02
-5.088667036821803435e-02
-6.107388731634344481e-02
-5.343347460524938697e-02
-5.343347460524938697e-02
-4.579306189415532913e-02
-4.579306189415532913e-02
-5.343347460524938697e-02
-5.343347460524938697e-02
-5.852708307931209220e-02
-5.852708307931209220e-02
-5.088667036821803435e-02
-5.088667036821803435e-02
-4.833986613118668174e-02
-5.343347460524938697e-02
-5.088667036821803435e-02
-5.852708307931209220e-02
-5.088667036821803435e-02
-5.343347460524938697e-02
-4.833986613118668174e-02
-5.088667036821803435e-02
-5.343347460524938697e-02
-5.852708307931209220e-02
-5.852708307931209220e-02
-5.088667036821803435e-02
-5.343347460524938697e-02
-5.088667036821803435e-02
-4.833986613118668174e-02
-5.088667036821803435e-02
-5.343347460524938697e-02
-6.107388731634344481e-02
-5.852708307931209220e-02
-5.088667036821803435e-02
-4.579306189415532913e-02
-4.579306189415532913e-02
-5.088667036821803435e-02
-5.343347460524938697e-02
-5.852708307931209220e-02
-6.107388731634344481e-02
-5.598027884228073958e-02
-5.343347460524938697e-02
-5.088667036821803435e-02
-4.833986613118668174e-02
-5.343347460524938697e-02
-5.852708307931209220e-02
-6.107388731634344481e-02
-5.088667036821803435e-02
-5.343347460524938697e-02
-4.833986613118668174e-02
-5.088667036821803435e-02
-5.088667036821803435e-02
-5.852708307931209220e-02
-6.107388731634344481e-02
-5.343347460524938697e-02
-5.343347460524938697e-02
-4.833986613118668174e-02
-4.833986613118668174e-02
-5.343347460524938697e-02
-6.107388731634344481e-02
-5.852708307931209220e-02
-5.088667036821803435e-02
-5.343347460524938697e-02
-4.579306189415532913e-02
-4.579306189415532913e-02
-5.088667036821803435e-02
-5.598027884228073958e-02
-6.107388731634344481e-02
-5.852708307931209220e-02
-5.343347460524938697e-02
-5.088667036821803435e-02
-4.833986613118668174e-02
-4.579306189415532913e-02
-5.343347460524938697e-02
-6.107388731634344481e-02
-6.107388731634344481e-02
-5.343347460524938697e-02
-5.343347460524938697e-02
-4.833986613118668174e-02
-5.343347460524938697e-02
-5.343347460524938697e-02
-5.343347460524938697e-02
-5.852708307931209220e-02
-5.852708307931209220e-02
-5.343347460524938697e-02
-4.579306189415532913e-02
-4.579306189415532913e-02
-4.579306189415532913e-02
-5.088667036821803435e-02
-5.343347460524938697e-02
-5.852708307931209220e-02
-5.088667036821803435e-02
-5.343347460524938697e-02
-4.833986613118668174e-02
-5.088667036821803435e-02
-5.343347460524938697e-02
-5.852708307931209220e-02
-5.852708307931209220e-02
-5.598027884228073958e-02
-4.579306189415532913e-02
-5.088667036821803435e-02
-4.833986613118668174e-02
-5.088667036821803435e-02
-6.107388731634344481e-02
-6.362069155337479742e-02
-5.852708307931209220e-02
-5.343347460524938697e-02
-5.088667036821803435e-02
-4.833986613118668174e-02
-4.579306189415532913e-02
-5.343347460524938697e-02
-5.852708307931209220e-02
-5.343347460524938697e-02
-5.343347460524938697e-02
-4.579306189415532913e-02
-4.833986613118668174e-02
-5.343347460524938697e-02
-5.343347460524938697e-02
-5.852708307931209220e-02
-5.088667036821803435e-02
-5.343347460524938697e-02
-5.088667036821803435e-02
-5.088667036821803435e-02
-5.343347460524938697e-02
-5.343347460524938697e-02
-5.852708307931209220e-02
-5.088667036821803435e-02
-5.343347460524938697e-02
-5.343347460524938697e-02
-5.343347460524938697e-02
-5.343347460524938697e-02
-5.343347460524938697e-02
-5.852708307931209220e-02
-6.107388731634344481e-02
-6.107388731634344481e-02
-5.343347460524938697e-02
-4.833986613118668174e-02
-4.833986613118668174e-02
-5.343347460524938697e-02
-5.343347460524938697e-02
-5.088667036821803435e-02
-6.107388731634344481e-02
-5.343347460524938697e-02
-5.343347460524938697e-02
-4.579306189415532913e-02
-5.088667036821803435e-02
-6.107388731634344481e-02
-5.852708307931209220e-02
-5.852708307931209220e-02
-5.088667036821803435e-02
-5.088667036821803435e-02
-4.579306189415532913e-02
-5.088667036821803435e-02
-5.343347460524938697e-02
-5.852708307931209220e-02
-5.088667036821803435e-02
-5.088667036821803435e-02
-5.343347460524938697e-02
-4.833986613118668174e-02
-5.343347460524938697e-02
-5.343347460524938697e-02
-5.343347460524938697e-02
-5.852708307931209220e-02
-5.852708307931209220e-02
-5.088667036821803435e-02
-4.833986613118668174e-02
-4.579306189415532913e-02
-5.088667036821803435e-02
-5.343347460524938697e-02
-6.107388731634344481e-02
-5.852708307931209220e-02
-5.343347460524938697e-02
-4.833986613118668174e-02
-4.579306189415532913e-02
-5.343347460524938697e-02
-6.107388731634344481e-02
-5.088667036821803435e-02
-5.598027884228073958e-02
-5.343347460524938697e-02
-4.579306189415532913e-02
-4.579306189415532913e-02
-5.343347460524938697e-02
-5.852708307931209220e-02
-5.852708307931209220e-02
-5.088667036821803435e-02
-5.343347460524938697e-02
-4.833986613118668174e-02
-4.833986613118668174e-02
-5.343347460524938697e-02
-5.852708307931209220e-02
-5.852708307931209220e-02
-5.088667036821803435e-02
-5.343347460524938697e-02
-5.343347460524938697e-02
-4.833986613118668174e-02
-4.833986613118668174e-02
-5.343347460524938697e-02
-5.852708307931209220e-02
-5.088667036821803435e-02
-5.343347460524938697e-02
-4.833986613118668174e-02
-4.833986613118668174e-02
-5.343347460524938697e-02
-5.852708307931209220e-02
-6.107388731634344481e-02
-5.343347460524938697e-02
-5.343347460524938697e-02
-5.088667036821803435e-02
-4.833986613118668174e-02
-5.088667036821803435e-02
-5.343347460524938697e-02
-5.852708307931209220e-02
-5.343347460524938697e-02
-5.088667036821803435e-02
-4.833986613118668174e-02
-4.579306189415532913e-02
-5.343347460524938697e-02
-5.343347460524938697e-02
-5.852708307931209220e-02
-5.852708307931209220e-02
-5.343347460524938697e-02
-5.088667036821803435e-02
-4.579306189415532913e-02
-4.833986613118668174e-02
-5.343347460524938697e-02
-6.107388731634344481e-02
-5.852708307931209220e-02
-5.343347460524938697e-02
-5.088667036821803435e-02
-4.579306189415532913e-02
-5.343347460524938697e-02
-5.088667036821803435e-02
-5.852708307931209220e-02
-5.343347460524938697e-02
-5.088667036821803435e-02
-5.088667036821803435e-02
-4.833986613118668174e-02
-4.579306189415532913e-02
-5.343347460524938697e-02
-5.088667036821803435e-02
-5.088667036821803435e-02
-5.343347460524938697e-02
-5.343347460524938697e-02
-5.088667036821803435e-02
-5.343347460524938697e-02
-5.598027884228073958e-02
-6.107388731634344481e-02
-6.107388731634344481e-02
-5.598027884228073958e-02
-5.088667036821803435e-02
-5.088667036821803435e-02
-5.088667036821803435e-02
-5.088667036821803435e-02
-5.088667036821803435e-02
-6.107388731634344481e-02
-5.852708307931209220e-02
-5.088667036821803435e-02
-4.833986613118668174e-02
-4.833986613118668174e-02
-4.579306189415532913e-02
-5.343347460524938697e-02
-5.852708307931209220e-02
-5.852708307931209220e-02
-5.343347460524938697e-02
-5.343347460524938697e-02
-4.833986613118668174e-02
-5.088667036821803435e-02
-5.343347460524938697e-02
-5.852708307931209220e-02
-5.343347460524938697e-02
-5.343347460524938697e-02
-5.343347460524938697e-02
-4.833986613118668174e-02
-4.833986613118668174e-02
-5.343347460524938697e-02
-5.343347460524938697e-02
-6.107388731634344481e-02
-6.107388731634344481e-02
-5.088667036821803435e-02
-5.088667036821803435e-02
-4.833986613118668174e-02
-5.343347460524938697e-02
-5.343347460524938697e-02
-5.852708307931209220e-02
-5.852708307931209220e-02
-5.088667036821803435e-02
-5.343347460524938697e-02
-5.088667036821803435e-02
-4.579306189415532913e-02
-5.343347460524938697e-02
-5.088667036821803435e-02
-5.852708307931209220e-02
-5.343347460524938697e-02
-5.343347460524938697e-02
-4.833986613118668174e-02
-4.833986613118668174e-02
-5.343347460524938697e-02
-5.343347460524938697e-02
-6.107388731634344481e-02
-5.852708307931209220e-02
-5.343347460524938697e-02
-5.088667036821803435e-02
-4.579306189415532913e-02
-4.833986613118668174e-02
-5.343347460524938697e-02
-6.107388731634344481e-02
-5.598027884228073958e-02
-5.343347460524938697e-02
-5.343347460524938697e-02
-4.579306189415532913e-02
-4.579306189415532913e-02
-5.088667036821803435e-02
-5.088667036821803435e-02
-5.852708307931209220e-02
-5.343347460524938697e-02
-5.088667036821803435e-02
-5.088667036821803435e-02
-4.579306189415532913e-02
-5.343347460524938697e-02
-5.343347460524938697e-02
-5.852708307931209220e-02
-6.107388731634344481e-02
-5.343347460524938697e-02
-4.833986613118668174e-02
-4.833986613118668174e-02
-5.343347460524938697e-02
-5.343347460524938697e-02
-5.852708307931209220e-02
-5.343347460524938697e-02
-5.088667036821803435e-02
-4.833986613118668174e-02
-4.833986613118668174e-02
-5.343347460524938697e-02
-5.088667036821803435e-02
-6.107388731634344481e-02
-5.852708307931209220e-02
-5.343347460524938697e-02
-4.833986613118668174e-02
-4.579306189415532913e-02
-5.343347460524938697e-02
-5.343347460524938697e-02
-5.852708307931209220e-02
-5.852708307931209220e-02
-5.343347460524938697e-02
-4.833986613118668174e-02
-4.833986613118668174e-02
-4.833986613118668174e-02
-5.343347460524938697e-02
-5.852708307931209220e-02
-5.852708307931209220e-02
-5.088667036821803435e-02
-5.343347460524938697e-02
-4.579306189415532913e-02
-4.579306189415532913e-02
-5.343347460524938697e-02
-5.852708307931209220e-02
-5.852708307931209220e-02
-5.343347460524938697e-02
-4.833986613118668174e-02
-5.088667036821803435e-02
-5.598027884228073958e-02
-5.343347460524938697e-02
-5.852708307931209220e-02
-5.088667036821803435e-02
-5.088667036821803435e-02
-4.833986613118668174e-02
-4.833986613118668174e-02
-5.343347460524938697e-02
-5.088667036821803435e-02
-5.852708307931209220e-02
-5.343347460524938697e-02
-5.343347460524938697e-02
-4.579306189415532913e-02
-4.579306189415532913e-02
-4.579306189415532913e-02
-5.343347460524938697e-02
-5.088667036821803435e-02
-5.852708307931209220e-02
-5.852708307931209220e-02
-5.343347460524938697e-02
-4.833986613118668174e-02
-4.833986613118668174e-02
-5.088667036821803435e-02
-5.088667036821803435e-02
-5.852708307931209220e-02
-5.598027884228073958e-02
-5.343347460524938697e-02
-5.088667036821803435e-02
-4.579306189415532913e-02
-5.598027884228073958e-02
-5.343347460524938697e-02
-5.852708307931209220e-02
-5.598027884228073958e-02
-5.088667036821803435e-02
-4.833986613118668174e-02
-4.833986613118668174e-02
-5.088667036821803435e-02
-6.107388731634344481e-02
-6.107388731634344481e-02
-5.598027884228073958e-02
-5.598027884228073958e-02
-5.343347460524938697e-02
-4.833986613118668174e-02
-5.088667036821803435e-02
-5.343347460524938697e-02
-6.107388731634344481e-02
-6.107388731634344481e-02
-5.343347460524938697e-02
-5.088667036821803435e-02
-5.088667036821803435e-02
-4.579306189415532913e-02
-5.088667036821803435e-02
-5.343347460524938697e-02
-5.852708307931209220e-02
-5.852708307931209220e-02
-5.343347460524938697e-02
-5.088667036821803435e-02
-4.833986613118668174e-02
-4.833986613118668174e-02
-5.343347460524938697e-02
-5.088667036821803435e-02
-5.852708307931209220e-02
-5.598027884228073958e-02
-5.088667036821803435e-02
-4.833986613118668174e-02
-4.833986613118668174e-02
-5.088667036821803435e-02
-6.107388731634344481e-02
-5.852708307931209220e-02
-5.343347460524938697e-02
-5.088667036821803435e-02
-4.833986613118668174e-02
-4.579306189415532913e-02
-5.343347460524938697e-02
-5.088667036821803435e-02
-5.852708307931209220e-02
-5.343347460524938697e-02
-5.343347460524938697e-02
-5.343347460524938697e-02
-5.343347460524938697e-02
-5.343347460524938697e-02
-5.852708307931209220e-02
-5.852708307931209220e-02
-5.343347460524938697e-02
-5.088667036821803435e-02
-4.579306189415532913e-02
-4.579306189415532913e-02
-5.343347460524938697e-02
-5.852708307931209220e-02
-5.852708307931209220e-02
-5.088667036821803435e-02
-5.088667036821803435e-02
-5.088667036821803435e-02
-5.343347460524938697e-02
-5.343347460524938697e-02
-6.107388731634344481e-02
-6.107388731634344481e-02
-5.343347460524938697e-02
-5.343347460524938697e-02
-4.833986613118668174e-02
-5.343347460524938697e-02
-5.343347460524938697e-02
-5.088667036821803435e-02
-6.107388731634344481e-02
-5.852708307931209220e-02
-5.343347460524938697e-02
-5.343347460524938697e-02
-4.579306189415532913e-02
-5.343347460524938697e-02
-6.107388731634344481e-02
-5.343347460524938697e-02
-5.852708307931209220e-02
-5.088667036821803435e-02
-5.343347460524938697e-02
-4.833986613118668174e-02
-4.833986613118668174e-02
-5.343347460524938697e-02
-5.852708307931209220e-02
-5.852708307931209220e-02
-5.343347460524938697e-02
-5.088667036821803435e-02
-4.833986613118668174e-02
-4.833986613118668174e-02
-5.088667036821803435e-02
-5.852708307931209220e-02
-5.598027884228073958e-02
-5.343347460524938697e-02
-5.343347460524938697e-02
-4.579306189415532913e-02
-4.579306189415532913e-02
-5.343347460524938697e-02
-5.343347460524938697e-02
-5.852708307931209220e-02
-6.107388731634344481e-02
-5.088667036821803435e-02
-4.579306189415532913e-02
-4.833986613118668174e-02
-5.343347460524938697e-02
-5.343347460524938697e-02
-5.852708307931209220e-02
-5.598027884228073958e-02
-5.088667036821803435e-02
-5.343347460524938697e-02
-4.833986613118668174e-02
-5.343347460524938697e-02
-5.343347460524938697e-02
-6.107388731634344481e-02
-5.343347460524938697e-02
-5.598027884228073958e-02
-4.833986613118668174e-02
-4.833986613118668174e-02
-4.579306189415532913e-02
-5.343347460524938697e-02
-5.343347460524938697e-02
-5.852708307931209220e-02
-5.343347460524938697e-02
-5.343347460524938697e-02
-4.579306189415532913e-02
-4.833986613118668174e-02
-5.343347460524938697e-02
-5.343347460524938697e-02
-5.598027884228073958e-02
-5.852708307931209220e-02
-5.343347460524938697e-02
-4.833986613118668174e-02
-5.343347460524938697e-02
-5.343347460524938697e-02
-6.107388731634344481e-02
-5.852708307931209220e-02
-5.598027884228073958e-02
-5.088667036821803435e-02
-5.088667036821803435e-02
-5.343347460524938697e-02
-5.343347460524938697e-02
-6.107388731634344481e-02
-6.107388731634344481e-02
-5.852708307931209220e-02
-5.343347460524938697e-02
-5.343347460524938697e-02
-4.833986613118668174e-02
-4.833986613118668174e-02
-5.088667036821803435e-02
-6.107388731634344481e-02
-5.852708307931209220e-02
-5.343347460524938697e-02
-5.343347460524938697e-02
-4.833986613118668174e-02
-5.088667036821803435e-02
-5.343347460524938697e-02
-6.107388731634344481e-02
-6.107388731634344481e-02
-5.598027884228073958e-02
-4.833986613118668174e-02
-4.579306189415532913e-02
-5.598027884228073958e-02
-5.088667036821803435e-02
-5.852708307931209220e-02
-5.852708307931209220e-02
-5.343347460524938697e-02
-5.343347460524938697e-02
-4.833986613118668174e-02
-5.343347460524938697e-02
-5.343347460524938697e-02
-6.107388731634344481e-02
-5.852708307931209220e-02
-5.088667036821803435e-02
-4.833986613118668174e-02
-4.579306189415532913e-02
-5.343347460524938697e-02
-5.088667036821803435e-02
-6.107388731634344481e-02
-5.852708307931209220e-02
-5.598027884228073958e-02
-5.088667036821803435e-02
-5.088667036821803435e-02
-4.579306189415532913e-02
-5.343347460524938697e-02
-5.343347460524938697e-02
-5.852708307931209220e-02
-5.343347460524938697e-02
-5.343347460524938697e-02
-4.579306189415532913e-02
-4.579306189415532913e-02
-5.343347460524938697e-02
-5.852708307931209220e-02
-5.852708307931209220e-02
-5.343347460524938697e-02
-5.343347460524938697e-02
-4.833986613118668174e-02
-4.833986613118668174e-02
-5.088667036821803435e-02
-5.852708307931209220e-02
-5.852708307931209220e-02
-5.343347460524938697e-02
-5.088667036821803435e-02
-4.579306189415532913e-02
-5.343347460524938697e-02
-5.343347460524938697e-02
-5.088667036821803435e-02
-5.852708307931209220e-02
-5.343347460524938697e-02
-5.343347460524938697e-02
-5.088667036821803435e-02
-4.579306189415532913e-02
-5.343347460524938697e-02
-6.107388731634344481e-02
-5.852708307931209220e-02
-5.343347460524938697e-02
-5.088667036821803435e-02
-5.088667036821803435e-02
-4.579306189415532913e-02
-5.343347460524938697e-02
-5.088667036821803435e-02
-5.088667036821803435e-02
-5.852708307931209220e-02
-5.852708307931209220e-02
-5.343347460524938697e-02
-4.833986613118668174e-02
-4.833986613118668174e-02
-5.343347460524938697e-02
-5.343347460524938697e-02
-5.852708307931209220e-02
-6.107388731634344481e-02
-5.343347460524938697e-02
-5.088667036821803435e-02
-4.833986613118668174e-02
-4.833986613118668174e-02
-5.343347460524938697e-02
-5.852708307931209220e-02
-5.852708307931209220e-02
-5.343347460524938697e-02
-4.833986613118668174e-02
-4.579306189415532913e-02
-5.598027884228073958e-02
-5.088667036821803435e-02
-6.107388731634344481e-02
-6.107388731634344481e-02
-5.343347460524938697e-02
-5.088667036821803435e-02
-4.833986613118668174e-02
-5.088667036821803435e-02
-5.343347460524938697e-02
-5.852708307931209220e-02
-6.107388731634344481e-02
-5.598027884228073958e-02
-5.343347460524938697e-02
-4.833986613118668174e-02
-4.833986613118668174e-02
-5.598027884228073958e-02
-5.852708307931209220e-02
-6.107388731634344481e-02
-5.598027884228073958e-02
-5.343347460524938697e-02
-4.833986613118668174e-02
-4.833986613118668174e-02
-5.343347460524938697e-02
-5.088667036821803435e-02
-5.852708307931209220e-02
-5.343347460524938697e-02
-5.343347460524938697e-02
-4.833986613118668174e-02
-4.579306189415532913e-02
-5.343347460524938697e-02
-5.343347460524938697e-02
-5.598027884228073958e-02
-5.343347460524938697e-02
-5.343347460524938697e-02
-4.833986613118668174e-02
-4.579306189415532913e-02
-4.833986613118668174e-02
-5.343347460524938697e-02
-5.088667036821803435e-02
-5.852708307931209220e-02
-5.343347460524938697e-02
-5.343347460524938697e-02
-4.579306189415532913e-02
-4.579306189415532913e-02
-5.343347460524938697e-02
-5.088667036821803435e-02
-5.852708307931209220e-02
-5.088667036821803435e-02
-5.088667036821803435e-02
-4.833986613118668174e-02
-4.579306189415532913e-02
-5.343347460524938697e-02
-6.107388731634344481e-02
-5.852708307931209220e-02
-5.343347460524938697e-02
-5.343347460524938697e-02
-5.088667036821803435e-02
-4.579306189415532913e-02
-5.343347460524938697e-02
-5.343347460524938697e-02
-6.107388731634344481e-02
-5.852708307931209220e-02
-5.343347460524938697e-02
-5.088667036821803435e-02
-4.579306189415532913e-02
-4.833986613118668174e-02
-5.343347460524938697e-02
-5.343347460524938697e-02
-5.852708307931209220e-02
-5.088667036821803435e-02
-5.343347460524938697e-02
-4.833986613118668174e-02
-4.579306189415532913e-02
-5.343347460524938697e-02
-5.343347460524938697e-02
-5.852708307931209220e-02
-5.852708307931209220e-02
-5.343347460524938697e-02
-5.343347460524938697e-02
-4.833986613118668174e-02
-5.343347460524938697e-02
-5.088667036821803435e-02
-6.107388731634344481e-02
-5.852708307931209220e-02
-5.343347460524938697e-02
-5.343347460524938697e-02
-4.579306189415532913e-02
-4.833986613118668174e-02
-5.343347460524938697e-02
-5.088667036821803435e-02
-5.852708307931209220e-02
-6.107388731634344481e-02
-5.088667036821803435e-02
-4.833986613118668174e-02
-5.343347460524938697e-02
-5.343347460524938697e-02
-5.088667036821803435e-02
-6.107388731634344481e-02
-5.852708307931209220e-02
-5.343347460524938697e-02
-5.343347460524938697e-02
-4.833986613118668174e-02
-4.579306189415532913e-02
-5.088667036821803435e-02
-5.343347460524938697e-02
-5.852708307931209220e-02
-5.852708307931209220e-02
-5.343347460524938697e-02
-4.579306189415532913e-02
-4.579306189415532913e-02
-5.343347460524938697e-02
-5.343347460524938697e-02
-5.852708307931209220e-02
-6.107388731634344481e-02
-5.088667036821803435e-02
-5.088667036821803435e-02
-4.579306189415532913e-02
-4.833986613118668174e-02
-5.343347460524938697e-02
-6.107388731634344481e-02
-5.343347460524938697e-02
-5.343347460524938697e-02
-4.579306189415532913e-02
-4.833986613118668174e-02
-5.088667036821803435e-02
-5.343347460524938697e-02
-6.107388731634344481e-02
-6.107388731634344481e-02
-5.598027884228073958e-02
-5.343347460524938697e-02
-4.833986613118668174e-02
-4.833986613118668174e-02
-5.343347460524938697e-02
-5.852708307931209220e-02
-6.107388731634344481e-02
-5.343347460524938697e-02
-5.088667036821803435e-02
-4.833986613118668174e-02
-4.579306189415532913e-02
-5.343347460524938697e-02
-5.088667036821803435e-02
-6.107388731634344481e-02
-5.343347460524938697e-02
-5.343347460524938697e-02
-5.088667036821803435e-02
-4.579306189415532913e-02
-5.343347460524938697e-02
-5.343347460524938697e-02
-6.107388731634344481e-02
-5.852708307931209220e-02
-5.343347460524938697e-02
-5.088667036821803435e-02
-4.833986613118668174e-02
-5.088667036821803435e-02
-5.343347460524938697e-02
-6.107388731634344481e-02
-5.852708307931209220e-02
-5.088667036821803435e-02
-5.088667036821803435e-02
-5.088667036821803435e-02
-4.833986613118668174e-02
-5.343347460524938697e-02
-5.088667036821803435e-02
-6.107388731634344481e-02
-5.598027884228073958e-02
-5.343347460524938697e-02
-5.343347460524938697e-02
-4.833986613118668174e-02
-4.833986613118668174e-02
-5.088667036821803435e-02
-5.343347460524938697e-02
-5.852708307931209220e-02
-5.852708307931209220e-02
-5.343347460524938697e-02
-4.833986613118668174e-02
-5.088667036821803435e-02
-5.343347460524938697e-02
-5.088667036821803435e-02
-6.107388731634344481e-02
-6.107388731634344481e-02
-5.343347460524938697e-02
-5.088667036821803435e-02
-4.833986613118668174e-02
-5.343347460524938697e-02
-5.088667036821803435e-02
-5.852708307931209220e-02
-5.852708307931209220e-02
-5.343347460524938697e-02
-5.598027884228073958e-02
-4.833986613118668174e-02
-5.343347460524938697e-02
-5.343347460524938697e-02
-5.852708307931209220e-02
-5.852708307931209220e-02
-5.343347460524938697e-02
-5.343347460524938697e-02
-4.833986613118668174e-02
-4.833986613118668174e-02
-5.088667036821803435e-02
-5.852708307931209220e-02
-5.852708307931209220e-02
-5.343347460524938697e-02
-5.343347460524938697e-02
-4.833986613118668174e-02
-5.343347460524938697e-02
-5.088667036821803435e-02
-6.107388731634344481e-02
-5.852708307931209220e-02
-5.343347460524938697e-02
-4.833986613118668174e-02
-4.833986613118668174e-02
-5.088667036821803435e-02
-5.343347460524938697e-02
-6.107388731634344481e-02
-5.852708307931209220e-02
-5.852708307931209220e-02
-5.088667036821803435e-02
-5.343347460524938697e-02
-4.579306189415532913e-02
-5.088667036821803435e-02
-5.088667036821803435e-02
-5.852708307931209220e-02
-6.107388731634344481e-02
-5.343347460524938697e-02
-4.579306189415532913e-02
-4.579306189415532913e-02
-5.343347460524938697e-02
-5.088667036821803435e-02
-5.852708307931209220e-02
-5.343347460524938697e-02
-5.343347460524938697e-02
-4.833986613118668174e-02
-4.833986613118668174e-02
-5.343347460524938697e-02
-5.343347460524938697e-02
-5.852708307931209220e-02
-5.852708307931209220e-02
-5.343347460524938697e-02
-5.088667036821803435e-02
-4.833986613118668174e-02
-4.579306189415532913e-02
-5.088667036821803435e-02
-5.343347460524938697e-02
-5.852708307931209220e-02
-5.852708307931209220e-02
-5.343347460524938697e-02
-5.343347460524938697e-02
-4.579306189415532913e-02
-5.343347460524938697e-02
-5.343347460524938697e-02
-6.107388731634344481e-02
-6.107388731634344481e-02
-5.343347460524938697e-02
-5.343347460524938697e-02
-4.579306189415532913e-02
-5.343347460524938697e-02
-5.343347460524938697e-02
-5.343347460524938697e-02
-5.852708307931209220e-02
-5.343347460524938697e-02
-5.343347460524938697e-02
-4.833986613118668174e-02
-4.833986613118668174e-02
-5.343347460524938697e-02
-5.343347460524938697e-02
-5.852708307931209220e-02
-5.343347460524938697e-02
-5.343347460524938697e-02
-4.833986613118668174e-02
-4.579306189415532913e-02
-5.088667036821803435e-02
-5.343347460524938697e-02
-6.107388731634344481e-02
-5.088667036821803435e-02
-5.343347460524938697e-02
-4.579306189415532913e-02
-5.343347460524938697e-02
-5.088667036821803435e-02
-5.343347460524938697e-02
-6.107388731634344481e-02
-5.343347460524938697e-02
-5.343347460524938697e-02
-4.833986613118668174e-02
-4.833986613118668174e-02
-5.343347460524938697e-02
-5.343347460524938697e-02
-5.852708307931209220e-02
-5.343347460524938697e-02
-5.343347460524938697e-02
-4.579306189415532913e-02
-4.833986613118668174e-02
-5.343347460524938697e-02
-5.088667036821803435e-02
-5.852708307931209220e-02
-6.107388731634344481e-02
-5.598027884228073958e-02
-4.833986613118668174e-02
-4.579306189415532913e-02
-5.088667036821803435e-02
-5.088667036821803435e-02
-5.852708307931209220e-02
-6.107388731634344481e-02
-5.343347460524938697e-02
-5.343347460524938697e-02
-4.833986613118668174e-02
-5.343347460524938697e-02
-5.343347460524938697e-02
-6.107388731634344481e-02
-5.852708307931209220e-02
-5.088667036821803435e-02
-5.343347460524938697e-02
-5.088667036821803435e-02
-5.343347460524938697e-02
-5.088667036821803435e-02
-6.107388731634344481e-02
-5.598027884228073958e-02
-5.343347460524938697e-02
-5.088667036821803435e-02
-5.343347460524938697e-02
-5.343347460524938697e-02
-5.343347460524938697e-02
-5.343347460524938697e-02
-5.852708307931209220e-02
-5.343347460524938697e-02
-5.088667036821803435e-02
-4.833986613118668174e-02
-4.579306189415532913e-02
-5.343347460524938697e-02
-6.107388731634344481e-02
-6.107388731634344481e-02
-5.088667036821803435e-02
-4.833986613118668174e-02
-4.579306189415532913e-02
-4.833986613118668174e-02
-5.598027884228073958e-02
-6.107388731634344481e-02
-5.852708307931209220e-02
-5.088667036821803435e-02
-5.343347460524938697e-02
-4.833986613118668174e-02
-4.833986613118668174e-02
-5.343347460524938697e-02
-6.107388731634344481e-02
-5.852708307931209220e-02
-5.343347460524938697e-02
-5.343347460524938697e-02
-5.343347460524938697e-02
-4.579306189415532913e-02
-4.833986613118668174e-02
-5.343347460524938697e-02
-5.343347460524938697e-02
-6.107388731634344481e-02
-5.852708307931209220e-02
-5.343347460524938697e-02
-4.579306189415532913e-02
-4.833986613118668174e-02
-5.343347460524938697e-02
-5.088667036821803435e-02
-6.107388731634344481e-02
-5.852708307931209220e-02
-5.343347460524938697e-02
-5.343347460524938697e-02
-5.088667036821803435e-02
-5.343347460524938697e-02
-5.343347460524938697e-02
-5.852708307931209220e-02
-6.107388731634344481e-02
-5.343347460524938697e-02
-4.833986613118668174e-02
-5.088667036821803435e-02
-5.088667036821803435e-02
-5.343347460524938697e-02
-5.852708307931209220e-02
-5.852708307931209220e-02
-5.343347460524938697e-02
-5.088667036821803435e-02
-5.343347460524938697e-02
-5.343347460524938697e-02
-5.343347460524938697e-02
-5.852708307931209220e-02
-5.852708307931209220e-02
-5.088667036821803435e-02
-5.343347460524938697e-02
-4.833986613118668174e-02
-5.088667036821803435e-02
-5.343347460524938697e-02
-6.107388731634344481e-02
-6.362069155337479742e-02
-5.343347460524938697e-02
-5.343347460524938697e-02
-5.088667036821803435e-02
-5.343347460524938697e-02
-5.852708307931209220e-02
-6.107388731634344481e-02
-5.343347460524938697e-02
-5.088667036821803435e-02
-4.579306189415532913e-02
-4.579306189415532913e-02
-5.088667036821803435e-02
-5.343347460524938697e-02
-5.852708307931209220e-02
-5.343347460524938697e-02
-5.343347460524938697e-02
-4.833986613118668174e-02
-4.833986613118668174e-02
-5.343347460524938697e-02
-5.088667036821803435e-02
-5.343347460524938697e-02
-6.107388731634344481e-02
-6.107388731634344481e-02
-5.343347460524938697e-02
-4.833986613118668174e-02
-4.833986613118668174e-02
-5.343347460524938697e-02
-5.852708307931209220e-02
-6.107388731634344481e-02
-5.088667036821803435e-02
-5.343347460524938697e-02
-4.579306189415532913e-02
-4.833986613118668174e-02
-5.343347460524938697e-02
-5.343347460524938697e-02
-5.852708307931209220e-02
-5.088667036821803435e-02
-5.088667036821803435e-02
-4.579306189415532913e-02
-4.579306189415532913e-02
-5.088667036821803435e-02
-6.107388731634344481e-02
-6.107388731634344481e-02
-5.088667036821803435e-02
-5.343347460524938697e-02
-4.833986613118668174e-02
-4.579306189415532913e-02
-4.579306189415532913e-02
-5.088667036821803435e-02
-5.343347460524938697e-02
-5.852708307931209220e-02
-5.343347460524938697e-02
-5.343347460524938697e-02
-4.833986613118668174e-02
-4.833986613118668174e-02
-5.088667036821803435e-02
-5.343347460524938697e-02
-5.852708307931209220e-02
-5.852708307931209220e-02
-5.343347460524938697e-02
-4.833986613118668174e-02
-4.579306189415532913e-02
-5.343347460524938697e-02
-5.343347460524938697e-02
-5.852708307931209220e-02
-5.852708307931209220e-02
-5.088667036821803435e-02
-4.833986613118668174e-02
-5.343347460524938697e-02
-5.343347460524938697e-02
-5.343347460524938697e-02
-5.852708307931209220e-02
-5.343347460524938697e-02
-5.343347460524938697e-02
-5.343347460524938697e-02
-4.833986613118668174e-02
-5.088667036821803435e-02
-5.343347460524938697e-02
-5.852708307931209220e-02
-5.852708307931209220e-02
-5.343347460524938697e-02
-5.343347460524938697e-02
-5.343347460524938697e-02
-4.579306189415532913e-02
-5.088667036821803435e-02
-5.343347460524938697e-02
-5.852708307931209220e-02
-5.852708307931209220e-02
-5.088667036821803435e-02
-4.579306189415532913e-02
-4.579306189415532913e-02
-5.088667036821803435e-02
-5.852708307931209220e-02
-5.852708307931209220e-02
-5.343347460524938697e-02
-5.343347460524938697e-02
-4.833986613118668174e-02
-4.833986613118668174e-02
-5.343347460524938697e-02
-5.343347460524938697e-02
-6.107388731634344481e-02
-5.852708307931209220e-02
-5.343347460524938697e-02
-5.343347460524938697e-02
-4.833986613118668174e-02
-4.833986613118668174e-02
-5.343347460524938697e-02
-6.107388731634344481e-02
-5.852708307931209220e-02
-5.343347460524938697e-02
-5.088667036821803435e-02
-4.833986613118668174e-02
-4.579306189415532913e-02
-5.343347460524938697e-02
-5.852708307931209220e-02
-5.852708307931209220e-02
-5.852708307931209220e-02
-5.088667036821803435e-02
-5.343347460524938697e-02
-4.833986613118668174e-02
-5.088667036821803435e-02
-5.088667036821803435e-02
-6.107388731634344481e-02
-5.852708307931209220e-02
-6.107388731634344481e-02
-5.343347460524938697e-02
-5.088667036821803435e-02
-4.833986613118668174e-02
-4.833986613118668174e-02
-5.088667036821803435e-02
-5.598027884228073958e-02
-6.107388731634344481e-02
-5.088667036821803435e-02
-4.579306189415532913e-02
-4.579306189415532913e-02
-5.343347460524938697e-02
-5.088667036821803435e-02
-5.852708307931209220e-02
-5.852708307931209220e-02
-5.343347460524938697e-02
-5.088667036821803435e-02
-4.833986613118668174e-02
-5.343347460524938697e-02
-5.088667036821803435e-02
-5.852708307931209220e-02
-5.852708307931209220e-02
-5.088667036821803435e-02
-4.579306189415532913e-02
-4.579306189415532913e-02
-4.579306189415532913e-02
-5.088667036821803435e-02
-5.852708307931209220e-02
-6.107388731634344481e-02
-5.343347460524938697e-02
-5.343347460524938697e-02
-5.343347460524938697e-02
-4.579306189415532913e-02
-4.833986613118668174e-02
-5.088667036821803435e-02
-5.852708307931209220e-02
-6.107388731634344481e-02
-5.343347460524938697e-02
-5.598027884228073958e-02
-4.579306189415532913e-02
-4.833986613118668174e-02
-5.343347460524938697e-02
-5.852708307931209220e-02
-5.852708307931209220e-02
-5.088667036821803435e-02
-5.343347460524938697e-02
-4.579306189415532913e-02
-4.833986613118668174e-02
-5.088667036821803435e-02
-5.088667036821803435e-02
-6.107388731634344481e-02
-5.343347460524938697e-02
-5.343347460524938697e-02
-4.833986613118668174e-02
-4.833986613118668174e-02
-5.343347460524938697e-02
-5.343347460524938697e-02
-6.107388731634344481e-02
-5.852708307931209220e-02
-5.088667036821803435e-02
-4.579306189415532913e-02
-4.833986613118668174e-02
-5.088667036821803435e-02
-5.343347460524938697e-02
-5.852708307931209220e-02
-5.088667036821803435e-02
-5.343347460524938697e-02
-4.579306189415532913e-02
-4.833986613118668174e-02
-5.088667036821803435e-02
-5.852708307931209220e-02
-6.107388731634344481e-02
-5.343347460524938697e-02
-5.343347460524938697e-02
-5.598027884228073958e-02
-4.579306189415532913e-02
-4.579306189415532913e-02
-5.343347460524938697e-02
-5.343347460524938697e-02
-6.107388731634344481e-02
-5.088667036821803435e-02
-5.343347460524938697e-02
-4.833986613118668174e-02
-5.343347460524938697e-02
-5.088667036821803435e-02
-5.852708307931209220e-02
-5.852708307931209220e-02
-5.343347460524938697e-02
-5.343347460524938697e-02
-5.598027884228073958e-02
-4.833986613118668174e-02
-5.088667036821803435e-02
-5.343347460524938697e-02
-6.107388731634344481e-02
-5.852708307931209220e-02
-5.343347460524938697e-02
-5.343347460524938697e-02
-4.579306189415532913e-02
-4.833986613118668174e-02
-5.598027884228073958e-02
-5.088667036821803435e-02
-5.852708307931209220e-02
-5.852708307931209220e-02
-5.088667036821803435e-02
-5.088667036821803435e-02
-4.833986613118668174e-02
-5.088667036821803435e-02
-5.343347460524938697e-02
-5.852708307931209220e-02
-6.107388731634344481e-02
-5.088667036821803435e-02
-5.088667036821803435e-02
-4.579306189415532913e-02
-4.833986613118668174e-02
-5.088667036821803435e-02
-5.343347460524938697e-02
-5.852708307931209220e-02
-5.852708307931209220e-02
-5.343347460524938697e-02
-5.343347460524938697e-02
-5.343347460524938697e-02
-5.343347460524938697e-02
-6.107388731634344481e-02
-5.852708307931209220e-02
-5.852708307931209220e-02
-5.343347460524938697e-02
-5.343347460524938697e-02
-4.833986613118668174e-02
-4.833986613118668174e-02
-5.088667036821803435e-02
-5.852708307931209220e-02
-5.088667036821803435e-02
-5.343347460524938697e-02
-4.833986613118668174e-02
-4.833986613118668174e-02
-5.343347460524938697e-02
-6.107388731634344481e-02
-5.852708307931209220e-02
-5.343347460524938697e-02
-5.088667036821803435e-02
-4.579306189415532913e-02
-4.579306189415532913e-02
-5.343347460524938697e-02
-5.088667036821803435e-02
-5.343347460524938697e-02
-6.107388731634344481e-02
-5.343347460524938697e-02
-5.343347460524938697e-02
-4.833986613118668174e-02
-4.579306189415532913e-02
-5.343347460524938697e-02
-5.343347460524938697e-02
-5.852708307931209220e-02
-5.088667036821803435e-02
-5.343347460524938697e-02
-4.579306189415532913e-02
-4.579306189415532913e-02
-5.343347460524938697e-02
-5.343347460524938697e-02
-6.107388731634344481e-02
-5.088667036821803435e-02
-5.343347460524938697e-02
-4.579306189415532913e-02
-5.343347460524938697e-02
-5.343347460524938697e-02
-5.852708307931209220e-02
-5.088667036821803435e-02
-5.088667036821803435e-02
-5.343347460524938697e-02
-4.833986613118668174e-02
-4.833986613118668174e-02
-5.343347460524938697e-02
-5.343347460524938697e-02
-5.852708307931209220e-02
-5.343347460524938697e-02
-5.088667036821803435e-02
-4.833986613118668174e-02
-4.833986613118668174e-02
-5.088667036821803435e-02
-5.343347460524938697e-02
-6.107388731634344481e-02
-5.598027884228073958e-02
-5.088667036821803435e-02
-4.833986613118668174e-02
-4.579306189415532913e-02
-5.343347460524938697e-02
-5.343347460524938697e-02
-6.107388731634344481e-02
-6.107388731634344481e-02
-5.343347460524938697e-02
-4.579306189415532913e-02
-4.833986613118668174e-02
-5.088667036821803435e-02
-5.852708307931209220e-02
-5.598027884228073958e-02
-5.343347460524938697e-02
-5.343347460524938697e-02
-4.579306189415532913e-02
-5.088667036821803435e-02
-5.088667036821803435e-02
-5.343347460524938697e-02
-5.852708307931209220e-02
-5.343347460524938697e-02
-5.343347460524938697e-02
-4.579306189415532913e-02
-4.833986613118668174e-02
-5.343347460524938697e-02
-5.343347460524938697e-02
-5.852708307931209220e-02
-5.852708307931209220e-02
-5.343347460524938697e-02
-4.579306189415532913e-02
-4.833986613118668174e-02
-5.598027884228073958e-02
-5.343347460524938697e-02
-6.107388731634344481e-02
-5.852708307931209220e-02
-5.343347460524938697e-02
-4.579306189415532913e-02
-4.579306189415532913e-02
-5.343347460524938697e-02
-5.343347460524938697e-02
-5.852708307931209220e-02
-5.343347460524938697e-02
-5.343347460524938697e-02
-4.833986613118668174e-02
-4.579306189415532913e-02
-5.088667036821803435e-02
-5.343347460524938697e-02
-5.852708307931209220e-02
-5.088667036821803435e-02
-5.598027884228073958e-02
-4.579306189415532913e-02
-4.579306189415532913e-02
-5.088667036821803435e-02
-5.343347460524938697e-02
-6.107388731634344481e-02
-5.088667036821803435e-02
-5.343347460524938697e-02
-4.579306189415532913e-02
-4.833986613118668174e-02
-5.343347460524938697e-02
-5.852708307931209220e-02
-5.852708307931209220e-02
-5.343347460524938697e-02
-5.088667036821803435e-02
-4.833986613118668174e-02
-5.088667036821803435e-02
-5.343347460524938697e-02
-5.598027884228073958e-02
-5.852708307931209220e-02
-5.343347460524938697e-02
-5.343347460524938697e-02
-4.833986613118668174e-02
-4.579306189415532913e-02
-5.343347460524938697e-02
-5.088667036821803435e-02
-6.107388731634344481e-02
-6.107388731634344481e-02
-5.343347460524938697e-02
-5.088667036821803435e-02
-4.579306189415532913e-02
-4.833986613118668174e-02
-5.343347460524938697e-02
-5.852708307931209220e-02
-5.852708307931209220e-02
-5.343347460524938697e-02
-5.088667036821803435e-02
-5.343347460524938697e-02
-4.579306189415532913e-02
-4.833986613118668174e-02
-5.343347460524938697e-02
-5.088667036821803435e-02
-5.852708307931209220e-02
-5.088667036821803435e-02
-5.343347460524938697e-02
-4.833986613118668174e-02
-5.088667036821803435e-02
-5.343347460524938697e-02
-5.852708307931209220e-02
-5.852708307931209220e-02
-5.343347460524938697e-02
-5.343347460524938697e-02
-4.833986613118668174e-02
-4.833986613118668174e-02
-5.343347460524938697e-02
-5.852708307931209220e-02
-5.852708307931209220e-02
-5.088667036821803435e-02
-5.088667036821803435e-02
-4.833986613118668174e-02
-4.833986613118668174e-02
-5.088667036821803435e-02
-5.343347460524938697e-02
-5.852708307931209220e-02
-5.343347460524938697e-02
-5.343347460524938697e-02
-4.833986613118668174e-02
-4.833986613118668174e-02
-5.088667036821803435e-02
-5.088667036821803435e-02
-5.852708307931209220e-02
-6.107388731634344481e-02
-5.343347460524938697e-02
-5.088667036821803435e-02
-4.579306189415532913e-02
-5.343347460524938697e-02
-5.343347460524938697e-02
-5.598027884228073958e-02
-5.852708307931209220e-02
-5.852708307931209220e-02
-5.598027884228073958e-02
-4.579306189415532913e-02
-4.833986613118668174e-02
-5.343347460524938697e-02
-5.343347460524938697e-02
-5.852708307931209220e-02
-5.852708307931209220e-02
-5.343347460524938697e-02
-5.598027884228073958e-02
-4.579306189415532913e-02
-5.088667036821803435e-02
-5.343347460524938697e-02
-5.343347460524938697e-02
-5.852708307931209220e-02
-5.343347460524938697e-02
-5.343347460524938697e-02
-4.579306189415532913e-02
-4.579306189415532913e-02
-5.088667036821803435e-02
-5.088667036821803435e-02
-6.107388731634344481e-02
-6.362069155337479742e-02
-5.088667036821803435e-02
-5.598027884228073958e-02
-4.833986613118668174e-02
-4.833986613118668174e-02
-5.343347460524938697e-02
-6.107388731634344481e-02
-5.852708307931209220e-02
-5.343347460524938697e-02
-5.343347460524938697e-02
-4.579306189415532913e-02
-4.579306189415532913e-02
-5.088667036821803435e-02
-5.343347460524938697e-02
-6.107388731634344481e-02
-5.852708307931209220e-02
-5.088667036821803435e-02
-4.579306189415532913e-02
-4.579306189415532913e-02
-5.088667036821803435e-02
-5.343347460524938697e-02
-6.107388731634344481e-02
-5.852708307931209220e-02
-5.343347460524938697e-02
-5.343347460524938697e-02
-4.833986613118668174e-02
-5.343347460524938697e-02
-5.088667036821803435e-02
-5.852708307931209220e-02
-5.852708307931209220e-02
-5.343347460524938697e-02
-5.088667036821803435e-02
-5.343347460524938697e-02
-5.088667036821803435e-02
-5.088667036821803435e-02
-5.088667036821803435e-02
-6.107388731634344481e-02
-5.088667036821803435e-02
-5.343347460524938697e-02
-4.579306189415532913e-02
-4.833986613118668174e-02
-5.343347460524938697e-02
-5.343347460524938697e-02
-5.852708307931209220e-02
-5.852708307931209220e-02
-5.343347460524938697e-02
-5.343347460524938697e-02
-4.579306189415532913e-02
-5.343347460524938697e-02
-5.343347460524938697e-02
-5.852708307931209220e-02
-6.107388731634344481e-02
-5.088667036821803435e-02
-5.343347460524938697e-02
-5.088667036821803435e-02
-5.343347460524938697e-02
-5.343347460524938697e-02
-6.107388731634344481e-02
-5.852708307931209220e-02
-5.343347460524938697e-02
-5.088667036821803435e-02
-4.833986613118668174e-02
-4.579306189415532913e-02
-5.343347460524938697e-02
-5.343347460524938697e-02
-5.852708307931209220e-02
-6.107388731634344481e-02
-5.852708307931209220e-02
-4.833986613118668174e-02
-4.579306189415532913e-02
-4.833986613118668174e-02
-5.343347460524938697e-02
-6.107388731634344481e-02
-5.852708307931209220e-02
-5.343347460524938697e-02
-5.343347460524938697e-02
-4.833986613118668174e-02
-4.833986613118668174e-02
-5.343347460524938697e-02
-5.088667036821803435e-02
-5.343347460524938697e-02
-6.107388731634344481e-02
-6.107388731634344481e-02
-5.343347460524938697e-02
-4.833986613118668174e-02
-5.343347460524938697e-02
-5.343347460524938697e-02
-6.107388731634344481e-02
-6.107388731634344481e-02
-5.088667036821803435e-02
-4.579306189415532913e-02
-4.833986613118668174e-02
-5.343347460524938697e-02
-5.343347460524938697e-02
-5.343347460524938697e-02
-6.107388731634344481e-02
-6.107388731634344481e-02
-5.343347460524938697e-02
-5.088667036821803435e-02
-5.088667036821803435e-02
-5.088667036821803435e-02
-5.343347460524938697e-02
-5.598027884228073958e-02
-6.107388731634344481e-02
-5.343347460524938697e-02
-5.343347460524938697e-02
-4.833986613118668174e-02
-4.833986613118668174e-02
-5.088667036821803435e-02
-6.107388731634344481e-02
-6.107388731634344481e-02
-5.088667036821803435e-02
-5.343347460524938697e-02
-4.833986613118668174e-02
-4.579306189415532913e-02
-5.343347460524938697e-02
-5.852708307931209220e-02
-6.107388731634344481e-02
-5.343347460524938697e-02
-5.343347460524938697e-02
-5.088667036821803435e-02
-5.343347460524938697e-02
-5.343347460524938697e-02
-5.852708307931209220e-02
-6.107388731634344481e-02
-5.343347460524938697e-02
-5.343347460524938697e-02
-4.833986613118668174e-02
-4.579306189415532913e-02
-5.088667036821803435e-02
-5.088667036821803435e-02
-5.852708307931209220e-02
-5.343347460524938697e-02
-5.343347460524938697e-02
-4.833986613118668174e-02
-4.579306189415532913e-02
-5.343347460524938697e-02
-5.343347460524938697e-02
-5.852708307931209220e-02
-5.343347460524938697e-02
-5.343347460524938697e-02
-4.579306189415532913e-02
-4.833986613118668174e-02
-5.343347460524938697e-02
-5.343347460524938697e-02
-6.107388731634344481e-02
-5.343347460524938697e-02
-4.579306189415532913e-02
-5.088667036821803435e-02
-5.343347460524938697e-02
-5.343347460524938697e-02
-5.852708307931209220e-02
-6.107388731634344481e-02
-5.343347460524938697e-02
-4.324625765712397651e-02
-4.579306189415532913e-02
-5.088667036821803435e-02
-5.088667036821803435e-02
-5.598027884228073958e-02
-6.107388731634344481e-02
-5.088667036821803435e-02
-5.343347460524938697e-02
-4.579306189415532913e-02
-5.343347460524938697e-02
-5.343347460524938697e-02
-5.852708307931209220e-02
-5.088667036821803435e-02
-5.088667036821803435e-02
-5.088667036821803435e-02
-4.833986613118668174e-02
-4.833986613118668174e-02
-4.833986613118668174e-02
-5.343347460524938697e-02
-5.852708307931209220e-02
-6.107388731634344481e-02
-5.343347460524938697e-02
-5.343347460524938697e-02
-4.833986613118668174e-02
-5.088667036821803435e-02
-5.343347460524938697e-02
-5.343347460524938697e-02
-5.852708307931209220e-02
-5.852708307931209220e-02
-5.598027884228073958e-02
-4.833986613118668174e-02
-5.088667036821803435e-02
-5.343347460524938697e-02
-6.107388731634344481e-02
-6.107388731634344481e-02
-5.343347460524938697e-02
-4.833986613118668174e-02
-4.579306189415532913e-02
-5.343347460524938697e-02
-5.343347460524938697e-02
-5.852708307931209220e-02
-6.107388731634344481e-02
-5.852708307931209220e-02
-5.343347460524938697e-02
-4.579306189415532913e-02
-5.088667036821803435e-02
-5.343347460524938697e-02
-5.088667036821803435e-02
-6.107388731634344481e-02
-6.107388731634344481e-02
-5.088667036821803435e-02
-4.579306189415532913e-02
-4.833986613118668174e-02
-5.088667036821803435e-02
-5.343347460524938697e-02
-5.852708307931209220e-02
-5.852708307931209220e-02
-5.343347460524938697e-02
-4.579306189415532913e-02
-4.833986613118668174e-02
-5.088667036821803435e-02
-5.343347460524938697e-02
-6.107388731634344481e-02
-5.852708307931209220e-02
-5.343347460524938697e-02
-5.343347460524938697e-02
-4.833986613118668174e-02
-5.088667036821803435e-02
-5.343347460524938697e-02
-5.343347460524938697e-02
-6.107388731634344481e-02
-5.852708307931209220e-02
-5.343347460524938697e-02
-4.833986613118668174e-02
-5.088667036821803435e-02
-5.343347460524938697e-02
-5.343347460524938697e-02
-6.107388731634344481e-02
-5.852708307931209220e-02
-5.343347460524938697e-02
-4.579306189415532913e-02
-4.833986613118668174e-02
-5.343347460524938697e-02
-5.343347460524938697e-02
-6.107388731634344481e-02
-5.852708307931209220e-02
-5.343347460524938697e-02
-4.833986613118668174e-02
-4.833986613118668174e-02
-5.343347460524938697e-02
-5.343347460524938697e-02
-5.852708307931209220e-02
-5.852708307931209220e-02
-4.579306189415532913e-02
-4.579306189415532913e-02
-4.833986613118668174e-02
-5.088667036821803435e-02
-5.598027884228073958e-02
-6.107388731634344481e-02
-5.343347460524938697e-02
-5.343347460524938697e-02
-4.833986613118668174e-02
-4.833986613118668174e-02
-5.343347460524938697e-02
-5.852708307931209220e-02
-6.107388731634344481e-02
-5.088667036821803435e-02
-5.343347460524938697e-02
-4.579306189415532913e-02
-5.598027884228073958e-02
-5.343347460524938697e-02
-5.343347460524938697e-02
-5.852708307931209220e-02
-5.852708307931209220e-02
-5.088667036821803435e-02
-5.088667036821803435e-02
-4.833986613118668174e-02
-4.833986613118668174e-02
-5.088667036821803435e-02
-6.107388731634344481e-02
-5.598027884228073958e-02
-5.343347460524938697e-02
-5.343347460524938697e-02
-4.833986613118668174e-02
-4.833986613118668174e-02
-4.579306189415532913e-02
-5.088667036821803435e-02
-5.598027884228073958e-02
-5.852708307931209220e-02
-5.598027884228073958e-02
-5.343347460524938697e-02
-4.579306189415532913e-02
-4.579306189415532913e-02
-5.598027884228073958e-02
-5.852708307931209220e-02
-6.107388731634344481e-02
-5.343347460524938697e-02
-5.343347460524938697e-02
-4.833986613118668174e-02
-4.579306189415532913e-02
-5.343347460524938697e-02
-5.852708307931209220e-02
-6.107388731634344481e-02
-5.343347460524938697e-02
-4.324625765712397651e-02
-4.579306189415532913e-02
-5.343347460524938697e-02
-5.343347460524938697e-02
-6.107388731634344481e-02
-5.852708307931209220e-02
-5.343347460524938697e-02
-4.579306189415532913e-02
-4.833986613118668174e-02
-5.088667036821803435e-02
-5.343347460524938697e-02
-5.598027884228073958e-02
-6.107388731634344481e-02
-5.343347460524938697e-02
-5.343347460524938697e-02
-4.579306189415532913e-02
-4.579306189415532913e-02
-5.088667036821803435e-02
-5.343347460524938697e-02
-6.107388731634344481e-02
-5.088667036821803435e-02
-5.598027884228073958e-02
-4.833986613118668174e-02
-4.579306189415532913e-02
-5.343347460524938697e-02
-6.107388731634344481e-02
-6.107388731634344481e-02
-5.343347460524938697e-02
-5.343347460524938697e-02
-4.579306189415532913e-02
-4.833986613118668174e-02
-5.343347460524938697e-02
-5.343347460524938697e-02
-5.852708307931209220e-02
-5.852708307931209220e-02
-5.343347460524938697e-02
-4.833986613118668174e-02
-4.579306189415532913e-02
-5.088667036821803435e-02
-5.088667036821803435e-02
-5.598027884228073958e-02
-6.107388731634344481e-02
-5.852708307931209220e-02
-5.088667036821803435e-02
-5.088667036821803435e-02
-4.833986613118668174e-02
-5.343347460524938697e-02
-5.343347460524938697e-02
-5.852708307931209220e-02
-5.343347460524938697e-02
-5.343347460524938697e-02
-4.833986613118668174e-02
-5.088667036821803435e-02
-5.343347460524938697e-02
-6.107388731634344481e-02
-5.852708307931209220e-02
-5.343347460524938697e-02
-5.343347460524938697e-02
-4.579306189415532913e-02
-4.579306189415532913e-02
-5.343347460524938697e-02
-5.598027884228073958e-02
-5.852708307931209220e-02
-6.107388731634344481e-02
-5.343347460524938697e-02
-4.833986613118668174e-02
-4.833986613118668174e-02
-5.343347460524938697e-02
-5.343347460524938697e-02
-5.598027884228073958e-02
-5.088667036821803435e-02
-5.598027884228073958e-02
-5.343347460524938697e-02
-4.833986613118668174e-02
-5.088667036821803435e-02
-5.088667036821803435e-02
-5.852708307931209220e-02
-5.343347460524938697e-02
-5.088667036821803435e-02
-5.343347460524938697e-02
-4.579306189415532913e-02
-4.833986613118668174e-02
-5.598027884228073958e-02
-5.343347460524938697e-02
-5.852708307931209220e-02
-5.852708307931209220e-02
-5.343347460524938697e-02
-4.579306189415532913e-02
-5.088667036821803435e-02
-5.343347460524938697e-02
-5.343347460524938697e-02
-6.107388731634344481e-02
-6.107388731634344481e-02
-5.343347460524938697e-02
-4.579306189415532913e-02
-4.833986613118668174e-02
-5.343347460524938697e-02
-5.343347460524938697e-02
-5.852708307931209220e-02
-5.343347460524938697e-02
-5.343347460524938697e-02
-4.833986613118668174e-02
-4.833986613118668174e-02
-5.343347460524938697e-02
-5.343347460524938697e-02
-6.107388731634344481e-02
-6.107388731634344481e-02
-5.343347460524938697e-02
-5.343347460524938697e-02
-4.833986613118668174e-02
-4.833986613118668174e-02
-5.343347460524938697e-02
-5.852708307931209220e-02
-5.852708307931209220e-02
-5.088667036821803435e-02
-5.343347460524938697e-02
-4.833986613118668174e-02
-5.343347460524938697e-02
-5.343347460524938697e-02
-6.107388731634344481e-02
-5.852708307931209220e-02
-5.598027884228073958e-02
-5.598027884228073958e-02
-4.579306189415532913e-02
-5.343347460524938697e-02
-5.343347460524938697e-02
-5.088667036821803435e-02
-5.852708307931209220e-02
-5.852708307931209220e-02
-5.343347460524938697e-02
-5.343347460524938697e-02
-4.833986613118668174e-02
-4.833986613118668174e-02
-5.343347460524938697e-02
-5.852708307931209220e-02
-5.088667036821803435e-02
-5.088667036821803435e-02
-4.579306189415532913e-02
-4.833986613118668174e-02
-5.088667036821803435e-02
-5.343347460524938697e-02
-5.343347460524938697e-02
-5.852708307931209220e-02
-5.852708307931209220e-02
-5.343347460524938697e-02
-4.833986613118668174e-02
-4.833986613118668174e-02
-5.343347460524938697e-02
-5.343347460524938697e-02
-6.107388731634344481e-02
-5.088667036821803435e-02
-5.343347460524938697e-02
-4.833986613118668174e-02
-5.088667036821803435e-02
-5.088667036821803435e-02
-5.852708307931209220e-02
-5.852708307931209220e-02
-5.088667036821803435e-02
-5.343347460524938697e-02
-4.579306189415532913e-02
-5.088667036821803435e-02
-5.343347460524938697e-02
-5.852708307931209220e-02
-5.852708307931209220e-02
-5.088667036821803435e-02
-5.343347460524938697e-02
-4.579306189415532913e-02
-4.579306189415532913e-02
-5.343347460524938697e-02
-5.852708307931209220e-02
-5.852708307931209220e-02
-6.107388731634344481e-02
-5.598027884228073958e-02
-4.579306189415532913e-02
-4.833986613118668174e-02
-5.343347460524938697e-02
-5.852708307931209220e-02
-5.852708307931209220e-02
-5.852708307931209220e-02
-5.343347460524938697e-02
-4.579306189415532913e-02
-5.088667036821803435e-02
-4.833986613118668174e-02
-5.343347460524938697e-02
-5.088667036821803435e-02
-6.107388731634344481e-02
-5.852708307931209220e-02
-5.343347460524938697e-02
-4.833986613118668174e-02
-4.579306189415532913e-02
-5.343347460524938697e-02
-5.343347460524938697e-02
-5.852708307931209220e-02
-6.107388731634344481e-02
-5.343347460524938697e-02
-5.343347460524938697e-02
-4.833986613118668174e-02
-5.343347460524938697e-02
-5.343347460524938697e-02
-5.852708307931209220e-02
-5.852708307931209220e-02
-5.343347460524938697e-02
-5.343347460524938697e-02
-4.833986613118668174e-02
-5.343347460524938697e-02
-5.343347460524938697e-02
-5.852708307931209220e-02
-5.088667036821803435e-02
-5.343347460524938697e-02
-4.833986613118668174e-02
-4.833986613118668174e-02
-5.598027884228073958e-02
-5.343347460524938697e-02
-6.107388731634344481e-02
-6.107388731634344481e-02
-5.088667036821803435e-02
-4.579306189415532913e-02
-4.833986613118668174e-02
-5.088667036821803435e-02
-5.343347460524938697e-02
-6.107388731634344481e-02
-5.852708307931209220e-02
-5.088667036821803435e-02
-5.088667036821803435e-02
-4.579306189415532913e-02
-5.343347460524938697e-02
-5.598027884228073958e-02
-5.852708307931209220e-02
-6.107388731634344481e-02
-5.598027884228073958e-02
-5.343347460524938697e-02
-4.579306189415532913e-02
-4.833986613118668174e-02
-5.343347460524938697e-02
-5.852708307931209220e-02
-5.343347460524938697e-02
-5.088667036821803435e-02
-5.343347460524938697e-02
-4.833986613118668174e-02
-5.088667036821803435e-02
-5.343347460524938697e-02
-5.343347460524938697e-02
-5.852708307931209220e-02
-5.343347460524938697e-02
-5.088667036821803435e-02
-5.088667036821803435e-02
-4.833986613118668174e-02
-5.343347460524938697e-02
-5.343347460524938697e-02
-5.852708307931209220e-02
-6.107388731634344481e-02
-5.088667036821803435e-02
-4.579306189415532913e-02
-4.833986613118668174e-02
-5.852708307931209220e-02
-5.343347460524938697e-02
-5.852708307931209220e-02
-5.852708307931209220e-02
-5.343347460524938697e-02
-5.343347460524938697e-02
-4.833986613118668174e-02
-4.579306189415532913e-02
-5.343347460524938697e-02
-5.343347460524938697e-02
-5.852708307931209220e-02
-5.598027884228073958e-02
-5.343347460524938697e-02
-5.343347460524938697e-02
-4.579306189415532913e-02
-5.343347460524938697e-02
-5.343347460524938697e-02
-5.852708307931209220e-02
-6.107388731634344481e-02
-5.343347460524938697e-02
-5.343347460524938697e-02
-4.579306189415532913e-02
-4.833986613118668174e-02
-5.343347460524938697e-02
-5.088667036821803435e-02
-6.107388731634344481e-02
-5.343347460524938697e-02
-5.088667036821803435e-02
-5.088667036821803435e-02
-4.579306189415532913e-02
-5.343347460524938697e-02
-5.088667036821803435e-02
-5.852708307931209220e-02
-5.343347460524938697e-02
-5.343347460524938697e-02
-5.088667036821803435e-02
-4.833986613118668174e-02
-5.088667036821803435e-02
-5.343347460524938697e-02
-6.107388731634344481e-02
-6.107388731634344481e-02
-5.343347460524938697e-02
-5.343347460524938697e-02
-5.088667036821803435e-02
-5.343347460524938697e-02
-5.088667036821803435e-02
-5.343347460524938697e-02
-5.852708307931209220e-02
-6.107388731634344481e-02
-5.088667036821803435e-02
-4.833986613118668174e-02
-4.833986613118668174e-02
-5.343347460524938697e-02
-5.343347460524938697e-02
-6.107388731634344481e-02
-6.107388731634344481e-02
-5.343347460524938697e-02
-5.088667036821803435e-02
-4.579306189415532913e-02
-5.343347460524938697e-02
-5.343347460524938697e-02
-5.852708307931209220e-02
-6.107388731634344481e-02
-5.343347460524938697e-02
-5.088667036821803435e-02
-4.833986613118668174e-02
-5.343347460524938697e-02
-5.852708307931209220e-02
-6.107388731634344481e-02
-5.852708307931209220e-02
-5.088667036821803435e-02
-5.343347460524938697e-02
-4.833986613118668174e-02
-5.343347460524938697e-02
-5.088667036821803435e-02
-6.107388731634344481e-02
-5.852708307931209220e-02
-5.088667036821803435e-02
-5.343347460524938697e-02
-4.579306189415532913e-02
-5.343347460524938697e-02
-5.343347460524938697e-02
-5.852708307931209220e-02
-6.107388731634344481e-02
-5.088667036821803435e-02
-5.598027884228073958e-02
-4.833986613118668174e-02
-4.579306189415532913e-02
-5.088667036821803435e-02
-5.852708307931209220e-02
-5.852708307931209220e-02
-6.107388731634344481e-02
-5.343347460524938697e-02
-5.343347460524938697e-02
-4.833986613118668174e-02
-4.833986613118668174e-02
-5.088667036821803435e-02
-5.852708307931209220e-02
-6.107388731634344481e-02
-5.343347460524938697e-02
-5.343347460524938697e-02
-4.833986613118668174e-02
-4.579306189415532913e-02
-5.088667036821803435e-02
-6.107388731634344481e-02
-5.852708307931209220e-02
-5.343347460524938697e-02
-5.343347460524938697e-02
-4.833986613118668174e-02
-4.579306189415532913e-02
-5.088667036821803435e-02
-5.343347460524938697e-02
-5.852708307931209220e-02
-5.088667036821803435e-02
-5.343347460524938697e-02
-4.579306189415532913e-02
-4.833986613118668174e-02
-5.343347460524938697e-02
-5.088667036821803435e-02
-5.852708307931209220e-02
-5.343347460524938697e-02
-5.088667036821803435e-02
-4.579306189415532913e-02
-4.833986613118668174e-02
-5.343347460524938697e-02
-5.852708307931209220e-02
-5.598027884228073958e-02
-5.343347460524938697e-02
-4.579306189415532913e-02
-4.579306189415532913e-02
-5.343347460524938697e-02
-5.088667036821803435e-02
-5.852708307931209220e-02
-6.107388731634344481e-02
-5.343347460524938697e-02
-5.088667036821803435e-02
-4.579306189415532913e-02
-5.598027884228073958e-02
-5.343347460524938697e-02
-5.852708307931209220e-02
-5.852708307931209220e-02
-5.343347460524938697e-02
-5.343347460524938697e-02
-5.343347460524938697e-02
-5.088667036821803435e-02
-5.343347460524938697e-02
-5.598027884228073958e-02
-5.852708307931209220e-02
-5.088667036821803435e-02
-5.343347460524938697e-02
-4.833986613118668174e-02
-4.833986613118668174e-02
-5.343347460524938697e-02
-6.107388731634344481e-02
-5.852708307931209220e-02
-5.852708307931209220e-02
-5.343347460524938697e-02
-5.343347460524938697e-02
-4.833986613118668174e-02
-5.343347460524938697e-02
-5.343347460524938697e-02
-6.107388731634344481e-02
-5.343347460524938697e-02
-5.088667036821803435e-02
-4.579306189415532913e-02
-4.833986613118668174e-02
-5.343347460524938697e-02
-5.088667036821803435e-02
-6.107388731634344481e-02
-5.343347460524938697e-02
-5.343347460524938697e-02
-4.579306189415532913e-02
-4.579306189415532913e-02
-5.343347460524938697e-02
-5.088667036821803435e-02
-6.107388731634344481e-02
-5.852708307931209220e-02
-5.088667036821803435e-02
-5.343347460524938697e-02
-4.579306189415532913e-02
-5.343347460524938697e-02
-5.343347460524938697e-02
-5.852708307931209220e-02
-5.852708307931209220e-02
-5.088667036821803435e-02
-4.579306189415532913e-02
-4.833986613118668174e-02
-5.343347460524938697e-02
-5.088667036821803435e-02
-6.107388731634344481e-02
-5.852708307931209220e-02
-5.088667036821803435e-02
-5.088667036821803435e-02
-4.833986613118668174e-02
-5.343347460524938697e-02
-5.343347460524938697e-02
-5.852708307931209220e-02
-5.852708307931209220e-02
-5.088667036821803435e-02
-5.343347460524938697e-02
-4.579306189415532913e-02
-4.833986613118668174e-02
-5.343347460524938697e-02
-5.343347460524938697e-02
-6.107388731634344481e-02
-6.107388731634344481e-02
-5.343347460524938697e-02
-5.343347460524938697e-02
-4.833986613118668174e-02
-4.579306189415532913e-02
-5.343347460524938697e-02
-5.088667036821803435e-02
-6.107388731634344481e-02
-5.852708307931209220e-02
-5.343347460524938697e-02
-5.088667036821803435e-02
-4.833986613118668174e-02
-4.833986613118668174e-02
-5.343347460524938697e-02
-5.852708307931209220e-02
-5.852708307931209220e-02
-5.598027884228073958e-02
-5.343347460524938697e-02
-4.833986613118668174e-02
-5.088667036821803435e-02
-5.088667036821803435e-02
-5.852708307931209220e-02
-5.852708307931209220e-02
-5.343347460524938697e-02
-5.343347460524938697e-02
-5.088667036821803435e-02
-5.343347460524938697e-02
-5.343347460524938697e-02
-5.852708307931209220e-02
-5.852708307931209220e-02
-5.088667036821803435e-02
-5.343347460524938697e-02
-4.833986613118668174e-02
-5.343347460524938697e-02
-5.088667036821803435e-02
-5.852708307931209220e-02
-5.852708307931209220e-02
-5.343347460524938697e-02
-5.343347460524938697e-02
-4.579306189415532913e-02
-5.343347460524938697e-02
-5.852708307931209220e-02
-5.852708307931209220e-02
-5.343347460524938697e-02
-5.343347460524938697e-02
-5.088667036821803435e-02
-4.579306189415532913e-02
-5.343347460524938697e-02
-5.852708307931209220e-02
-5.852708307931209220e-02
-5.852708307931209220e-02
-5.088667036821803435e-02
-5.598027884228073958e-02
-5.088667036821803435e-02
-5.343347460524938697e-02
-5.852708307931209220e-02
-5.852708307931209220e-02
-6.107388731634344481e-02
-5.343347460524938697e-02
-4.833986613118668174e-02
-4.833986613118668174e-02
-5.343347460524938697e-02
-5.088667036821803435e-02
-5.598027884228073958e-02
-6.107388731634344481e-02
-5.088667036821803435e-02
-4.579306189415532913e-02
-4.579306189415532913e-02
-5.343347460524938697e-02
-5.343347460524938697e-02
-6.107388731634344481e-02
-5.343347460524938697e-02
-5.343347460524938697e-02
-5.088667036821803435e-02
-4.579306189415532913e-02
-5.343347460524938697e-02
-5.343347460524938697e-02
-5.852708307931209220e-02
-5.852708307931209220e-02
-5.343347460524938697e-02
-4.833986613118668174e-02
-4.579306189415532913e-02
-5.343347460524938697e-02
-5.088667036821803435e-02
-6.107388731634344481e-02
-5.852708307931209220e-02
-5.598027884228073958e-02
-5.088667036821803435e-02
-4.579306189415532913e-02
-4.833986613118668174e-02
-5.343347460524938697e-02
-5.088667036821803435e-02
-6.107388731634344481e-02
-5.852708307931209220e-02
-5.343347460524938697e-02
-5.343347460524938697e-02
-4.833986613118668174e-02
-5.343347460524938697e-02
-5.343347460524938697e-02
-5.852708307931209220e-02
-5.852708307931209220e-02
-5.343347460524938697e-02
-5.343347460524938697e-02
-4.833986613118668174e-02
-5.343347460524938697e-02
-6.107388731634344481e-02
-5.852708307931209220e-02
-5.343347460524938697e-02
-5.343347460524938697e-02
-4.833986613118668174e-02
-4.833986613118668174e-02
-5.343347460524938697e-02
-5.343347460524938697e-02
-5.852708307931209220e-02
-5.852708307931209220e-02
-5.088667036821803435e-02
-4.833986613118668174e-02
-5.343347460524938697e-02
-5.343347460524938697e-02
-5.343347460524938697e-02
-5.598027884228073958e-02
-5.343347460524938697e-02
-5.343347460524938697e-02
-5.088667036821803435e-02
-4.833986613118668174e-02
-4.833986613118668174e-02
-5.343347460524938697e-02
-5.343347460524938697e-02
-5.598027884228073958e-02
-6.107388731634344481e-02
-5.598027884228073958e-02
-4.833986613118668174e-02
-4.579306189415532913e-02
-5.088667036821803435e-02
-5.343347460524938697e-02
-5.598027884228073958e-02
-5.852708307931209220e-02
-5.088667036821803435e-02
-4.579306189415532913e-02
-4.833986613118668174e-02
-5.343347460524938697e-02
-6.107388731634344481e-02
-5.852708307931209220e-02
-6.107388731634344481e-02
-5.343347460524938697e-02
-4.833986613118668174e-02
-5.343347460524938697e-02
-5.343347460524938697e-02
-6.107388731634344481e-02
-5.852708307931209220e-02
-5.852708307931209220e-02
-5.343347460524938697e-02
-4.833986613118668174e-02
-4.833986613118668174e-02
-5.343347460524938697e-02
-6.107388731634344481e-02
-6.107388731634344481e-02
-5.088667036821803435e-02
-5.343347460524938697e-02
-4.833986613118668174e-02
-5.343347460524938697e-02
-5.088667036821803435e-02
-5.343347460524938697e-02
-5.852708307931209220e-02
-5.852708307931209220e-02
-5.343347460524938697e-02
-5.343347460524938697e-02
-4.833986613118668174e-02
-5.343347460524938697e-02
-5.852708307931209220e-02
-6.107388731634344481e-02
-5.343347460524938697e-02
-4.833986613118668174e-02
-5.088667036821803435e-02
-4.579306189415532913e-02
-5.343347460524938697e-02
-5.343347460524938697e-02
-5.852708307931209220e-02
-5.343347460524938697e-02
-5.088667036821803435e-02
-4.833986613118668174e-02
-4.579306189415532913e-02
-5.343347460524938697e-02
-5.343347460524938697e-02
-5.852708307931209220e-02
-6.107388731634344481e-02
-4.833986613118668174e-02
-4.579306189415532913e-02
-5.343347460524938697e-02
-5.343347460524938697e-02
-6.107388731634344481e-02
-6.107388731634344481e-02
-5.088667036821803435e-02
-5.088667036821803435e-02
-5.088667036821803435e-02
-5.343347460524938697e-02
-5.343347460524938697e-02
-5.852708307931209220e-02
-5.852708307931209220e-02
-5.343347460524938697e-02
-5.343347460524938697e-02
-4.579306189415532913e-02
-5.088667036821803435e-02
-5.088667036821803435e-02
-6.107388731634344481e-02
-5.343347460524938697e-02
-5.343347460524938697e-02
-4.579306189415532913e-02
-4.833986613118668174e-02
-5.343347460524938697e-02
-5.343347460524938697e-02
-5.343347460524938697e-02
-5.852708307931209220e-02
-5.852708307931209220e-02
-5.088667036821803435e-02
-4.579306189415532913e-02
-4.833986613118668174e-02
-5.343347460524938697e-02
-5.088667036821803435e-02
-5.852708307931209220e-02
-5.852708307931209220e-02
-5.343347460524938697e-02
-4.833986613118668174e-02
-4.833986613118668174e-02
-5.343347460524938697e-02
-5.343347460524938697e-02
-5.852708307931209220e-02
-5.852708307931209220e-02
-5.343347460524938697e-02
-4.833986613118668174e-02
-4.579306189415532913e-02
-5.343347460524938697e-02
-5.343347460524938697e-02
-5.852708307931209220e-02
-5.852708307931209220e-02
-5.343347460524938697e-02
-5.088667036821803435e-02
-4.579306189415532913e-02
-5.088667036821803435e-02
-5.343347460524938697e-02
-5.852708307931209220e-02
-6.107388731634344481e-02
-5.088667036821803435e-02
-5.088667036821803435e-02
-5.343347460524938697e-02
-5.088667036821803435e-02
-5.343347460524938697e-02
-5.343347460524938697e-02
-6.107388731634344481e-02
-5.598027884228073958e-02
-5.343347460524938697e-02
-4.833986613118668174e-02
-4.579306189415532913e-02
-4.579306189415532913e-02
-5.343347460524938697e-02
-5.852708307931209220e-02
-5.852708307931209220e-02
-5.598027884228073958e-02
-5.343347460524938697e-02
-5.088667036821803435e-02
-5.343347460524938697e-02
-5.343347460524938697e-02
-5.852708307931209220e-02
-5.852708307931209220e-02
-5.343347460524938697e-02
-5.088667036821803435e-02
-5.088667036821803435e-02
-4.579306189415532913e-02
-5.343347460524938697e-02
-5.088667036821803435e-02
-5.852708307931209220e-02
-5.343347460524938697e-02
-5.343347460524938697e-02
-4.579306189415532913e-02
-4.833986613118668174e-02
-5.343347460524938697e-02
-5.852708307931209220e-02
-6.107388731634344481e-02
-5.343347460524938697e-02
-5.088667036821803435e-02
-4.579306189415532913e-02
-5.088667036821803435e-02
-5.088667036821803435e-02
-6.107388731634344481e-02
-6.107388731634344481e-02
-5.343347460524938697e-02
-5.343347460524938697e-02
-4.579306189415532913e-02
-4.579306189415532913e-02
-5.343347460524938697e-02
-6.107388731634344481e-02
-5.088667036821803435e-02
-5.343347460524938697e-02
-5.343347460524938697e-02
-4.579306189415532913e-02
-4.579306189415532913e-02
-5.343347460524938697e-02
-5.343347460524938697e-02
-6.107388731634344481e-02
-5.343347460524938697e-02
-5.343347460524938697e-02
-4.833986613118668174e-02
-4.579306189415532913e-02
-5.088667036821803435e-02
-5.852708307931209220e-02
-6.107388731634344481e-02
-5.343347460524938697e-02
-5.088667036821803435e-02
-5.088667036821803435e-02
-4.833986613118668174e-02
-5.088667036821803435e-02
-5.343347460524938697e-02
-6.107388731634344481e-02
-5.852708307931209220e-02
-5.088667036821803435e-02
-5.088667036821803435e-02
-4.579306189415532913e-02
-5.343347460524938697e-02
-5.343347460524938697e-02
-5.852708307931209220e-02
-5.088667036821803435e-02
-4.833986613118668174e-02
-4.833986613118668174e-02
-4.833986613118668174e-02
-4.579306189415532913e-02
-5.343347460524938697e-02
-6.107388731634344481e-02
-5.852708307931209220e-02
-5.088667036821803435e-02
-5.343347460524938697e-02
-4.833986613118668174e-02
-4.579306189415532913e-02
-5.343347460524938697e-02
-5.852708307931209220e-02
-5.852708307931209220e-02
-5.343347460524938697e-02
-5.343347460524938697e-02
-4.579306189415532913e-02
-4.833986613118668174e-02
-5.343347460524938697e-02
-6.107388731634344481e-02
-5.343347460524938697e-02
-5.343347460524938697e-02
-4.833986613118668174e-02
-4.833986613118668174e-02
-5.088667036821803435e-02
-6.107388731634344481e-02
-6.107388731634344481e-02
-5.852708307931209220e-02
-5.343347460524938697e-02
-5.343347460524938697e-02
-4.833986613118668174e-02
-4.579306189415532913e-02
-5.343347460524938697e-02
-5.852708307931209220e-02
-6.107388731634344481e-02
-5.088667036821803435e-02
-5.088667036821803435e-02
-4.833986613118668174e-02
-4.833986613118668174e-02
-5.343347460524938697e-02
-5.088667036821803435e-02
-6.107388731634344481e-02
-5.343347460524938697e-02
-5.343347460524938697e-02
-4.579306189415532913e-02
-4.833986613118668174e-02
-5.343347460524938697e-02
-5.088667036821803435e-02
-5.852708307931209220e-02
-5.088667036821803435e-02
-5.343347460524938697e-02
-4.579306189415532913e-02
-4.833986613118668174e-02
-5.343347460524938697e-02
-5.088667036821803435e-02
-5.852708307931209220e-02
-5.852708307931209220e-02
-5.088667036821803435e-02
-4.579306189415532913e-02
-5.088667036821803435e-02
-5.343347460524938697e-02
-5.852708307931209220e-02
-5.598027884228073958e-02
-5.088667036821803435e-02
-5.343347460524938697e-02
-4.833986613118668174e-02
-5.088667036821803435e-02
-5.088667036821803435e-02
-5.852708307931209220e-02
-6.107388731634344481e-02
-5.088667036821803435e-02
-5.088667036821803435e-02
-5.088667036821803435e-02
-4.579306189415532913e-02
-5.088667036821803435e-02
-5.343347460524938697e-02
-5.852708307931209220e-02
-5.852708307931209220e-02
-5.343347460524938697e-02
-5.343347460524938697e-02
-4.833986613118668174e-02
-4.579306189415532913e-02
-5.343347460524938697e-02
-6.107388731634344481e-02
-5.852708307931209220e-02
-5.343347460524938697e-02
-5.088667036821803435e-02
-4.833986613118668174e-02
-4.579306189415532913e-02
-5.343347460524938697e-02
-5.343347460524938697e-02
-5.852708307931209220e-02
-5.852708307931209220e-02
-5.088667036821803435e-02
-4.833986613118668174e-02
-4.579306189415532913e-02
-5.088667036821803435e-02
-5.088667036821803435e-02
-5.598027884228073958e-02
-5.852708307931209220e-02
-5.343347460524938697e-02
-5.088667036821803435e-02
-4.579306189415532913e-02
-5.343347460524938697e-02
-5.343347460524938697e-02
-5.852708307931209220e-02
-5.852708307931209220e-02
-5.343347460524938697e-02
-5.343347460524938697e-02
-4.579306189415532913e-02
-4.833986613118668174e-02
-5.343347460524938697e-02
-5.852708307931209220e-02
-5.852708307931209220e-02
-5.088667036821803435e-02
-4.833986613118668174e-02
-4.579306189415532913e-02
-5.343347460524938697e-02
-5.088667036821803435e-02
-6.107388731634344481e-02
-5.852708307931209220e-02
-5.343347460524938697e-02
-5.088667036821803435e-02
-4.833986613118668174e-02
-5.088667036821803435e-02
-5.343347460524938697e-02
-6.107388731634344481e-02
-5.852708307931209220e-02
-5.343347460524938697e-02
-5.088667036821803435e-02
-4.833986613118668174e-02
-4.579306189415532913e-02
-5.343347460524938697e-02
-5.343347460524938697e-02
-5.598027884228073958e-02
-5.343347460524938697e-02
-5.088667036821803435e-02
-4.833986613118668174e-02
-4.833986613118668174e-02
-5.598027884228073958e-02
-5.088667036821803435e-02
-5.852708307931209220e-02
-5.088667036821803435e-02
-5.088667036821803435e-02
-4.833986613118668174e-02
-4.579306189415532913e-02
-5.088667036821803435e-02
-5.343347460524938697e-02
-5.852708307931209220e-02
-5.088667036821803435e-02
-5.088667036821803435e-02
-4.833986613118668174e-02
-4.579306189415532913e-02
-5.343347460524938697e-02
-5.088667036821803435e-02
-5.852708307931209220e-02
-5.852708307931209220e-02
-5.343347460524938697e-02
-5.088667036821803435e-02
-4.579306189415532913e-02
-5.343347460524938697e-02
-5.088667036821803435e-02
-5.852708307931209220e-02
-5.852708307931209220e-02
-5.343347460524938697e-02
-4.579306189415532913e-02
-4.579306189415532913e-02
-5.343347460524938697e-02
-5.088667036821803435e-02
-6.107388731634344481e-02
-5.852708307931209220e-02
-5.343347460524938697e-02
-5.088667036821803435e-02
-4.579306189415532913e-02
-4.833986613118668174e-02
-5.343347460524938697e-02
-5.343347460524938697e-02
-5.852708307931209220e-02
-6.107388731634344481e-02
-5.088667036821803435e-02
-5.343347460524938697e-02
-4.579306189415532913e-02
-5.343347460524938697e-02
-5.343347460524938697e-02
-6.107388731634344481e-02
-5.852708307931209220e-02
-5.343347460524938697e-02
-5.343347460524938697e-02
-4.579306189415532913e-02
-4.833986613118668174e-02
-5.343347460524938697e-02
-5.343347460524938697e-02
-5.852708307931209220e-02
-5.343347460524938697e-02
-4.579306189415532913e-02
-4.579306189415532913e-02
-4.833986613118668174e-02
-5.088667036821803435e-02
-5.088667036821803435e-02
-6.107388731634344481e-02
-5.343347460524938697e-02
-5.088667036821803435e-02
-4.833986613118668174e-02
-4.833986613118668174e-02
-5.088667036821803435e-02
-5.088667036821803435e-02
-5.852708307931209220e-02
-5.852708307931209220e-02
-5.343347460524938697e-02
-4.579306189415532913e-02
-4.579306189415532913e-02
-5.088667036821803435e-02
-6.107388731634344481e-02
-5.852708307931209220e-02
-6.107388731634344481e-02
-5.343347460524938697e-02
-5.598027884228073958e-02
-4.579306189415532913e-02
-5.343347460524938697e-02
-5.343347460524938697e-02
-5.852708307931209220e-02
-5.343347460524938697e-02
-5.343347460524938697e-02
-5.343347460524938697e-02
-4.833986613118668174e-02
-5.343347460524938697e-02
-5.088667036821803435e-02
-5.852708307931209220e-02
-5.598027884228073958e-02
-5.088667036821803435e-02
-5.343347460524938697e-02
-4.579306189415532913e-02
-5.343347460524938697e-02
-5.343347460524938697e-02
-5.343347460524938697e-02
-5.598027884228073958e-02
-5.852708307931209220e-02
-5.088667036821803435e-02
-4.833986613118668174e-02
-4.833986613118668174e-02
-5.088667036821803435e-02
-5.088667036821803435e-02
-5.852708307931209220e-02
-6.107388731634344481e-02
-5.343347460524938697e-02
-5.088667036821803435e-02
-4.579306189415532913e-02
-5.088667036821803435e-02
-5.343347460524938697e-02
-5.852708307931209220e-02
-5.852708307931209220e-02
-5.088667036821803435e-02
-5.343347460524938697e-02
-4.579306189415532913e-02
-4.833986613118668174e-02
-5.088667036821803435e-02
-5.343347460524938697e-02
-5.852708307931209220e-02
-5.343347460524938697e-02
-5.343347460524938697e-02
-4.833986613118668174e-02
-4.579306189415532913e-02
-5.088667036821803435e-02
-5.343347460524938697e-02
-5.852708307931209220e-02
-6.107388731634344481e-02
-5.088667036821803435e-02
-5.343347460524938697e-02
-5.088667036821803435e-02
-5.088667036821803435e-02
-6.107388731634344481e-02
-5.598027884228073958e-02
-5.343347460524938697e-02
-5.088667036821803435e-02
-5.343347460524938697e-02
-4.579306189415532913e-02
-5.088667036821803435e-02
-5.088667036821803435e-02
-5.852708307931209220e-02
-5.852708307931209220e-02
-5.088667036821803435e-02
-5.088667036821803435e-02
-4.579306189415532913e-02
-5.088667036821803435e-02
-5.852708307931209220e-02
-6.107388731634344481e-02
-5.343347460524938697e-02
-5.088667036821803435e-02
-4.579306189415532913e-02
-4.579306189415532913e-02
-5.088667036821803435e-02
-6.107388731634344481e-02
-5.852708307931209220e-02
-5.343347460524938697e-02
-5.343347460524938697e-02
-4.833986613118668174e-02
-5.088667036821803435e-02
-5.343347460524938697e-02
-5.852708307931209220e-02
-5.852708307931209220e-02
-5.343347460524938697e-02
-5.343347460524938697e-02
-4.833986613118668174e-02
-4.579306189415532913e-02
-5.343347460524938697e-02
-5.343347460524938697e-02
-5.852708307931209220e-02
-5.852708307931209220e-02
-5.343347460524938697e-02
-5.343347460524938697e-02
-4.833986613118668174e-02
-4.579306189415532913e-02
-5.088667036821803435e-02
-5.088667036821803435e-02
-5.852708307931209220e-02
-5.343347460524938697e-02
-5.088667036821803435e-02
-4.579306189415532913e-02
-4.579306189415532913e-02
-5.343347460524938697e-02
-5.088667036821803435e-02
-5.343347460524938697e-02
-5.343347460524938697e-02
-5.343347460524938697e-02
-4.579306189415532913e-02
-4.579306189415532913e-02
-5.343347460524938697e-02
-5.852708307931209220e-02
-5.852708307931209220e-02
-5.343347460524938697e-02
-5.343347460524938697e-02
-4.833986613118668174e-02
-4.833986613118668174e-02
-5.343347460524938697e-02
-5.088667036821803435e-02
-5.852708307931209220e-02
-5.343347460524938697e-02
-5.088667036821803435e-02
-4.833986613118668174e-02
-4.833986613118668174e-02
-5.343347460524938697e-02
-5.088667036821803435e-02
-6.107388731634344481e-02
-5.852708307931209220e-02
-5.343347460524938697e-02
-4.833986613118668174e-02
-4.579306189415532913e-02
-4.833986613118668174e-02
-5.343347460524938697e-02
-5.852708307931209220e-02
-5.852708307931209220e-02
-5.088667036821803435e-02
-5.088667036821803435e-02
-4.579306189415532913e-02
-4.579306189415532913e-02
-5.343347460524938697e-02
-5.343347460524938697e-02
-6.107388731634344481e-02
-5.088667036821803435e-02
-5.343347460524938697e-02
-4.833986613118668174e-02
-4.833986613118668174e-02
-5.088667036821803435e-02
-5.088667036821803435e-02
-6.107388731634344481e-02
-5.598027884228073958e-02
-5.343347460524938697e-02
-5.088667036821803435e-02
-4.579306189415532913e-02
-5.343347460524938697e-02
-5.343347460524938697e-02
-5.852708307931209220e-02
-5.852708307931209220e-02
-5.343347460524938697e-02
-5.598027884228073958e-02
-4.833986613118668174e-02
-4.579306189415532913e-02
-5.088667036821803435e-02
-5.852708307931209220e-02
-5.852708307931209220e-02
-5.343347460524938697e-02
-5.598027884228073958e-02
-4.833986613118668174e-02
-4.579306189415532913e-02
-5.343347460524938697e-02
-6.107388731634344481e-02
-5.852708307931209220e-02
-5.343347460524938697e-02
-5.343347460524938697e-02
-4.579306189415532913e-02
-4.833986613118668174e-02
-4.579306189415532913e-02
-5.088667036821803435e-02
-5.343347460524938697e-02
-5.852708307931209220e-02
-5.343347460524938697e-02
-5.088667036821803435e-02
-5.343347460524938697e-02
-4.833986613118668174e-02
-5.343347460524938697e-02
-5.343347460524938697e-02
-5.852708307931209220e-02
-6.107388731634344481e-02
-5.343347460524938697e-02
-5.343347460524938697e-02
-4.579306189415532913e-02
-5.343347460524938697e-02
-5.088667036821803435e-02
-5.852708307931209220e-02
-5.852708307931209220e-02
-5.343347460524938697e-02
-5.343347460524938697e-02
-5.088667036821803435e-02
-5.343347460524938697e-02
-5.343347460524938697e-02
-6.107388731634344481e-02
-5.852708307931209220e-02
-5.343347460524938697e-02
-5.343347460524938697e-02
-4.579306189415532913e-02
-5.088667036821803435e-02
-5.852708307931209220e-02
-5.852708307931209220e-02
-5.343347460524938697e-02
-5.343347460524938697e-02
-4.833986613118668174e-02
-4.579306189415532913e-02
-5.343347460524938697e-02
-5.343347460524938697e-02
-5.852708307931209220e-02
-5.852708307931209220e-02
-5.343347460524938697e-02
-5.343347460524938697e-02
-4.579306189415532913e-02
-4.579306189415532913e-02
-5.343347460524938697e-02
-6.107388731634344481e-02
-5.852708307931209220e-02
-5.088667036821803435e-02
-5.343347460524938697e-02
-4.833986613118668174e-02
-5.088667036821803435e-02
-5.343347460524938697e-02
-5.343347460524938697e-02
-5.852708307931209220e-02
-5.343347460524938697e-02
-5.343347460524938697e-02
-4.579306189415532913e-02
-5.343347460524938697e-02
-5.343347460524938697e-02
-5.852708307931209220e-02
-5.852708307931209220e-02
-5.343347460524938697e-02
-5.088667036821803435e-02
-4.833986613118668174e-02
-4.579306189415532913e-02
-5.343347460524938697e-02
-5.343347460524938697e-02
-5.852708307931209220e-02
-6.107388731634344481e-02
-5.088667036821803435e-02
-4.579306189415532913e-02
-5.343347460524938697e-02
-5.343347460524938697e-02
-5.343347460524938697e-02
-5.852708307931209220e-02
-6.107388731634344481e-02
-5.343347460524938697e-02
-5.343347460524938697e-02
-4.833986613118668174e-02
-5.088667036821803435e-02
-5.343347460524938697e-02
-6.107388731634344481e-02
-5.852708307931209220e-02
-5.088667036821803435e-02
-4.579306189415532913e-02
-5.343347460524938697e-02
-5.343347460524938697e-02
-5.343347460524938697e-02
-6.107388731634344481e-02
-5.852708307931209220e-02
-5.343347460524938697e-02
-5.343347460524938697e-02
-4.579306189415532913e-02
-5.088667036821803435e-02
-5.088667036821803435e-02
-5.343347460524938697e-02
-5.852708307931209220e-02
-5.598027884228073958e-02
-5.343347460524938697e-02
-4.833986613118668174e-02
-5.343347460524938697e-02
-5.343347460524938697e-02
-5.852708307931209220e-02
-5.852708307931209220e-02
-5.088667036821803435e-02
-4.579306189415532913e-02
-4.579306189415532913e-02
-4.833986613118668174e-02
-5.088667036821803435e-02
-5.088667036821803435e-02
-6.107388731634344481e-02
-5.343347460524938697e-02
-5.343347460524938697e-02
-4.833986613118668174e-02
-5.343347460524938697e-02
-5.343347460524938697e-02
-5.852708307931209220e-02
-6.107388731634344481e-02
-5.852708307931209220e-02
-5.343347460524938697e-02
-4.579306189415532913e-02
-4.833986613118668174e-02
-5.088667036821803435e-02
-5.343347460524938697e-02
-6.107388731634344481e-02
-5.852708307931209220e-02
-5.343347460524938697e-02
-5.088667036821803435e-02
-5.088667036821803435e-02
-5.343347460524938697e-02
-5.343347460524938697e-02
-6.107388731634344481e-02
-5.852708307931209220e-02
-5.343347460524938697e-02
-5.343347460524938697e-02
-4.579306189415532913e-02
-4.324625765712397651e-02
-5.343347460524938697e-02
-5.343347460524938697e-02
-5.852708307931209220e-02
-5.343347460524938697e-02
-5.088667036821803435e-02
-5.088667036821803435e-02
-4.579306189415532913e-02
-4.833986613118668174e-02
-5.088667036821803435e-02
-5.088667036821803435e-02
-6.107388731634344481e-02
-5.343347460524938697e-02
-5.343347460524938697e-02
-4.833986613118668174e-02
-4.579306189415532913e-02
-5.343347460524938697e-02
-5.343347460524938697e-02
-5.852708307931209220e-02
-5.852708307931209220e-02
-5.088667036821803435e-02
-4.324625765712397651e-02
-4.833986613118668174e-02
-5.088667036821803435e-02
-5.343347460524938697e-02
-6.107388731634344481e-02
-5.852708307931209220e-02
-5.343347460524938697e-02
-5.343347460524938697e-02
-4.833986613118668174e-02
-5.343347460524938697e-02
-5.088667036821803435e-02
-5.852708307931209220e-02
-6.107388731634344481e-02
-5.343347460524938697e-02
-4.579306189415532913e-02
-4.579306189415532913e-02
-5.343347460524938697e-02
-5.343347460524938697e-02
-5.852708307931209220e-02
-5.343347460524938697e-02
-5.088667036821803435e-02
-4.833986613118668174e-02
-4.833986613118668174e-02
-5.343347460524938697e-02
-5.343347460524938697e-02
-6.107388731634344481e-02
-5.852708307931209220e-02
-5.343347460524938697e-02
-5.343347460524938697e-02
-4.833986613118668174e-02
-5.343347460524938697e-02
-5.343347460524938697e-02
-5.852708307931209220e-02
-5.852708307931209220e-02
-5.343347460524938697e-02
-5.343347460524938697e-02
-4.833986613118668174e-02
-4.833986613118668174e-02
-5.343347460524938697e-02
-5.343347460524938697e-02
-6.107388731634344481e-02
-5.852708307931209220e-02
-5.852708307931209220e-02
-5.343347460524938697e-02
-4.579306189415532913e-02
-4.579306189415532913e-02
-5.088667036821803435e-02
-5.852708307931209220e-02
-6.107388731634344481e-02
-5.852708307931209220e-02
-5.343347460524938697e-02
-4.833986613118668174e-02
-4.579306189415532913e-02
-5.343347460524938697e-02
-5.343347460524938697e-02
-5.852708307931209220e-02
-5.852708307931209220e-02
-5.088667036821803435e-02
-4.833986613118668174e-02
-4.833986613118668174e-02
-5.343347460524938697e-02
-5.343347460524938697e-02
-5.852708307931209220e-02
-5.343347460524938697e-02
-5.343347460524938697e-02
-5.088667036821803435e-02
-4.579306189415532913e-02
-4.579306189415532913e-02
-5.343347460524938697e-02
-5.343347460524938697e-02
-6.107388731634344481e-02
-6.107388731634344481e-02
-5.343347460524938697e-02
-4.579306189415532913e-02
-4.833986613118668174e-02
-5.088667036821803435e-02
-5.343347460524938697e-02
-6.107388731634344481e-02
-5.343347460524938697e-02
-5.088667036821803435e-02
-4.579306189415532913e-02
-4.579306189415532913e-02
-5.343347460524938697e-02
-5.343347460524938697e-02
-5.343347460524938697e-02
-6.107388731634344481e-02
-5.343347460524938697e-02
-5.343347460524938697e-02
-4.833986613118668174e-02
-4.833986613118668174e-02
-5.343347460524938697e-02
-5.343347460524938697e-02
-5.852708307931209220e-02
-5.088667036821803435e-02
-5.343347460524938697e-02
-4.579306189415532913e-02
-4.579306189415532913e-02
-5.343347460524938697e-02
-5.852708307931209220e-02
-5.852708307931209220e-02
-5.852708307931209220e-02
-5.343347460524938697e-02
-5.343347460524938697e-02
-4.833986613118668174e-02
-4.833986613118668174e-02
-5.088667036821803435e-02
-5.852708307931209220e-02
-5.852708307931209220e-02
-5.088667036821803435e-02
-5.088667036821803435e-02
-5.088667036821803435e-02
-4.579306189415532913e-02
-5.088667036821803435e-02
-6.107388731634344481e-02
-6.107388731634344481e-02
-5.088667036821803435e-02
-5.088667036821803435e-02
-4.833986613118668174e-02
-5.343347460524938697e-02
-5.088667036821803435e-02
-6.107388731634344481e-02
-6.107388731634344481e-02
-5.343347460524938697e-02
-5.088667036821803435e-02
-4.833986613118668174e-02
-4.579306189415532913e-02
-5.088667036821803435e-02
-5.088667036821803435e-02
-5.852708307931209220e-02
-5.852708307931209220e-02
-5.343347460524938697e-02
-5.343347460524938697e-02
-4.833986613118668174e-02
-5.343347460524938697e-02
-5.598027884228073958e-02
-5.852708307931209220e-02
-5.852708307931209220e-02
-5.343347460524938697e-02
-5.343347460524938697e-02
-4.833986613118668174e-02
-5.343347460524938697e-02
-5.343347460524938697e-02
-5.852708307931209220e-02
-5.343347460524938697e-02
-5.343347460524938697e-02
-4.579306189415532913e-02
-4.833986613118668174e-02
-5.343347460524938697e-02
-5.088667036821803435e-02
-5.852708307931209220e-02
-5.598027884228073958e-02
-5.343347460524938697e-02
-5.088667036821803435e-02
-4.833986613118668174e-02
-4.833986613118668174e-02
-5.088667036821803435e-02
-5.343347460524938697e-02
-5.852708307931209220e-02
-5.852708307931209220e-02
-5.343347460524938697e-02
-5.343347460524938697e-02
-4.833986613118668174e-02
-5.088667036821803435e-02
-5.343347460524938697e-02
-5.852708307931209220e-02
-5.852708307931209220e-02
-5.343347460524938697e-02
-5.343347460524938697e-02
-4.579306189415532913e-02
-5.088667036821803435e-02
-5.343347460524938697e-02
-5.852708307931209220e-02
-5.852708307931209220e-02
-5.088667036821803435e-02
-5.343347460524938697e-02
-4.833986613118668174e-02
-5.343347460524938697e-02
-5.343347460524938697e-02
-5.852708307931209220e-02
-5.852708307931209220e-02
-5.343347460524938697e-02
-5.088667036821803435e-02
-4.833986613118668174e-02
-5.088667036821803435e-02
-5.343347460524938697e-02
-5.852708307931209220e-02
-5.852708307931209220e-02
-6.107388731634344481e-02
-5.343347460524938697e-02
-5.343347460524938697e-02
-4.579306189415532913e-02
-5.088667036821803435e-02
-5.343347460524938697e-02
-5.852708307931209220e-02
-5.852708307931209220e-02
-5.343347460524938697e-02
-5.598027884228073958e-02
-4.833986613118668174e-02
-5.343347460524938697e-02
-5.343347460524938697e-02
-5.852708307931209220e-02
-5.852708307931209220e-02
-5.343347460524938697e-02
-5.343347460524938697e-02
-4.833986613118668174e-02
-4.579306189415532913e-02
-5.343347460524938697e-02
-6.107388731634344481e-02
-6.107388731634344481e-02
-5.343347460524938697e-02
-5.088667036821803435e-02
-4.833986613118668174e-02
-4.833986613118668174e-02
-5.343347460524938697e-02
-5.343347460524938697e-02
-5.852708307931209220e-02
-6.107388731634344481e-02
-5.343347460524938697e-02
-5.598027884228073958e-02
-4.579306189415532913e-02
-4.833986613118668174e-02
-5.598027884228073958e-02
-6.107388731634344481e-02
-5.852708307931209220e-02
-5.343347460524938697e-02
-5.088667036821803435e-02
-4.833986613118668174e-02
-4.833986613118668174e-02
-5.343347460524938697e-02
-5.088667036821803435e-02
-5.852708307931209220e-02
-5.852708307931209220e-02
-5.343347460524938697e-02
-4.833986613118668174e-02
-5.343347460524938697e-02
-5.088667036821803435e-02
-5.852708307931209220e-02
-5.852708307931209220e-02
-5.088667036821803435e-02
-4.833986613118668174e-02
-5.088667036821803435e-02
-5.088667036821803435e-02
-5.343347460524938697e-02
-5.852708307931209220e-02
-5.852708307931209220e-02
-5.343347460524938697e-02
-5.343347460524938697e-02
-4.579306189415532913e-02
-4.833986613118668174e-02
-5.343347460524938697e-02
-5.343347460524938697e-02
-5.852708307931209220e-02
-5.598027884228073958e-02
-5.343347460524938697e-02
-5.598027884228073958e-02
-4.833986613118668174e-02
-4.579306189415532913e-02
-5.343347460524938697e-02
-6.107388731634344481e-02
-5.852708307931209220e-02
-5.088667036821803435e-02
-4.579306189415532913e-02
-4.579306189415532913e-02
-4.579306189415532913e-02
-5.088667036821803435e-02
-5.852708307931209220e-02
-5.088667036821803435e-02
-5.088667036821803435e-02
-5.343347460524938697e-02
-4.833986613118668174e-02
-5.343347460524938697e-02
-5.343347460524938697e-02
-5.343347460524938697e-02
-6.107388731634344481e-02
-5.852708307931209220e-02
-5.343347460524938697e-02
-4.833986613118668174e-02
-4.833986613118668174e-02
-5.343347460524938697e-02
-5.343347460524938697e-02
-5.852708307931209220e-02
-5.852708307931209220e-02
-5.343347460524938697e-02
-5.343347460524938697e-02
-4.833986613118668174e-02
-5.088667036821803435e-02
-5.343347460524938697e-02
-6.107388731634344481e-02
-5.852708307931209220e-02
-5.088667036821803435e-02
-5.343347460524938697e-02
-4.579306189415532913e-02
-5.343347460524938697e-02
-5.343347460524938697e-02
-5.852708307931209220e-02
-6.107388731634344481e-02
-5.598027884228073958e-02
-5.088667036821803435e-02
-4.833986613118668174e-02
-4.579306189415532913e-02
-5.088667036821803435e-02
-5.852708307931209220e-02
-6.107388731634344481e-02
-5.088667036821803435e-02
-4.579306189415532913e-02
-4.833986613118668174e-02
-5.088667036821803435e-02
-5.088667036821803435e-02
-5.852708307931209220e-02
-6.107388731634344481e-02
-5.343347460524938697e-02
-5.343347460524938697e-02
-4.579306189415532913e-02
-4.833986613118668174e-02
-5.088667036821803435e-02
-5.343347460524938697e-02
-5.852708307931209220e-02
-5.852708307931209220e-02
-5.343347460524938697e-02
-4.833986613118668174e-02
-4.579306189415532913e-02
-5.343347460524938697e-02
-5.343347460524938697e-02
-5.852708307931209220e-02
-6.107388731634344481e-02
-5.343347460524938697e-02
-5.598027884228073958e-02
-4.833986613118668174e-02
-4.833986613118668174e-02
-5.088667036821803435e-02
-5.343347460524938697e-02
-5.852708307931209220e-02
-5.088667036821803435e-02
-5.088667036821803435e-02
-4.579306189415532913e-02
-4.833986613118668174e-02
-5.343347460524938697e-02
-6.107388731634344481e-02
-5.598027884228073958e-02
-5.343347460524938697e-02
-5.598027884228073958e-02
-4.579306189415532913e-02
-4.579306189415532913e-02
-5.343347460524938697e-02
-5.852708307931209220e-02
-5.852708307931209220e-02
-5.088667036821803435e-02
-5.343347460524938697e-02
-4.833986613118668174e-02
-4.833986613118668174e-02
-5.088667036821803435e-02
-5.343347460524938697e-02
-6.107388731634344481e-02
-6.107388731634344481e-02
-5.088667036821803435e-02
-4.579306189415532913e-02
-4.579306189415532913e-02
-5.343347460524938697e-02
-5.343347460524938697e-02
-5.852708307931209220e-02
-6.107388731634344481e-02
-5.852708307931209220e-02
-5.343347460524938697e-02
-5.343347460524938697e-02
-4.833986613118668174e-02
-5.343347460524938697e-02
-5.343347460524938697e-02
-6.107388731634344481e-02
-5.852708307931209220e-02
-5.088667036821803435e-02
-5.343347460524938697e-02
-4.833986613118668174e-02
-5.088667036821803435e-02
-5.343347460524938697e-02
-5.343347460524938697e-02
-6.107388731634344481e-02
-5.088667036821803435e-02
-5.343347460524938697e-02
-4.579306189415532913e-02
-4.579306189415532913e-02
-5.343347460524938697e-02
-5.343347460524938697e-02
-5.852708307931209220e-02
-5.088667036821803435e-02
-5.343347460524938697e-02
-4.833986613118668174e-02
-4.833986613118668174e-02
-5.343347460524938697e-02
-5.343347460524938697e-02
-5.852708307931209220e-02
-5.343347460524938697e-02
-5.343347460524938697e-02
-4.833986613118668174e-02
-5.088667036821803435e-02
-5.343347460524938697e-02
-5.852708307931209220e-02
-5.598027884228073958e-02
-6.107388731634344481e-02
-5.088667036821803435e-02
-5.088667036821803435e-02
-4.833986613118668174e-02
-5.343347460524938697e-02
-5.343347460524938697e-02
-5.852708307931209220e-02
-6.107388731634344481e-02
-5.343347460524938697e-02
-4.833986613118668174e-02
-4.833986613118668174e-02
-4.579306189415532913e-02
-5.343347460524938697e-02
-5.343347460524938697e-02
-5.852708307931209220e-02
-6.107388731634344481e-02
-5.598027884228073958e-02
-5.343347460524938697e-02
-4.833986613118668174e-02
-4.579306189415532913e-02
-5.598027884228073958e-02
-5.852708307931209220e-02
-6.107388731634344481e-02
-5.343347460524938697e-02
-4.579306189415532913e-02
-4.579306189415532913e-02
-5.343347460524938697e-02
-5.343347460524938697e-02
-5.852708307931209220e-02
-6.107388731634344481e-02
-5.088667036821803435e-02
-4.833986613118668174e-02
-4.833986613118668174e-02
-5.343347460524938697e-02
-5.088667036821803435e-02
-5.852708307931209220e-02
-6.107388731634344481e-02
-5.088667036821803435e-02
-5.343347460524938697e-02
-4.579306189415532913e-02
-5.088667036821803435e-02
-5.343347460524938697e-02
-5.852708307931209220e-02
-5.852708307931209220e-02
-5.343347460524938697e-02
-5.343347460524938697e-02
-4.579306189415532913e-02
-4.579306189415532913e-02
-4.833986613118668174e-02
-5.343347460524938697e-02
-5.343347460524938697e-02
-5.852708307931209220e-02
-6.107388731634344481e-02
-5.598027884228073958e-02
-5.343347460524938697e-02
-4.833986613118668174e-02
-5.088667036821803435e-02
-5.343347460524938697e-02
-6.107388731634344481e-02
-6.107388731634344481e-02
-5.343347460524938697e-02
-5.088667036821803435e-02
-4.833986613118668174e-02
-4.579306189415532913e-02
-5.343347460524938697e-02
-5.852708307931209220e-02
-6.107388731634344481e-02
-5.343347460524938697e-02
-5.343347460524938697e-02
-4.579306189415532913e-02
-4.833986613118668174e-02
-5.343347460524938697e-02
-6.107388731634344481e-02
-6.107388731634344481e-02
-5.088667036821803435e-02
-5.343347460524938697e-02
-4.579306189415532913e-02
-4.833986613118668174e-02
-5.598027884228073958e-02
-5.088667036821803435e-02
-5.852708307931209220e-02
-5.852708307931209220e-02
-5.343347460524938697e-02
-5.343347460524938697e-02
-4.579306189415532913e-02
-4.833986613118668174e-02
-5.343347460524938697e-02
-5.343347460524938697e-02
-6.107388731634344481e-02
-5.088667036821803435e-02
-5.343347460524938697e-02
-4.833986613118668174e-02
-4.833986613118668174e-02
-5.343347460524938697e-02
-5.343347460524938697e-02
-6.107388731634344481e-02
-5.343347460524938697e-02
-4.579306189415532913e-02
-4.579306189415532913e-02
-5.343347460524938697e-02
-5.343347460524938697e-02
-5.852708307931209220e-02
-5.343347460524938697e-02
-5.088667036821803435e-02
-5.343347460524938697e-02
-4.833986613118668174e-02
-4.579306189415532913e-02
-5.343347460524938697e-02
-5.852708307931209220e-02
-6.107388731634344481e-02
-5.088667036821803435e-02
-5.343347460524938697e-02
-4.579306189415532913e-02
-5.088667036821803435e-02
-5.343347460524938697e-02
-5.852708307931209220e-02
-6.107388731634344481e-02
-5.088667036821803435e-02
-5.343347460524938697e-02
-4.833986613118668174e-02
-5.088667036821803435e-02
-5.343347460524938697e-02
-5.852708307931209220e-02
-5.852708307931209220e-02
-5.852708307931209220e-02
-5.343347460524938697e-02
-5.343347460524938697e-02
-5.088667036821803435e-02
-5.343347460524938697e-02
-5.343347460524938697e-02
-5.598027884228073958e-02
-5.088667036821803435e-02
-5.343347460524938697e-02
-4.833986613118668174e-02
-4.579306189415532913e-02
-5.343347460524938697e-02
-5.852708307931209220e-02
-6.107388731634344481e-02
-5.343347460524938697e-02
-5.343347460524938697e-02
-5.343347460524938697e-02
-4.833986613118668174e-02
-4.833986613118668174e-02
-5.343347460524938697e-02
-5.343347460524938697e-02
-5.852708307931209220e-02
-6.107388731634344481e-02
-5.343347460524938697e-02
-5.343347460524938697e-02
-4.579306189415532913e-02
-5.343347460524938697e-02
-5.598027884228073958e-02
-5.598027884228073958e-02
-6.107388731634344481e-02
-5.088667036821803435e-02
-4.833986613118668174e-02
-4.833986613118668174e-02
-5.343347460524938697e-02
-5.343347460524938697e-02
-5.852708307931209220e-02
-5.598027884228073958e-02
-5.343347460524938697e-02
-4.579306189415532913e-02
-4.833986613118668174e-02
-5.343347460524938697e-02
-5.088667036821803435e-02
-6.107388731634344481e-02
-5.852708307931209220e-02
-5.598027884228073958e-02
-5.088667036821803435e-02
-4.833986613118668174e-02
-5.088667036821803435e-02
-5.343347460524938697e-02
-5.852708307931209220e-02
-6.107388731634344481e-02
-5.343347460524938697e-02
-4.579306189415532913e-02
-4.579306189415532913e-02
-5.088667036821803435e-02
-5.343347460524938697e-02
-5.852708307931209220e-02
-5.852708307931209220e-02
-5.088667036821803435e-02
-5.343347460524938697e-02
-4.833986613118668174e-02
-4.833986613118668174e-02
-5.598027884228073958e-02
-5.343347460524938697e-02
-6.107388731634344481e-02
-5.343347460524938697e-02
-5.088667036821803435e-02
-5.088667036821803435e-02
-4.579306189415532913e-02
-5.343347460524938697e-02
-5.852708307931209220e-02
-5.852708307931209220e-02
-5.088667036821803435e-02
-5.343347460524938697e-02
-4.579306189415532913e-02
-5.343347460524938697e-02
-5.088667036821803435e-02
-5.343347460524938697e-02
-6.107388731634344481e-02
-5.343347460524938697e-02
-5.343347460524938697e-02
-4.833986613118668174e-02
-4.833986613118668174e-02
-4.833986613118668174e-02
-5.343347460524938697e-02
-5.852708307931209220e-02
-5.343347460524938697e-02
-5.343347460524938697e-02
-5.343347460524938697e-02
-4.833986613118668174e-02
-5.088667036821803435e-02
-5.343347460524938697e-02
-5.852708307931209220e-02
-5.343347460524938697e-02
-5.343347460524938697e-02
-5.343347460524938697e-02
-4.833986613118668174e-02
-5.343347460524938697e-02
-5.088667036821803435e-02
-6.107388731634344481e-02
-5.852708307931209220e-02
-5.598027884228073958e-02
-4.833986613118668174e-02
-4.833986613118668174e-02
-5.343347460524938697e-02
-5.852708307931209220e-02
-6.107388731634344481e-02
-5.343347460524938697e-02
-5.598027884228073958e-02
-4.579306189415532913e-02
-5.088667036821803435e-02
-5.343347460524938697e-02
-5.343347460524938697e-02
-5.852708307931209220e-02
-6.107388731634344481e-02
-5.852708307931209220e-02
-5.088667036821803435e-02
-4.833986613118668174e-02
-4.833986613118668174e-02
-5.343347460524938697e-02
-5.343347460524938697e-02
-5.852708307931209220e-02
-6.107388731634344481e-02
-5.343347460524938697e-02
-5.343347460524938697e-02
-4.833986613118668174e-02
-4.833986613118668174e-02
-5.343347460524938697e-02
-5.852708307931209220e-02
-6.107388731634344481e-02
-5.343347460524938697e-02
-5.343347460524938697e-02
-4.833986613118668174e-02
-5.088667036821803435e-02
-5.343347460524938697e-02
-5.343347460524938697e-02
-6.107388731634344481e-02
-5.088667036821803435e-02
-5.343347460524938697e-02
-4.833986613118668174e-02
-5.088667036821803435e-02
-5.343347460524938697e-02
-5.852708307931209220e-02
-6.107388731634344481e-02
-5.852708307931209220e-02
-5.343347460524938697e-02
-5.343347460524938697e-02
-5.088667036821803435e-02
-4.579306189415532913e-02
-5.343347460524938697e-02
-6.107388731634344481e-02
-5.852708307931209220e-02
-5.343347460524938697e-02
-5.088667036821803435e-02
-4.833986613118668174e-02
-4.579306189415532913e-02
-5.088667036821803435e-02
-5.343347460524938697e-02
-5.852708307931209220e-02
-6.107388731634344481e-02
-5.343347460524938697e-02
-4.579306189415532913e-02
-4.833986613118668174e-02
-5.343347460524938697e-02
-5.343347460524938697e-02
-6.107388731634344481e-02
-5.852708307931209220e-02
-5.343347460524938697e-02
-5.343347460524938697e-02
-4.833986613118668174e-02
-4.833986613118668174e-02
-5.343347460524938697e-02
-5.852708307931209220e-02
-5.852708307931209220e-02
-5.343347460524938697e-02
-5.343347460524938697e-02
-4.579306189415532913e-02
-4.579306189415532913e-02
-5.343347460524938697e-02
-5.343347460524938697e-02
-5.852708307931209220e-02
-5.852708307931209220e-02
-5.343347460524938697e-02
-4.833986613118668174e-02
-4.833986613118668174e-02
-5.343347460524938697e-02
-5.343347460524938697e-02
-5.852708307931209220e-02
-5.852708307931209220e-02
-5.343347460524938697e-02
-4.579306189415532913e-02
-4.579306189415532913e-02
-5.343347460524938697e-02
-5.343347460524938697e-02
-6.107388731634344481e-02
-5.343347460524938697e-02
-5.343347460524938697e-02
-4.833986613118668174e-02
-4.833986613118668174e-02
-5.343347460524938697e-02
-5.343347460524938697e-02
-6.107388731634344481e-02
-6.107388731634344481e-02
-5.343347460524938697e-02
-5.343347460524938697e-02
-4.833986613118668174e-02
-4.833986613118668174e-02
-4.833986613118668174e-02
-5.343347460524938697e-02
-6.107388731634344481e-02
-5.852708307931209220e-02
-5.343347460524938697e-02
-5.343347460524938697e-02
-5.088667036821803435e-02
-5.343347460524938697e-02
-5.343347460524938697e-02
-5.852708307931209220e-02
-5.852708307931209220e-02
-5.343347460524938697e-02
-5.343347460524938697e-02
-4.833986613118668174e-02
-5.088667036821803435e-02
-5.343347460524938697e-02
-5.852708307931209220e-02
-6.107388731634344481e-02
-5.852708307931209220e-02
-5.343347460524938697e-02
-5.343347460524938697e-02
-5.088667036821803435e-02
-5.088667036821803435e-02
-5.343347460524938697e-02
-5.852708307931209220e-02
-6.107388731634344481e-02
-5.343347460524938697e-02
-5.343347460524938697e-02
-4.579306189415532913e-02
-4.833986613118668174e-02
-5.343347460524938697e-02
-5.343347460524938697e-02
-5.852708307931209220e-02
-5.598027884228073958e-02
-5.088667036821803435e-02
-4.833986613118668174e-02
-5.088667036821803435e-02
-5.343347460524938697e-02
-6.107388731634344481e-02
-6.107388731634344481e-02
-5.088667036821803435e-02
-5.343347460524938697e-02
-5.088667036821803435e-02
-4.833986613118668174e-02
-5.343347460524938697e-02
-5.088667036821803435e-02
-6.107388731634344481e-02
-5.852708307931209220e-02
-5.343347460524938697e-02
-5.343347460524938697e-02
-4.579306189415532913e-02
-4.833986613118668174e-02
-5.343347460524938697e-02
-6.107388731634344481e-02
-5.852708307931209220e-02
-5.088667036821803435e-02
-5.343347460524938697e-02
-4.833986613118668174e-02
-4.833986613118668174e-02
-5.343347460524938697e-02
-5.852708307931209220e-02
-6.107388731634344481e-02
-5.088667036821803435e-02
-5.343347460524938697e-02
-4.579306189415532913e-02
-4.833986613118668174e-02
-5.343347460524938697e-02
-5.343347460524938697e-02
-6.107388731634344481e-02
-6.107388731634344481e-02
-5.343347460524938697e-02
-5.343347460524938697e-02
-4.833986613118668174e-02
-5.088667036821803435e-02
-5.343347460524938697e-02
-5.088667036821803435e-02
-6.107388731634344481e-02
-6.107388731634344481e-02
-5.343347460524938697e-02
-4.579306189415532913e-02
-4.833986613118668174e-02
-5.343347460524938697e-02
-5.598027884228073958e-02
-5.852708307931209220e-02
-6.107388731634344481e-02
-5.343347460524938697e-02
-5.343347460524938697e-02
-4.579306189415532913e-02
-4.833986613118668174e-02
-5.343347460524938697e-02
-5.343347460524938697e-02
-5.852708307931209220e-02
-5.852708307931209220e-02
-5.343347460524938697e-02
-4.833986613118668174e-02
-4.579306189415532913e-02
-5.088667036821803435e-02
-5.852708307931209220e-02
-5.852708307931209220e-02
-6.107388731634344481e-02
-5.852708307931209220e-02
-4.579306189415532913e-02
-5.088667036821803435e-02
-5.088667036821803435e-02
-5.343347460524938697e-02
-5.852708307931209220e-02
-5.852708307931209220e-02
-6.107388731634344481e-02
-5.088667036821803435e-02
-5.343347460524938697e-02
-4.579306189415532913e-02
-5.343347460524938697e-02
-5.088667036821803435e-02
-5.852708307931209220e-02
-6.107388731634344481e-02
-5.852708307931209220e-02
-5.343347460524938697e-02
-5.088667036821803435e-02
-4.833986613118668174e-02
-5.343347460524938697e-02
-5.343347460524938697e-02
-5.852708307931209220e-02
-6.107388731634344481e-02
-5.343347460524938697e-02
-5.343347460524938697e-02
-4.833986613118668174e-02
-5.343347460524938697e-02
-5.343347460524938697e-02
-5.852708307931209220e-02
-6.107388731634344481e-02
-5.343347460524938697e-02
-5.088667036821803435e-02
-4.833986613118668174e-02
-5.088667036821803435e-02
-5.343347460524938697e-02
-5.852708307931209220e-02
-6.107388731634344481e-02
-5.598027884228073958e-02
-4.833986613118668174e-02
-4.833986613118668174e-02
-4.833986613118668174e-02
-5.343347460524938697e-02
-5.343347460524938697e-02
-6.107388731634344481e-02
-5.852708307931209220e-02
-5.343347460524938697e-02
-5.088667036821803435e-02
-4.833986613118668174e-02
-4.833986613118668174e-02
-5.343347460524938697e-02
-5.852708307931209220e-02
-5.852708307931209220e-02
-5.088667036821803435e-02
-5.343347460524938697e-02
-4.833986613118668174e-02
-4.579306189415532913e-02
-5.343347460524938697e-02
-5.343347460524938697e-02
-5.852708307931209220e-02
-5.852708307931209220e-02
-5.598027884228073958e-02
-5.343347460524938697e-02
-4.833986613118668174e-02
-5.343347460524938697e-02
-5.852708307931209220e-02
-6.107388731634344481e-02
-5.852708307931209220e-02
-5.343347460524938697e-02
-5.088667036821803435e-02
-4.833986613118668174e-02
-5.343347460524938697e-02
-5.088667036821803435e-02
-5.852708307931209220e-02
-5.852708307931209220e-02
-5.852708307931209220e-02
-5.343347460524938697e-02
-4.833986613118668174e-02
-4.833986613118668174e-02
-5.343347460524938697e-02
-5.343347460524938697e-02
-5.852708307931209220e-02
-5.852708307931209220e-02
-5.598027884228073958e-02
-4.833986613118668174e-02
-4.833986613118668174e-02
-5.343347460524938697e-02
-5.088667036821803435e-02
-6.107388731634344481e-02
-5.852708307931209220e-02
-5.343347460524938697e-02
-5.343347460524938697e-02
-4.833986613118668174e-02
-4.579306189415532913e-02
-5.598027884228073958e-02
-5.343347460524938697e-02
-5.852708307931209220e-02
-5.343347460524938697e-02
-5.088667036821803435e-02
-4.833986613118668174e-02
-4.833986613118668174e-02
-5.343347460524938697e-02
-5.088667036821803435e-02
-6.107388731634344481e-02
-6.107388731634344481e-02
-5.598027884228073958e-02
-4.833986613118668174e-02
-4.833986613118668174e-02
-5.343347460524938697e-02
-5.088667036821803435e-02
-5.852708307931209220e-02
-5.852708307931209220e-02
-5.088667036821803435e-02
-5.598027884228073958e-02
-4.833986613118668174e-02
-4.833986613118668174e-02
-5.343347460524938697e-02
-5.852708307931209220e-02
-6.107388731634344481e-02
-5.343347460524938697e-02
-5.343347460524938697e-02
-4.579306189415532913e-02
-4.833986613118668174e-02
-5.343347460524938697e-02
-5.343347460524938697e-02
-5.852708307931209220e-02
-5.343347460524938697e-02
-5.088667036821803435e-02
-4.833986613118668174e-02
-4.579306189415532913e-02
-5.343347460524938697e-02
-5.088667036821803435e-02
-6.107388731634344481e-02
-5.852708307931209220e-02
-5.343347460524938697e-02
-5.343347460524938697e-02
-4.833986613118668174e-02
-5.343347460524938697e-02
-5.343347460524938697e-02
-5.852708307931209220e-02
-5.852708307931209220e-02
-5.343347460524938697e-02
-5.343347460524938697e-02
-4.579306189415532913e-02
-5.088667036821803435e-02
-5.343347460524938697e-02
-5.852708307931209220e-02
-5.852708307931209220e-02
-5.343347460524938697e-02
-5.343347460524938697e-02
-4.833986613118668174e-02
-4.833986613118668174e-02
-5.088667036821803435e-02
-5.088667036821803435e-02
-6.107388731634344481e-02
-5.852708307931209220e-02
-5.343347460524938697e-02
-5.088667036821803435e-02
-4.579306189415532913e-02
-4.579306189415532913e-02
-5.343347460524938697e-02
-5.852708307931209220e-02
-5.598027884228073958e-02
-5.343347460524938697e-02
-4.579306189415532913e-02
-4.579306189415532913e-02
-5.343347460524938697e-02
-5.598027884228073958e-02
-6.107388731634344481e-02
-6.107388731634344481e-02
-5.088667036821803435e-02
-5.088667036821803435e-02
-4.833986613118668174e-02
-5.088667036821803435e-02
-5.343347460524938697e-02
-5.343347460524938697e-02
-6.107388731634344481e-02
-5.852708307931209220e-02
-5.343347460524938697e-02
-4.833986613118668174e-02
-4.833986613118668174e-02
-5.088667036821803435e-02
-5.852708307931209220e-02
-5.852708307931209220e-02
-5.343347460524938697e-02
-5.343347460524938697e-02
-4.833986613118668174e-02
-4.579306189415532913e-02
-5.343347460524938697e-02
-5.343347460524938697e-02
-6.107388731634344481e-02
-5.852708307931209220e-02
-5.343347460524938697e-02
-5.598027884228073958e-02
-4.579306189415532913e-02
-4.579306189415532913e-02
-5.598027884228073958e-02
-5.343347460524938697e-02
-6.107388731634344481e-02
-5.852708307931209220e-02
-5.343347460524938697e-02
-5.088667036821803435e-02
-4.579306189415532913e-02
-4.579306189415532913e-02
-5.343347460524938697e-02
-5.088667036821803435e-02
-6.107388731634344481e-02
-5.343347460524938697e-02
-5.343347460524938697e-02
-4.833986613118668174e-02
-4.833986613118668174e-02
-5.088667036821803435e-02
-5.343347460524938697e-02
-5.852708307931209220e-02
-6.107388731634344481e-02
-5.343347460524938697e-02
-5.343347460524938697e-02
-4.833986613118668174e-02
-4.833986613118668174e-02
-5.088667036821803435e-02
-5.343347460524938697e-02
-5.852708307931209220e-02
-5.852708307931209220e-02
-5.598027884228073958e-02
-4.833986613118668174e-02
-4.833986613118668174e-02
-5.088667036821803435e-02
-5.343347460524938697e-02
-6.107388731634344481e-02
-5.852708307931209220e-02
-5.343347460524938697e-02
-5.343347460524938697e-02
-4.833986613118668174e-02
-4.579306189415532913e-02
-5.343347460524938697e-02
-5.088667036821803435e-02
-6.107388731634344481e-02
-6.107388731634344481e-02
-5.598027884228073958e-02
-4.833986613118668174e-02
-4.833986613118668174e-02
-5.343347460524938697e-02
-5.343347460524938697e-02
-5.852708307931209220e-02
-5.852708307931209220e-02
-5.598027884228073958e-02
-5.343347460524938697e-02
-4.833986613118668174e-02
-5.343347460524938697e-02
-5.343347460524938697e-02
-6.107388731634344481e-02
-6.107388731634344481e-02
-5.343347460524938697e-02
-5.088667036821803435e-02
-4.833986613118668174e-02
-4.833986613118668174e-02
-5.343347460524938697e-02
-5.088667036821803435e-02
-6.107388731634344481e-02
-5.343347460524938697e-02
-5.343347460524938697e-02
-4.579306189415532913e-02
-4.579306189415532913e-02
-5.088667036821803435e-02
-5.343347460524938697e-02
-5.852708307931209220e-02
-6.107388731634344481e-02
-5.088667036821803435e-02
-5.343347460524938697e-02
-4.579306189415532913e-02
-5.343347460524938697e-02
-5.343347460524938697e-02
-5.852708307931209220e-02
-5.852708307931209220e-02
-5.088667036821803435e-02
-5.088667036821803435e-02
-4.833986613118668174e-02
-4.833986613118668174e-02
-5.343347460524938697e-02
-5.852708307931209220e-02
-5.088667036821803435e-02
-5.343347460524938697e-02
-5.343347460524938697e-02
-4.579306189415532913e-02
-5.343347460524938697e-02
-5.343347460524938697e-02
-6.107388731634344481e-02
-6.107388731634344481e-02
-5.343347460524938697e-02
-5.343347460524938697e-02
-4.579306189415532913e-02
-4.833986613118668174e-02
-5.343347460524938697e-02
-5.343347460524938697e-02
-5.852708307931209220e-02
-5.088667036821803435e-02
-5.343347460524938697e-02
-4.579306189415532913e-02
-4.579306189415532913e-02
-4.833986613118668174e-02
-5.343347460524938697e-02
-5.343347460524938697e-02
-5.852708307931209220e-02
-5.343347460524938697e-02
-5.343347460524938697e-02
-4.833986613118668174e-02
-4.579306189415532913e-02
-5.343347460524938697e-02
-5.343347460524938697e-02
-5.598027884228073958e-02
-5.852708307931209220e-02
-5.343347460524938697e-02
-5.088667036821803435e-02
-4.833986613118668174e-02
-5.088667036821803435e-02
-5.852708307931209220e-02
-6.107388731634344481e-02
-5.343347460524938697e-02
-5.343347460524938697e-02
-4.579306189415532913e-02
-5.088667036821803435e-02
-5.088667036821803435e-02
-5.343347460524938697e-02
-5.852708307931209220e-02
-5.852708307931209220e-02
-5.343347460524938697e-02
-5.343347460524938697e-02
-4.833986613118668174e-02
-5.343347460524938697e-02
-5.343347460524938697e-02
-6.107388731634344481e-02
-6.107388731634344481e-02
-5.343347460524938697e-02
-5.343347460524938697e-02
-4.833986613118668174e-02
-4.833986613118668174e-02
-5.343347460524938697e-02
-5.088667036821803435e-02
-5.852708307931209220e-02
-6.107388731634344481e-02
-5.343347460524938697e-02
-4.579306189415532913e-02
-4.833986613118668174e-02
-5.343347460524938697e-02
-5.343347460524938697e-02
-5.852708307931209220e-02
-5.852708307931209220e-02
-5.088667036821803435e-02
-5.088667036821803435e-02
-4.579306189415532913e-02
-4.579306189415532913e-02
-5.343347460524938697e-02
-5.852708307931209220e-02
-5.852708307931209220e-02
-5.343347460524938697e-02
-5.343347460524938697e-02
-4.579306189415532913e-02
-4.833986613118668174e-02
-5.088667036821803435e-02
-5.852708307931209220e-02
-5.852708307931209220e-02
-5.343347460524938697e-02
-5.343347460524938697e-02
-5.088667036821803435e-02
-5.088667036821803435e-02
-5.343347460524938697e-02
-5.852708307931209220e-02
-5.852708307931209220e-02
-5.852708307931209220e-02
-5.343347460524938697e-02
-5.598027884228073958e-02
-5.088667036821803435e-02
-5.088667036821803435e-02
-5.852708307931209220e-02
-5.598027884228073958e-02
-5.088667036821803435e-02
-5.343347460524938697e-02
-4.579306189415532913e-02
-5.088667036821803435e-02
-5.343347460524938697e-02
-5.343347460524938697e-02
-5.343347460524938697e-02
-5.852708307931209220e-02
-5.088667036821803435e-02
-5.343347460524938697e-02
-4.579306189415532913e-02
-4.579306189415532913e-02
-5.088667036821803435e-02
-5.343347460524938697e-02
-5.852708307931209220e-02
-5.343347460524938697e-02
-5.343347460524938697e-02
-5.088667036821803435e-02
-4.579306189415532913e-02
-5.088667036821803435e-02
-5.088667036821803435e-02
-5.343347460524938697e-02
-5.852708307931209220e-02
-6.107388731634344481e-02
-5.088667036821803435e-02
-5.343347460524938697e-02
-4.579306189415532913e-02
-4.833986613118668174e-02
-5.343347460524938697e-02
-5.343347460524938697e-02
-5.852708307931209220e-02
-5.088667036821803435e-02
-5.343347460524938697e-02
-4.579306189415532913e-02
-4.579306189415532913e-02
-5.343347460524938697e-02
-5.088667036821803435e-02
-6.107388731634344481e-02
-5.852708307931209220e-02
-5.343347460524938697e-02
-5.598027884228073958e-02
-4.579306189415532913e-02
-4.833986613118668174e-02
-5.088667036821803435e-02
-5.088667036821803435e-02
-6.107388731634344481e-02
-6.107388731634344481e-02
-5.343347460524938697e-02
-4.579306189415532913e-02
-4.579306189415532913e-02
-5.343347460524938697e-02
-5.852708307931209220e-02
-6.107388731634344481e-02
-5.852708307931209220e-02
-5.088667036821803435e-02
-5.343347460524938697e-02
-4.579306189415532913e-02
-4.579306189415532913e-02
-5.088667036821803435e-02
-5.088667036821803435e-02
-5.852708307931209220e-02
-5.343347460524938697e-02
-5.343347460524938697e-02
-4.833986613118668174e-02
-4.579306189415532913e-02
-5.088667036821803435e-02
-5.343347460524938697e-02
-5.852708307931209220e-02
-6.107388731634344481e-02
-5.343347460524938697e-02
-5.343347460524938697e-02
-4.579306189415532913e-02
-4.833986613118668174e-02
-5.343347460524938697e-02
-6.107388731634344481e-02
-6.107388731634344481e-02
-5.598027884228073958e-02
-5.343347460524938697e-02
-4.579306189415532913e-02
-5.088667036821803435e-02
-5.088667036821803435e-02
-5.852708307931209220e-02
-5.343347460524938697e-02
-5.088667036821803435e-02
-4.833986613118668174e-02
-5.088667036821803435e-02
-5.088667036821803435e-02
-5.343347460524938697e-02
-5.852708307931209220e-02
-6.107388731634344481e-02
-5.343347460524938697e-02
-5.088667036821803435e-02
-4.579306189415532913e-02
-4.833986613118668174e-02
-5.088667036821803435e-02
-5.343347460524938697e-02
-6.107388731634344481e-02
-5.852708307931209220e-02
-5.088667036821803435e-02
-4.833986613118668174e-02
-4.579306189415532913e-02
-4.833986613118668174e-02
-5.088667036821803435e-02
-5.343347460524938697e-02
-6.107388731634344481e-02
-5.343347460524938697e-02
-5.088667036821803435e-02
-4.833986613118668174e-02
-4.833986613118668174e-02
-5.343347460524938697e-02
-5.852708307931209220e-02
-5.598027884228073958e-02
-5.852708307931209220e-02
-5.343347460524938697e-02
-5.343347460524938697e-02
-4.833986613118668174e-02
-5.343347460524938697e-02
-5.088667036821803435e-02
-6.107388731634344481e-02
-6.107388731634344481e-02
-5.598027884228073958e-02
-5.343347460524938697e-02
-4.579306189415532913e-02
-4.833986613118668174e-02
-5.343347460524938697e-02
-5.343347460524938697e-02
-5.852708307931209220e-02
-5.343347460524938697e-02
-5.343347460524938697e-02
-4.833986613118668174e-02
-4.579306189415532913e-02
-5.343347460524938697e-02
-5.343347460524938697e-02
-6.107388731634344481e-02
-6.107388731634344481e-02
-5.088667036821803435e-02
-5.088667036821803435e-02
-4.833986613118668174e-02
-4.833986613118668174e-02
-5.343347460524938697e-02
-5.343347460524938697e-02
-5.852708307931209220e-02
-5.852708307931209220e-02
-5.343347460524938697e-02
-5.088667036821803435e-02
-4.833986613118668174e-02
-5.343347460524938697e-02
-5.343347460524938697e-02
-5.852708307931209220e-02
-5.852708307931209220e-02
-5.343347460524938697e-02
-5.343347460524938697e-02
-4.579306189415532913e-02
-5.343347460524938697e-02
-5.343347460524938697e-02
-5.852708307931209220e-02
-5.852708307931209220e-02
-5.343347460524938697e-02
-5.343347460524938697e-02
-4.579306189415532913e-02
-4.833986613118668174e-02
-5.088667036821803435e-02
-5.343347460524938697e-02
-5.852708307931209220e-02
-5.852708307931209220e-02
-5.088667036821803435e-02
-5.343347460524938697e-02
-4.579306189415532913e-02
-4.833986613118668174e-02
-5.343347460524938697e-02
-5.343347460524938697e-02
-5.852708307931209220e-02
-5.852708307931209220e-02
-5.343347460524938697e-02
-4.579306189415532913e-02
-4.579306189415532913e-02
-5.343347460524938697e-02
-5.343347460524938697e-02
-5.852708307931209220e-02
-5.852708307931209220e-02
-5.343347460524938697e-02
-5.343347460524938697e-02
-4.833986613118668174e-02
-5.343347460524938697e-02
-5.343347460524938697e-02
-6.107388731634344481e-02
-5.852708307931209220e-02
-5.852708307931209220e-02
-5.343347460524938697e-02
-5.343347460524938697e-02
-4.833986613118668174e-02
-4.579306189415532913e-02
-5.343347460524938697e-02
-5.598027884228073958e-02
-5.852708307931209220e-02
-5.343347460524938697e-02
-5.088667036821803435e-02
-4.579306189415532913e-02
-5.088667036821803435e-02
-5.088667036821803435e-02
-5.852708307931209220e-02
-5.852708307931209220e-02
-5.343347460524938697e-02
-5.088667036821803435e-02
-4.579306189415532913e-02
-4.833986613118668174e-02
-5.088667036821803435e-02
-5.343347460524938697e-02
-5.852708307931209220e-02
-6.107388731634344481e-02
-5.343347460524938697e-02
-4.833986613118668174e-02
-4.833986613118668174e-02
-5.343347460524938697e-02
-5.343347460524938697e-02
-5.343347460524938697e-02
-5.852708307931209220e-02
-5.343347460524938697e-02
-5.343347460524938697e-02
-4.579306189415532913e-02
-4.579306189415532913e-02
-5.343347460524938697e-02
-6.362069155337479742e-02
-5.343347460524938697e-02
-5.343347460524938697e-02
-5.343347460524938697e-02
-5.088667036821803435e-02
-5.343347460524938697e-02
-5.343347460524938697e-02
-5.343347460524938697e-02
-6.107388731634344481e-02
-5.088667036821803435e-02
-5.088667036821803435e-02
-4.579306189415532913e-02
-4.833986613118668174e-02
-5.343347460524938697e-02
-5.343347460524938697e-02
-5.343347460524938697e-02
-5.852708307931209220e-02
-5.343347460524938697e-02
-4.833986613118668174e-02
-4.833986613118668174e-02
-5.343347460524938697e-02
-5.343347460524938697e-02
-5.088667036821803435e-02
-5.852708307931209220e-02
-6.107388731634344481e-02
-5.343347460524938697e-02
-5.343347460524938697e-02
-4.833986613118668174e-02
-4.579306189415532913e-02
-5.343347460524938697e-02
-5.343347460524938697e-02
-5.852708307931209220e-02
-5.852708307931209220e-02
-5.088667036821803435e-02
-5.343347460524938697e-02
-4.579306189415532913e-02
-5.343347460524938697e-02
-6.107388731634344481e-02
-5.598027884228073958e-02
-5.088667036821803435e-02
-5.088667036821803435e-02
-4.833986613118668174e-02
-4.579306189415532913e-02
-5.088667036821803435e-02
-5.343347460524938697e-02
-5.852708307931209220e-02
-5.852708307931209220e-02
-5.343347460524938697e-02
-4.833986613118668174e-02
-4.833986613118668174e-02
-5.088667036821803435e-02
-5.343347460524938697e-02
-6.107388731634344481e-02
-5.852708307931209220e-02
-5.088667036821803435e-02
-5.088667036821803435e-02
-4.579306189415532913e-02
-5.088667036821803435e-02
-5.343347460524938697e-02
-5.343347460524938697e-02
-5.852708307931209220e-02
-5.852708307931209220e-02
-5.343347460524938697e-02
-5.088667036821803435e-02
-4.579306189415532913e-02
-4.833986613118668174e-02
-5.343347460524938697e-02
-5.343347460524938697e-02
-5.852708307931209220e-02
-5.852708307931209220e-02
-5.088667036821803435e-02
-5.343347460524938697e-02
-4.579306189415532913e-02
-5.343347460524938697e-02
-5.852708307931209220e-02
-5.852708307931209220e-02
-5.088667036821803435e-02
-4.579306189415532913e-02
-5.343347460524938697e-02
-4.579306189415532913e-02
-4.833986613118668174e-02
-5.088667036821803435e-02
-5.852708307931209220e-02
-6.107388731634344481e-02
-5.088667036821803435e-02
-5.088667036821803435e-02
-4.579306189415532913e-02
-4.833986613118668174e-02
-5.343347460524938697e-02
-5.343347460524938697e-02
-6.107388731634344481e-02
-5.343347460524938697e-02
-5.343347460524938697e-02
-4.833986613118668174e-02
-4.579306189415532913e-02
-5.343347460524938697e-02
-5.343347460524938697e-02
-5.852708307931209220e-02
-5.852708307931209220e-02
-5.088667036821803435e-02
-5.598027884228073958e-02
-5.343347460524938697e-02
-5.343347460524938697e-02
-5.852708307931209220e-02
-5.852708307931209220e-02
-5.343347460524938697e-02
-5.088667036821803435e-02
-4.833986613118668174e-02
-4.579306189415532913e-02
-5.343347460524938697e-02
-5.343347460524938697e-02
-5.852708307931209220e-02
-5.852708307931209220e-02
-5.343347460524938697e-02
-5.343347460524938697e-02
-4.579306189415532913e-02
-4.833986613118668174e-02
-6.107388731634344481e-02
-6.107388731634344481e-02
-5.852708307931209220e-02
-5.088667036821803435e-02
-5.343347460524938697e-02
-4.579306189415532913e-02
-4.833986613118668174e-02
-5.343347460524938697e-02
-5.088667036821803435e-02
-5.852708307931209220e-02
-5.343347460524938697e-02
-5.088667036821803435e-02
-4.324625765712397651e-02
-4.833986613118668174e-02
-5.088667036821803435e-02
-5.088667036821803435e-02
-5.852708307931209220e-02
-5.088667036821803435e-02
-5.088667036821803435e-02
-4.579306189415532913e-02
-4.833986613118668174e-02
-5.343347460524938697e-02
-5.852708307931209220e-02
-5.852708307931209220e-02
-5.852708307931209220e-02
-5.088667036821803435e-02
-5.343347460524938697e-02
-4.833986613118668174e-02
-5.343347460524938697e-02
-5.343347460524938697e-02
-5.852708307931209220e-02
-6.107388731634344481e-02
-5.088667036821803435e-02
-5.343347460524938697e-02
-4.579306189415532913e-02
-5.088667036821803435e-02
-5.343347460524938697e-02
-5.852708307931209220e-02
-5.852708307931209220e-02
-5.343347460524938697e-02
-4.579306189415532913e-02
-4.833986613118668174e-02
-5.598027884228073958e-02
-5.343347460524938697e-02
-5.852708307931209220e-02
-5.088667036821803435e-02
-5.088667036821803435e-02
-5.343347460524938697e-02
-4.579306189415532913e-02
-4.579306189415532913e-02
-5.088667036821803435e-02
-5.088667036821803435e-02
-5.852708307931209220e-02
-6.107388731634344481e-02
-5.343347460524938697e-02
-5.088667036821803435e-02
-4.833986613118668174e-02
-4.833986613118668174e-02
-5.343347460524938697e-02
-5.343347460524938697e-02
-5.852708307931209220e-02
-5.852708307931209220e-02
-5.088667036821803435e-02
-4.833986613118668174e-02
-4.324625765712397651e-02
-5.088667036821803435e-02
-5.088667036821803435e-02
-5.852708307931209220e-02
-5.852708307931209220e-02
-5.088667036821803435e-02
-5.598027884228073958e-02
-4.579306189415532913e-02
-4.579306189415532913e-02
-5.343347460524938697e-02
-5.343347460524938697e-02
-6.107388731634344481e-02
-5.852708307931209220e-02
-5.088667036821803435e-02
-5.343347460524938697e-02
-4.579306189415532913e-02
-5.088667036821803435e-02
-5.343347460524938697e-02
-5.852708307931209220e-02
-5.598027884228073958e-02
-5.088667036821803435e-02
-4.833986613118668174e-02
-4.833986613118668174e-02
-5.088667036821803435e-02
-5.088667036821803435e-02
-5.852708307931209220e-02
-5.343347460524938697e-02
-5.598027884228073958e-02
-4.579306189415532913e-02
-4.579306189415532913e-02
-5.343347460524938697e-02
-5.088667036821803435e-02
-6.107388731634344481e-02
-5.343347460524938697e-02
-5.343347460524938697e-02
-5.088667036821803435e-02
-4.833986613118668174e-02
-4.579306189415532913e-02
-5.088667036821803435e-02
-5.343347460524938697e-02
-6.107388731634344481e-02
-5.343347460524938697e-02
-5.088667036821803435e-02
-4.833986613118668174e-02
-4.579306189415532913e-02
-5.343347460524938697e-02
-5.088667036821803435e-02
-6.107388731634344481e-02
-5.598027884228073958e-02
-5.343347460524938697e-02
-4.833986613118668174e-02
-4.579306189415532913e-02
-4.833986613118668174e-02
-5.088667036821803435e-02
-5.598027884228073958e-02
-5.598027884228073958e-02
-5.343347460524938697e-02
-5.088667036821803435e-02
-4.579306189415532913e-02
-4.579306189415532913e-02
-5.343347460524938697e-02
-5.852708307931209220e-02
-5.852708307931209220e-02
-5.852708307931209220e-02
-5.343347460524938697e-02
-4.579306189415532913e-02
-4.833986613118668174e-02
-5.343347460524938697e-02
-5.343347460524938697e-02
-5.598027884228073958e-02
-5.852708307931209220e-02
-5.343347460524938697e-02
-5.343347460524938697e-02
-4.833986613118668174e-02
-4.833986613118668174e-02
-5.088667036821803435e-02
-5.852708307931209220e-02
-5.598027884228073958e-02
-5.343347460524938697e-02
-5.088667036821803435e-02
-4.579306189415532913e-02
-4.579306189415532913e-02
-5.088667036821803435e-02
-5.343347460524938697e-02
-5.598027884228073958e-02
-5.088667036821803435e-02
-5.088667036821803435e-02
-4.579306189415532913e-02
-4.579306189415532913e-02
-5.088667036821803435e-02
-6.107388731634344481e-02
-5.852708307931209220e-02
-5.852708307931209220e-02
-5.088667036821803435e-02
-4.579306189415532913e-02
-4.579306189415532913e-02
-5.598027884228073958e-02
-5.343347460524938697e-02
-5.852708307931209220e-02
-5.088667036821803435e-02
-5.088667036821803435e-02
-5.088667036821803435e-02
-4.579306189415532913e-02
-4.579306189415532913e-02
-5.343347460524938697e-02
-5.343347460524938697e-02
-6.107388731634344481e-02
-6.107388731634344481e-02
-5.343347460524938697e-02
-5.343347460524938697e-02
-4.833986613118668174e-02
-4.833986613118668174e-02
-5.343347460524938697e-02
-5.343347460524938697e-02
-5.852708307931209220e-02
-5.088667036821803435e-02
-5.088667036821803435e-02
-4.833986613118668174e-02
-4.833986613118668174e-02
-5.088667036821803435e-02
-5.343347460524938697e-02
-6.107388731634344481e-02
-5.852708307931209220e-02
-5.088667036821803435e-02
-5.343347460524938697e-02
-4.579306189415532913e-02
-5.088667036821803435e-02
-5.343347460524938697e-02
-5.852708307931209220e-02
-6.107388731634344481e-02
-5.088667036821803435e-02
-5.343347460524938697e-02
-4.579306189415532913e-02
-4.579306189415532913e-02
-5.343347460524938697e-02
-5.852708307931209220e-02
-5.852708307931209220e-02
-5.343347460524938697e-02
-5.343347460524938697e-02
-4.579306189415532913e-02
-4.579306189415532913e-02
-6.107388731634344481e-02
-5.852708307931209220e-02
-5.088667036821803435e-02
-5.343347460524938697e-02
-5.088667036821803435e-02
-4.579306189415532913e-02
-4.833986613118668174e-02
-5.343347460524938697e-02
-5.852708307931209220e-02
-5.852708307931209220e-02
-5.088667036821803435e-02
-5.088667036821803435e-02
-4.833986613118668174e-02
-4.579306189415532913e-02
-5.343347460524938697e-02
-5.343347460524938697e-02
-5.852708307931209220e-02
-5.852708307931209220e-02
-5.343347460524938697e-02
-4.833986613118668174e-02
-4.579306189415532913e-02
-5.343347460524938697e-02
-5.343347460524938697e-02
-5.852708307931209220e-02
-5.343347460524938697e-02
-5.088667036821803435e-02
-5.088667036821803435e-02
-4.579306189415532913e-02
-4.833986613118668174e-02
-5.343347460524938697e-02
-5.852708307931209220e-02
-5.598027884228073958e-02
-5.088667036821803435e-02
-5.343347460524938697e-02
-4.833986613118668174e-02
-4.579306189415532913e-02
-5.088667036821803435e-02
-5.343347460524938697e-02
-5.852708307931209220e-02
-5.852708307931209220e-02
-5.343347460524938697e-02
-4.833986613118668174e-02
-4.579306189415532913e-02
-5.343347460524938697e-02
-5.088667036821803435e-02
-5.852708307931209220e-02
-6.107388731634344481e-02
-5.088667036821803435e-02
-5.343347460524938697e-02
-4.833986613118668174e-02
-5.343347460524938697e-02
-5.343347460524938697e-02
-5.852708307931209220e-02
-5.852708307931209220e-02
-5.088667036821803435e-02
-5.343347460524938697e-02
-4.579306189415532913e-02
-4.579306189415532913e-02
-5.343347460524938697e-02
-6.107388731634344481e-02
-5.852708307931209220e-02
-5.088667036821803435e-02
-5.343347460524938697e-02
-4.579306189415532913e-02
-4.833986613118668174e-02
-5.343347460524938697e-02
-5.343347460524938697e-02
-6.107388731634344481e-02
-5.088667036821803435e-02
-5.343347460524938697e-02
-4.579306189415532913e-02
-5.343347460524938697e-02
-5.343347460524938697e-02
-5.343347460524938697e-02
-5.852708307931209220e-02
-5.852708307931209220e-02
-5.343347460524938697e-02
-5.343347460524938697e-02
-4.579306189415532913e-02
-5.343347460524938697e-02
-5.343347460524938697e-02
-5.852708307931209220e-02
-5.852708307931209220e-02
-5.343347460524938697e-02
-5.343347460524938697e-02
-4.579306189415532913e-02
-5.343347460524938697e-02
-5.088667036821803435e-02
-5.852708307931209220e-02
-5.852708307931209220e-02
-5.088667036821803435e-02
-4.579306189415532913e-02
-4.833986613118668174e-02
-5.343347460524938697e-02
-5.088667036821803435e-02
-5.852708307931209220e-02
-5.852708307931209220e-02
-5.343347460524938697e-02
-5.088667036821803435e-02
-4.579306189415532913e-02
-5.088667036821803435e-02
-5.088667036821803435e-02
-5.088667036821803435e-02
-6.107388731634344481e-02
-5.343347460524938697e-02
-5.088667036821803435e-02
-4.579306189415532913e-02
-4.579306189415532913e-02
-5.343347460524938697e-02
-5.852708307931209220e-02
-5.598027884228073958e-02
-5.852708307931209220e-02
-5.343347460524938697e-02
-5.088667036821803435e-02
-4.579306189415532913e-02
-4.833986613118668174e-02
-5.088667036821803435e-02
-5.088667036821803435e-02
-5.852708307931209220e-02
-5.088667036821803435e-02
-5.343347460524938697e-02
-4.579306189415532913e-02
-4.579306189415532913e-02
-5.088667036821803435e-02
-5.088667036821803435e-02
-5.598027884228073958e-02
-5.852708307931209220e-02
-5.343347460524938697e-02
-4.833986613118668174e-02
-5.343347460524938697e-02
-5.088667036821803435e-02
-5.852708307931209220e-02
-6.107388731634344481e-02
-5.088667036821803435e-02
-5.343347460524938697e-02
-4.833986613118668174e-02
-4.833986613118668174e-02
-5.343347460524938697e-02
-5.852708307931209220e-02
-5.852708307931209220e-02
-5.343347460524938697e-02
-5.343347460524938697e-02
-4.833986613118668174e-02
-5.598027884228073958e-02
-5.088667036821803435e-02
-5.343347460524938697e-02
-6.107388731634344481e-02
-5.852708307931209220e-02
-5.088667036821803435e-02
-5.088667036821803435e-02
-4.833986613118668174e-02
-4.833986613118668174e-02
-5.088667036821803435e-02
-5.343347460524938697e-02
-5.852708307931209220e-02
-5.852708307931209220e-02
-5.088667036821803435e-02
-4.579306189415532913e-02
-4.579306189415532913e-02
-5.088667036821803435e-02
-5.088667036821803435e-02
-5.852708307931209220e-02
-6.107388731634344481e-02
-5.343347460524938697e-02
-5.343347460524938697e-02
-4.833986613118668174e-02
-4.833986613118668174e-02
-5.343347460524938697e-02
-6.107388731634344481e-02
-5.852708307931209220e-02
-5.088667036821803435e-02
-5.343347460524938697e-02
-4.833986613118668174e-02
-4.833986613118668174e-02
-5.343347460524938697e-02
-5.088667036821803435e-02
-5.343347460524938697e-02
-5.343347460524938697e-02
-4.833986613118668174e-02
-4.579306189415532913e-02
-4.833986613118668174e-02
-5.343347460524938697e-02
-5.343347460524938697e-02
-5.852708307931209220e-02
-5.343347460524938697e-02
-5.088667036821803435e-02
-4.833986613118668174e-02
-5.088667036821803435e-02
-5.343347460524938697e-02
-5.088667036821803435e-02
-6.107388731634344481e-02
-5.343347460524938697e-02
-5.598027884228073958e-02
-5.088667036821803435e-02
-4.833986613118668174e-02
-5.343347460524938697e-02
-5.343347460524938697e-02
-5.852708307931209220e-02
-5.598027884228073958e-02
-5.343347460524938697e-02
-5.343347460524938697e-02
-4.579306189415532913e-02
-5.343347460524938697e-02
-5.343347460524938697e-02
-5.088667036821803435e-02
-5.852708307931209220e-02
-6.107388731634344481e-02
-5.343347460524938697e-02
-5.343347460524938697e-02
-4.833986613118668174e-02
-4.579306189415532913e-02
-5.088667036821803435e-02
-5.852708307931209220e-02
-6.107388731634344481e-02
-5.343347460524938697e-02
-5.343347460524938697e-02
-4.833986613118668174e-02
-4.579306189415532913e-02
-5.343347460524938697e-02
-6.107388731634344481e-02
-5.852708307931209220e-02
-5.088667036821803435e-02
-5.343347460524938697e-02
-4.579306189415532913e-02
-4.833986613118668174e-02
-5.343347460524938697e-02
-5.343347460524938697e-02
-6.107388731634344481e-02
-5.343347460524938697e-02
-5.343347460524938697e-02
-4.579306189415532913e-02
-4.579306189415532913e-02
-5.852708307931209220e-02
-5.852708307931209220e-02
-5.852708307931209220e-02
-5.088667036821803435e-02
-5.088667036821803435e-02
-5.343347460524938697e-02
-4.833986613118668174e-02
-5.343347460524938697e-02
-5.343347460524938697e-02
-5.598027884228073958e-02
-5.852708307931209220e-02
-5.343347460524938697e-02
-5.343347460524938697e-02
-4.579306189415532913e-02
-4.579306189415532913e-02
-5.088667036821803435e-02
-5.852708307931209220e-02
-5.852708307931209220e-02
-5.088667036821803435e-02
-4.579306189415532913e-02
-4.579306189415532913e-02
-5.088667036821803435e-02
-6.107388731634344481e-02
-5.852708307931209220e-02
-5.088667036821803435e-02
-5.343347460524938697e-02
-5.343347460524938697e-02
-4.579306189415532913e-02
-5.343347460524938697e-02
-5.852708307931209220e-02
-6.107388731634344481e-02
-5.343347460524938697e-02
-5.343347460524938697e-02
-4.833986613118668174e-02
-4.833986613118668174e-02
-5.088667036821803435e-02
-5.852708307931209220e-02
-5.598027884228073958e-02
-5.343347460524938697e-02
-5.343347460524938697e-02
-5.343347460524938697e-02
-4.833986613118668174e-02
-5.598027884228073958e-02
-5.852708307931209220e-02
-5.852708307931209220e-02
-5.343347460524938697e-02
-5.088667036821803435e-02
-4.833986613118668174e-02
-5.343347460524938697e-02
-5.088667036821803435e-02
-5.343347460524938697e-02
-5.598027884228073958e-02
-5.598027884228073958e-02
-5.343347460524938697e-02
-4.579306189415532913e-02
-4.579306189415532913e-02
-5.088667036821803435e-02
-5.343347460524938697e-02
-6.107388731634344481e-02
-5.598027884228073958e-02
-5.343347460524938697e-02
-4.833986613118668174e-02
-4.579306189415532913e-02
-5.343347460524938697e-02
-5.088667036821803435e-02
-5.852708307931209220e-02
-6.107388731634344481e-02
-5.088667036821803435e-02
-5.343347460524938697e-02
-4.579306189415532913e-02
-5.088667036821803435e-02
-5.088667036821803435e-02
-5.852708307931209220e-02
-6.107388731634344481e-02
-5.088667036821803435e-02
-4.833986613118668174e-02
-4.833986613118668174e-02
-5.343347460524938697e-02
-6.107388731634344481e-02
-6.107388731634344481e-02
-5.598027884228073958e-02
-5.343347460524938697e-02
-4.833986613118668174e-02
-4.833986613118668174e-02
-5.088667036821803435e-02
-5.088667036821803435e-02
-5.852708307931209220e-02
-5.343347460524938697e-02
-5.343347460524938697e-02
-5.088667036821803435e-02
-4.579306189415532913e-02
-5.343347460524938697e-02
-5.343347460524938697e-02
-5.852708307931209220e-02
-5.088667036821803435e-02
-5.343347460524938697e-02
-4.833986613118668174e-02
-4.833986613118668174e-02
-5.598027884228073958e-02
-6.107388731634344481e-02
-5.852708307931209220e-02
-5.852708307931209220e-02
-5.343347460524938697e-02
-4.833986613118668174e-02
-4.579306189415532913e-02
-5.343347460524938697e-02
-5.343347460524938697e-02
-5.852708307931209220e-02
-5.852708307931209220e-02
-5.343347460524938697e-02
-5.343347460524938697e-02
-4.579306189415532913e-02
-4.833986613118668174e-02
-5.343347460524938697e-02
-6.107388731634344481e-02
-6.107388731634344481e-02
-5.343347460524938697e-02
-5.088667036821803435e-02
-5.343347460524938697e-02
-4.579306189415532913e-02
-4.579306189415532913e-02
-5.343347460524938697e-02
-5.852708307931209220e-02
-5.852708307931209220e-02
-5.343347460524938697e-02
-5.343347460524938697e-02
-4.833986613118668174e-02
-4.833986613118668174e-02
-5.343347460524938697e-02
-5.852708307931209220e-02
-5.343347460524938697e-02
-5.343347460524938697e-02
-4.833986613118668174e-02
-4.833986613118668174e-02
-5.343347460524938697e-02
-6.107388731634344481e-02
-5.852708307931209220e-02
-6.107388731634344481e-02
-5.088667036821803435e-02
-5.343347460524938697e-02
-4.579306189415532913e-02
-4.833986613118668174e-02
-5.343347460524938697e-02
-5.852708307931209220e-02
-5.852708307931209220e-02
-5.343347460524938697e-02
-5.598027884228073958e-02
-4.579306189415532913e-02
-4.833986613118668174e-02
-5.343347460524938697e-02
-5.852708307931209220e-02
-5.852708307931209220e-02
-5.088667036821803435e-02
-5.088667036821803435e-02
-4.579306189415532913e-02
-4.833986613118668174e-02
-5.343347460524938697e-02
-5.343347460524938697e-02
-6.107388731634344481e-02
-5.088667036821803435e-02
-5.343347460524938697e-02
-4.579306189415532913e-02
-4.579306189415532913e-02
-5.343347460524938697e-02
-5.343347460524938697e-02
-6.107388731634344481e-02
-5.343347460524938697e-02
-5.343347460524938697e-02
-4.833986613118668174e-02
-5.343347460524938697e-02
-5.343347460524938697e-02
-5.343347460524938697e-02
-5.852708307931209220e-02
-5.852708307931209220e-02
-5.598027884228073958e-02
-5.088667036821803435e-02
-4.579306189415532913e-02
-5.088667036821803435e-02
-6.107388731634344481e-02
-5.852708307931209220e-02
-5.343347460524938697e-02
-5.343347460524938697e-02
-4.579306189415532913e-02
-4.579306189415532913e-02
-5.343347460524938697e-02
-5.343347460524938697e-02
-5.852708307931209220e-02
-5.852708307931209220e-02
-5.343347460524938697e-02
-4.579306189415532913e-02
-4.833986613118668174e-02
-5.343347460524938697e-02
-5.088667036821803435e-02
-5.343347460524938697e-02
-5.852708307931209220e-02
-5.343347460524938697e-02
-4.833986613118668174e-02
-4.579306189415532913e-02
-5.343347460524938697e-02
-5.343347460524938697e-02
-5.852708307931209220e-02
-6.107388731634344481e-02
-5.343347460524938697e-02
-5.088667036821803435e-02
-4.579306189415532913e-02
-4.833986613118668174e-02
-5.343347460524938697e-02
-6.107388731634344481e-02
-5.852708307931209220e-02
-5.852708307931209220e-02
-5.343347460524938697e-02
-5.343347460524938697e-02
-4.579306189415532913e-02
-4.579306189415532913e-02
-5.088667036821803435e-02
-5.852708307931209220e-02
-5.852708307931209220e-02
-5.343347460524938697e-02
-5.343347460524938697e-02
-5.088667036821803435e-02
-4.833986613118668174e-02
-5.343347460524938697e-02
-5.343347460524938697e-02
-5.598027884228073958e-02
-5.343347460524938697e-02
-5.088667036821803435e-02
-4.579306189415532913e-02
-4.833986613118668174e-02
-5.088667036821803435e-02
-5.088667036821803435e-02
-6.107388731634344481e-02
-5.343347460524938697e-02
-5.088667036821803435e-02
-4.833986613118668174e-02
-4.833986613118668174e-02
-5.343347460524938697e-02
-5.088667036821803435e-02
-5.852708307931209220e-02
-5.852708307931209220e-02
-5.598027884228073958e-02
-4.579306189415532913e-02
-4.833986613118668174e-02
-5.343347460524938697e-02
-5.852708307931209220e-02
-5.852708307931209220e-02
-5.088667036821803435e-02
-4.833986613118668174e-02
-4.579306189415532913e-02
-4.579306189415532913e-02
-5.343347460524938697e-02
-5.343347460524938697e-02
-6.107388731634344481e-02
-5.852708307931209220e-02
-5.088667036821803435e-02
-5.343347460524938697e-02
-4.833986613118668174e-02
-5.343347460524938697e-02
-5.088667036821803435e-02
-5.852708307931209220e-02
-5.852708307931209220e-02
-5.343347460524938697e-02
-5.598027884228073958e-02
-4.833986613118668174e-02
-4.579306189415532913e-02
-5.343347460524938697e-02
-5.343347460524938697e-02
-5.852708307931209220e-02
-5.343347460524938697e-02
-5.088667036821803435e-02
-5.088667036821803435e-02
-4.579306189415532913e-02
-5.343347460524938697e-02
-5.088667036821803435e-02
-6.107388731634344481e-02
-6.107388731634344481e-02
-5.343347460524938697e-02
-5.343347460524938697e-02
-4.833986613118668174e-02
-5.343347460524938697e-02
-5.343347460524938697e-02
-6.107388731634344481e-02
-5.852708307931209220e-02
-5.343347460524938697e-02
-4.833986613118668174e-02
-4.579306189415532913e-02
-5.598027884228073958e-02
-5.852708307931209220e-02
-6.107388731634344481e-02
-5.598027884228073958e-02
-5.343347460524938697e-02
-5.343347460524938697e-02
-4.579306189415532913e-02
-4.833986613118668174e-02
-4.833986613118668174e-02
-5.343347460524938697e-02
-5.852708307931209220e-02
-5.343347460524938697e-02
-5.343347460524938697e-02
-5.343347460524938697e-02
-4.833986613118668174e-02
-5.088667036821803435e-02
-5.088667036821803435e-02
-5.088667036821803435e-02
-5.852708307931209220e-02
-5.852708307931209220e-02
-5.343347460524938697e-02
-5.088667036821803435e-02
-4.833986613118668174e-02
-5.343347460524938697e-02
-5.598027884228073958e-02
-6.107388731634344481e-02
-5.343347460524938697e-02
-5.088667036821803435e-02
-5.088667036821803435e-02
-4.579306189415532913e-02
-5.343347460524938697e-02
-5.852708307931209220e-02
-6.107388731634344481e-02
-5.343347460524938697e-02
-5.088667036821803435e-02
-5.343347460524938697e-02
-4.833986613118668174e-02
-4.579306189415532913e-02
-5.343347460524938697e-02
-5.343347460524938697e-02
-5.852708307931209220e-02
-5.343347460524938697e-02
-5.088667036821803435e-02
-5.088667036821803435e-02
-4.579306189415532913e-02
-5.088667036821803435e-02
-5.343347460524938697e-02
-5.852708307931209220e-02
-6.107388731634344481e-02
-5.343347460524938697e-02
-4.833986613118668174e-02
-4.579306189415532913e-02
-5.343347460524938697e-02
-5.343347460524938697e-02
-6.107388731634344481e-02
-5.852708307931209220e-02
-5.343347460524938697e-02
-5.088667036821803435e-02
-4.833986613118668174e-02
-4.579306189415532913e-02
-5.088667036821803435e-02
-5.088667036821803435e-02
-5.852708307931209220e-02
-5.343347460524938697e-02
-5.343347460524938697e-02
-4.833986613118668174e-02
-5.343347460524938697e-02
-5.088667036821803435e-02
-5.852708307931209220e-02
-6.107388731634344481e-02
-5.343347460524938697e-02
-4.579306189415532913e-02
-4.579306189415532913e-02
-4.833986613118668174e-02
-5.343347460524938697e-02
-5.088667036821803435e-02
-5.852708307931209220e-02
-6.107388731634344481e-02
-5.343347460524938697e-02
-5.343347460524938697e-02
-4.324625765712397651e-02
-4.579306189415532913e-02
-5.852708307931209220e-02
-5.852708307931209220e-02
-5.343347460524938697e-02
-5.343347460524938697e-02
-5.343347460524938697e-02
-5.088667036821803435e-02
-5.088667036821803435e-02
-5.343347460524938697e-02
-5.088667036821803435e-02
-5.852708307931209220e-02
-5.852708307931209220e-02
-5.343347460524938697e-02
-5.343347460524938697e-02
-4.833986613118668174e-02
-5.343347460524938697e-02
-5.852708307931209220e-02
-6.107388731634344481e-02
-5.343347460524938697e-02
-5.088667036821803435e-02
-4.579306189415532913e-02
-5.343347460524938697e-02
-5.598027884228073958e-02
-5.852708307931209220e-02
-5.852708307931209220e-02
-5.088667036821803435e-02
-5.088667036821803435e-02
-4.579306189415532913e-02
-5.088667036821803435e-02
-5.343347460524938697e-02
-5.343347460524938697e-02
-6.107388731634344481e-02
-5.852708307931209220e-02
-5.343347460524938697e-02
-5.343347460524938697e-02
-5.088667036821803435e-02
-4.833986613118668174e-02
-5.088667036821803435e-02
-5.088667036821803435e-02
-6.107388731634344481e-02
-5.343347460524938697e-02
-5.088667036821803435e-02
-4.833986613118668174e-02
-5.343347460524938697e-02
-5.343347460524938697e-02
-5.852708307931209220e-02
-5.088667036821803435e-02
-6.107388731634344481e-02
-5.343347460524938697e-02
-5.088667036821803435e-02
-4.833986613118668174e-02
-5.343347460524938697e-02
-5.088667036821803435e-02
-5.852708307931209220e-02
-6.107388731634344481e-02
-5.343347460524938697e-02
-5.088667036821803435e-02
-4.833986613118668174e-02
-5.088667036821803435e-02
-5.343347460524938697e-02
-5.852708307931209220e-02
-6.107388731634344481e-02
-5.343347460524938697e-02
-5.343347460524938697e-02
-5.343347460524938697e-02
-5.343347460524938697e-02
-5.852708307931209220e-02
-6.107388731634344481e-02
-5.088667036821803435e-02
-5.598027884228073958e-02
-4.579306189415532913e-02
-4.833986613118668174e-02
-5.343347460524938697e-02
-5.088667036821803435e-02
-6.107388731634344481e-02
-6.107388731634344481e-02
-5.343347460524938697e-02
-5.343347460524938697e-02
-4.579306189415532913e-02
-4.833986613118668174e-02
-5.088667036821803435e-02
-5.852708307931209220e-02
-5.343347460524938697e-02
-5.343347460524938697e-02
-4.833986613118668174e-02
-5.343347460524938697e-02
-5.343347460524938697e-02
-6.107388731634344481e-02
-5.088667036821803435e-02
-5.598027884228073958e-02
-5.088667036821803435e-02
-4.579306189415532913e-02
-4.833986613118668174e-02
-5.598027884228073958e-02
-5.852708307931209220e-02
-6.107388731634344481e-02
-5.343347460524938697e-02
-5.343347460524938697e-02
-4.833986613118668174e-02
-4.833986613118668174e-02
-5.343347460524938697e-02
-5.343347460524938697e-02
-5.343347460524938697e-02
-6.107388731634344481e-02
-5.598027884228073958e-02
-5.343347460524938697e-02
-4.579306189415532913e-02
-5.088667036821803435e-02
-5.343347460524938697e-02
-5.343347460524938697e-02
-5.598027884228073958e-02
-5.852708307931209220e-02
-5.088667036821803435e-02
-5.343347460524938697e-02
-4.579306189415532913e-02
-5.343347460524938697e-02
-5.343347460524938697e-02
-6.107388731634344481e-02
-6.107388731634344481e-02
-5.343347460524938697e-02
-5.343347460524938697e-02
-4.579306189415532913e-02
-4.833986613118668174e-02
-5.343347460524938697e-02
-5.343347460524938697e-02
-6.107388731634344481e-02
-5.852708307931209220e-02
-5.343347460524938697e-02
-4.833986613118668174e-02
-5.088667036821803435e-02
-5.343347460524938697e-02
-5.852708307931209220e-02
-6.107388731634344481e-02
-5.852708307931209220e-02
-5.343347460524938697e-02
-5.343347460524938697e-02
-4.579306189415532913e-02
-5.088667036821803435e-02
-5.343347460524938697e-02
-6.107388731634344481e-02
-5.852708307931209220e-02
-5.598027884228073958e-02
-5.088667036821803435e-02
-4.833986613118668174e-02
-4.833986613118668174e-02
-5.343347460524938697e-02
-6.107388731634344481e-02
-5.852708307931209220e-02
-5.598027884228073958e-02
-4.579306189415532913e-02
-4.579306189415532913e-02
-4.579306189415532913e-02
-5.343347460524938697e-02
-5.343347460524938697e-02
-5.852708307931209220e-02
-5.343347460524938697e-02
-5.343347460524938697e-02
-4.833986613118668174e-02
-4.579306189415532913e-02
-5.088667036821803435e-02
-5.852708307931209220e-02
-6.107388731634344481e-02
-5.088667036821803435e-02
-5.598027884228073958e-02
-5.088667036821803435e-02
-4.833986613118668174e-02
-5.343347460524938697e-02
-5.852708307931209220e-02
-6.107388731634344481e-02
-6.107388731634344481e-02
-5.343347460524938697e-02
-5.088667036821803435e-02
-4.833986613118668174e-02
-5.343347460524938697e-02
-5.598027884228073958e-02
-5.852708307931209220e-02
-5.088667036821803435e-02
-5.343347460524938697e-02
-5.343347460524938697e-02
-4.579306189415532913e-02
-4.833986613118668174e-02
-5.343347460524938697e-02
-5.343347460524938697e-02
-6.107388731634344481e-02
-5.343347460524938697e-02
-5.343347460524938697e-02
-4.579306189415532913e-02
-5.088667036821803435e-02
-5.343347460524938697e-02
-5.852708307931209220e-02
-5.343347460524938697e-02
-6.107388731634344481e-02
-5.343347460524938697e-02
-5.343347460524938697e-02
-4.833986613118668174e-02
-4.579306189415532913e-02
-5.088667036821803435e-02
-5.343347460524938697e-02
-6.107388731634344481e-02
-5.852708307931209220e-02
-5.343347460524938697e-02
-4.579306189415532913e-02
-4.833986613118668174e-02
-5.088667036821803435e-02
-5.088667036821803435e-02
-6.107388731634344481e-02
-6.107388731634344481e-02
-5.088667036821803435e-02
-4.579306189415532913e-02
-4.833986613118668174e-02
-5.343347460524938697e-02
-5.343347460524938697e-02
-5.598027884228073958e-02
-5.852708307931209220e-02
-5.343347460524938697e-02
-4.833986613118668174e-02
-4.833986613118668174e-02
-5.343347460524938697e-02
-5.598027884228073958e-02
-6.107388731634344481e-02
-5.852708307931209220e-02
-5.343347460524938697e-02
-4.833986613118668174e-02
-5.088667036821803435e-02
-5.343347460524938697e-02
-5.088667036821803435e-02
-5.852708307931209220e-02
-5.852708307931209220e-02
-5.343347460524938697e-02
-5.088667036821803435e-02
-4.833986613118668174e-02
-5.343347460524938697e-02
-5.852708307931209220e-02
-5.852708307931209220e-02
-5.343347460524938697e-02
-5.343347460524938697e-02
-4.833986613118668174e-02
-5.088667036821803435e-02
-5.343347460524938697e-02
-5.852708307931209220e-02
-6.107388731634344481e-02
-5.852708307931209220e-02
-5.343347460524938697e-02
-5.088667036821803435e-02
-4.833986613118668174e-02
-5.343347460524938697e-02
-5.343347460524938697e-02
-5.852708307931209220e-02
-5.852708307931209220e-02
-5.598027884228073958e-02
-5.343347460524938697e-02
-4.833986613118668174e-02
-4.579306189415532913e-02
-5.598027884228073958e-02
-5.852708307931209220e-02
-6.107388731634344481e-02
-5.088667036821803435e-02
-5.343347460524938697e-02
-4.833986613118668174e-02
-5.343347460524938697e-02
-5.343347460524938697e-02
-6.107388731634344481e-02
-5.852708307931209220e-02
-5.343347460524938697e-02
-5.088667036821803435e-02
-4.833986613118668174e-02
-5.343347460524938697e-02
-5.343347460524938697e-02
-5.852708307931209220e-02
-5.852708307931209220e-02
-5.088667036821803435e-02
-4.833986613118668174e-02
-4.833986613118668174e-02
-5.343347460524938697e-02
-5.343347460524938697e-02
-5.852708307931209220e-02
-5.852708307931209220e-02
-5.343347460524938697e-02
-4.579306189415532913e-02
-4.579306189415532913e-02
-5.088667036821803435e-02
-5.343347460524938697e-02
-6.107388731634344481e-02
-5.852708307931209220e-02
-5.343347460524938697e-02
-5.343347460524938697e-02
-5.088667036821803435e-02
-4.833986613118668174e-02
-5.343347460524938697e-02
-5.852708307931209220e-02
-5.852708307931209220e-02
-5.598027884228073958e-02
-5.343347460524938697e-02
-5.343347460524938697e-02
-4.579306189415532913e-02
-5.343347460524938697e-02
-5.343347460524938697e-02
-5.852708307931209220e-02
-5.852708307931209220e-02
-5.598027884228073958e-02
-5.343347460524938697e-02
-4.833986613118668174e-02
-5.343347460524938697e-02
-5.343347460524938697e-02
-6.107388731634344481e-02
-5.088667036821803435e-02
-5.343347460524938697e-02
-4.579306189415532913e-02
-4.833986613118668174e-02
-5.343347460524938697e-02
-5.852708307931209220e-02
-5.852708307931209220e-02
-5.343347460524938697e-02
-5.598027884228073958e-02
-4.833986613118668174e-02
-4.579306189415532913e-02
-5.343347460524938697e-02
-5.852708307931209220e-02
-6.107388731634344481e-02
-5.088667036821803435e-02
-5.343347460524938697e-02
-4.579306189415532913e-02
-5.088667036821803435e-02
-5.343347460524938697e-02
-6.107388731634344481e-02
-6.107388731634344481e-02
-5.343347460524938697e-02
-5.598027884228073958e-02
-4.579306189415532913e-02
-4.833986613118668174e-02
-5.343347460524938697e-02
-5.088667036821803435e-02
-6.107388731634344481e-02
-5.088667036821803435e-02
-5.598027884228073958e-02
-5.088667036821803435e-02
-4.833986613118668174e-02
-4.579306189415532913e-02
-5.343347460524938697e-02
-5.088667036821803435e-02
-6.107388731634344481e-02
-5.343347460524938697e-02
-5.343347460524938697e-02
-4.833986613118668174e-02
-4.833986613118668174e-02
-5.343347460524938697e-02
-5.088667036821803435e-02
-6.107388731634344481e-02
-5.852708307931209220e-02
-5.343347460524938697e-02
-4.833986613118668174e-02
-4.833986613118668174e-02
-5.343347460524938697e-02
-5.852708307931209220e-02
-6.107388731634344481e-02
-5.343347460524938697e-02
-5.343347460524938697e-02
-4.833986613118668174e-02
-4.833986613118668174e-02
-5.343347460524938697e-02
-5.852708307931209220e-02
-5.852708307931209220e-02
-5.343347460524938697e-02
-5.343347460524938697e-02
-4.833986613118668174e-02
-5.088667036821803435e-02
-5.343347460524938697e-02
-5.852708307931209220e-02
-5.852708307931209220e-02
-5.852708307931209220e-02
-5.343347460524938697e-02
-4.579306189415532913e-02
-4.833986613118668174e-02
-5.088667036821803435e-02
-5.343347460524938697e-02
-5.852708307931209220e-02
-6.107388731634344481e-02
-5.343347460524938697e-02
-4.579306189415532913e-02
-4.579306189415532913e-02
-5.088667036821803435e-02
-5.343347460524938697e-02
-5.343347460524938697e-02
-6.107388731634344481e-02
-6.107388731634344481e-02
-5.088667036821803435e-02
-5.088667036821803435e-02
-5.088667036821803435e-02
-4.833986613118668174e-02
-5.088667036821803435e-02
-6.107388731634344481e-02
-6.107388731634344481e-02
-5.343347460524938697e-02
-5.598027884228073958e-02
-4.579306189415532913e-02
-4.579306189415532913e-02
-5.343347460524938697e-02
-5.088667036821803435e-02
-6.107388731634344481e-02
-5.598027884228073958e-02
-5.343347460524938697e-02
-4.833986613118668174e-02
-4.833986613118668174e-02
-5.343347460524938697e-02
-5.343347460524938697e-02
-6.107388731634344481e-02
-6.107388731634344481e-02
-5.343347460524938697e-02
-5.088667036821803435e-02
-5.088667036821803435e-02
-4.833986613118668174e-02
-5.088667036821803435e-02
-6.107388731634344481e-02
-5.088667036821803435e-02
-5.088667036821803435e-02
-4.579306189415532913e-02
-4.833986613118668174e-02
-5.343347460524938697e-02
-5.343347460524938697e-02
-6.107388731634344481e-02
-5.343347460524938697e-02
-5.343347460524938697e-02
-4.833986613118668174e-02
-4.833986613118668174e-02
-5.343347460524938697e-02
-5.343347460524938697e-02
-5.343347460524938697e-02
-5.852708307931209220e-02
-5.343347460524938697e-02
-5.598027884228073958e-02
-5.088667036821803435e-02
-4.833986613118668174e-02
-5.343347460524938697e-02
-5.343347460524938697e-02
-5.852708307931209220e-02
-5.852708307931209220e-02
-5.088667036821803435e-02
-4.579306189415532913e-02
-5.088667036821803435e-02
-5.343347460524938697e-02
-5.598027884228073958e-02
-5.852708307931209220e-02
-5.343347460524938697e-02
-5.343347460524938697e-02
-4.833986613118668174e-02
-4.833986613118668174e-02
-5.343347460524938697e-02
-5.598027884228073958e-02
-6.107388731634344481e-02
-5.088667036821803435e-02
-5.598027884228073958e-02
-5.088667036821803435e-02
-4.579306189415532913e-02
-5.598027884228073958e-02
-6.107388731634344481e-02
-5.852708307931209220e-02
-5.343347460524938697e-02
-5.343347460524938697e-02
-4.833986613118668174e-02
-5.088667036821803435e-02
-5.598027884228073958e-02
-5.088667036821803435e-02
-5.852708307931209220e-02
-6.107388731634344481e-02
-5.343347460524938697e-02
-5.343347460524938697e-02
-4.833986613118668174e-02
-5.343347460524938697e-02
-5.343347460524938697e-02
-6.107388731634344481e-02
-5.598027884228073958e-02
-5.088667036821803435e-02
-4.833986613118668174e-02
-5.343347460524938697e-02
-5.343347460524938697e-02
-5.598027884228073958e-02
-6.107388731634344481e-02
-5.343347460524938697e-02
-5.343347460524938697e-02
-4.833986613118668174e-02
-4.833986613118668174e-02
-5.088667036821803435e-02
-5.852708307931209220e-02
-5.852708307931209220e-02
-5.343347460524938697e-02
-5.343347460524938697e-02
-4.579306189415532913e-02
-5.343347460524938697e-02
-5.088667036821803435e-02
-5.343347460524938697e-02
-5.852708307931209220e-02
-6.107388731634344481e-02
-5.598027884228073958e-02
-5.343347460524938697e-02
-4.833986613118668174e-02
-4.833986613118668174e-02
-5.343347460524938697e-02
-5.343347460524938697e-02
-5.852708307931209220e-02
-5.598027884228073958e-02
-5.598027884228073958e-02
-4.833986613118668174e-02
-4.833986613118668174e-02
-5.343347460524938697e-02
-5.343347460524938697e-02
-6.107388731634344481e-02
-5.852708307931209220e-02
-5.088667036821803435e-02
-5.343347460524938697e-02
-4.833986613118668174e-02
-5.343347460524938697e-02
-5.343347460524938697e-02
-5.852708307931209220e-02
-6.107388731634344481e-02
-5.343347460524938697e-02
-5.343347460524938697e-02
-4.833986613118668174e-02
-4.579306189415532913e-02
-5.343347460524938697e-02
-5.088667036821803435e-02
-6.107388731634344481e-02
-5.343347460524938697e-02
-5.343347460524938697e-02
-4.833986613118668174e-02
-4.833986613118668174e-02
-5.088667036821803435e-02
-5.088667036821803435e-02
-5.852708307931209220e-02
-6.107388731634344481e-02
-5.343347460524938697e-02
-4.579306189415532913e-02
-4.833986613118668174e-02
-5.343347460524938697e-02
-5.343347460524938697e-02
-5.598027884228073958e-02
-5.598027884228073958e-02
-5.343347460524938697e-02
-5.343347460524938697e-02
-4.833986613118668174e-02
-5.343347460524938697e-02
-5.343347460524938697e-02
-5.598027884228073958e-02
-5.343347460524938697e-02
-5.598027884228073958e-02
-4.579306189415532913e-02
-4.833986613118668174e-02
-5.088667036821803435e-02
-5.343347460524938697e-02
-6.107388731634344481e-02
-5.852708307931209220e-02
-5.343347460524938697e-02
-4.579306189415532913e-02
-4.579306189415532913e-02
-5.088667036821803435e-02
-6.107388731634344481e-02
-5.852708307931209220e-02
-6.107388731634344481e-02
-5.343347460524938697e-02
-4.579306189415532913e-02
-4.833986613118668174e-02
-5.343347460524938697e-02
-5.343347460524938697e-02
-5.343347460524938697e-02
-5.852708307931209220e-02
-6.107388731634344481e-02
-5.343347460524938697e-02
-4.579306189415532913e-02
-4.833986613118668174e-02
-5.343347460524938697e-02
-5.343347460524938697e-02
-5.852708307931209220e-02
-6.107388731634344481e-02
-5.088667036821803435e-02
-5.343347460524938697e-02
-5.088667036821803435e-02
-5.343347460524938697e-02
-5.088667036821803435e-02
-6.107388731634344481e-02
-5.852708307931209220e-02
-5.343347460524938697e-02
-5.343347460524938697e-02
-4.833986613118668174e-02
-5.088667036821803435e-02
-5.343347460524938697e-02
-6.107388731634344481e-02
-5.852708307931209220e-02
-5.598027884228073958e-02
-5.343347460524938697e-02
-4.833986613118668174e-02
-4.833986613118668174e-02
-5.343347460524938697e-02
-5.852708307931209220e-02
-5.088667036821803435e-02
-5.343347460524938697e-02
-5.343347460524938697e-02
-5.088667036821803435e-02
-5.343347460524938697e-02
-5.343347460524938697e-02
-5.852708307931209220e-02
-5.852708307931209220e-02
-5.343347460524938697e-02
-5.343347460524938697e-02
-4.833986613118668174e-02
-4.833986613118668174e-02
-5.088667036821803435e-02
-5.598027884228073958e-02
-5.852708307931209220e-02
-5.088667036821803435e-02
-5.343347460524938697e-02
-4.579306189415532913e-02
-4.833986613118668174e-02
-5.088667036821803435e-02
-5.343347460524938697e-02
-5.852708307931209220e-02
-5.343347460524938697e-02
-5.343347460524938697e-02
-4.579306189415532913e-02
-4.833986613118668174e-02
-5.343347460524938697e-02
-5.343347460524938697e-02
-5.852708307931209220e-02
-5.343347460524938697e-02
-5.343347460524938697e-02
-4.579306189415532913e-02
-5.088667036821803435e-02
-5.343347460524938697e-02
-5.852708307931209220e-02
-6.107388731634344481e-02
-5.852708307931209220e-02
-5.343347460524938697e-02
-5.343347460524938697e-02
-4.579306189415532913e-02
-4.833986613118668174e-02
-5.343347460524938697e-02
-5.088667036821803435e-02
-6.107388731634344481e-02
-5.088667036821803435e-02
-5.343347460524938697e-02
-5.088667036821803435e-02
-4.833986613118668174e-02
-5.343347460524938697e-02
-5.852708307931209220e-02
-5.088667036821803435e-02
-5.343347460524938697e-02
-5.343347460524938697e-02
-4.833986613118668174e-02
-4.833986613118668174e-02
-5.343347460524938697e-02
-5.343347460524938697e-02
-5.852708307931209220e-02
-5.088667036821803435e-02
-4.833986613118668174e-02
-4.579306189415532913e-02
-5.088667036821803435e-02
-5.343347460524938697e-02
-6.107388731634344481e-02
-6.107388731634344481e-02
-5.343347460524938697e-02
-4.579306189415532913e-02
-4.579306189415532913e-02
-5.088667036821803435e-02
-5.343347460524938697e-02
-6.107388731634344481e-02
-5.852708307931209220e-02
-5.343347460524938697e-02
-4.579306189415532913e-02
-4.833986613118668174e-02
-4.579306189415532913e-02
-5.343347460524938697e-02
-6.107388731634344481e-02
-5.852708307931209220e-02
-5.088667036821803435e-02
-5.343347460524938697e-02
-5.088667036821803435e-02
-4.833986613118668174e-02
-5.343347460524938697e-02
-5.343347460524938697e-02
-6.107388731634344481e-02
-6.107388731634344481e-02
-5.343347460524938697e-02
-4.833986613118668174e-02
-5.088667036821803435e-02
-5.343347460524938697e-02
-5.088667036821803435e-02
-5.852708307931209220e-02
-6.107388731634344481e-02
-5.343347460524938697e-02
-5.088667036821803435e-02
-4.579306189415532913e-02
-5.343347460524938697e-02
-5.852708307931209220e-02
-6.107388731634344481e-02
-5.343347460524938697e-02
-5.343347460524938697e-02
-4.579306189415532913e-02
-4.833986613118668174e-02
-5.343347460524938697e-02
-5.343347460524938697e-02
-5.852708307931209220e-02
-5.852708307931209220e-02
-5.343347460524938697e-02
-4.833986613118668174e-02
-4.833986613118668174e-02
-5.343347460524938697e-02
-5.852708307931209220e-02
-5.852708307931209220e-02
-5.598027884228073958e-02
-5.088667036821803435e-02
-4.579306189415532913e-02
-4.833986613118668174e-02
-4.833986613118668174e-02
-5.343347460524938697e-02
-5.343347460524938697e-02
-5.852708307931209220e-02
-5.852708307931209220e-02
-5.343347460524938697e-02
-5.343347460524938697e-02
-4.579306189415532913e-02
-5.088667036821803435e-02
-6.107388731634344481e-02
-6.107388731634344481e-02
-5.088667036821803435e-02
-5.598027884228073958e-02
-4.579306189415532913e-02
-4.833986613118668174e-02
-5.343347460524938697e-02
-5.343347460524938697e-02
-6.107388731634344481e-02
-5.598027884228073958e-02
-5.343347460524938697e-02
-5.343347460524938697e-02
-4.833986613118668174e-02
-4.579306189415532913e-02
-5.088667036821803435e-02
-5.343347460524938697e-02
-6.107388731634344481e-02
-5.088667036821803435e-02
-5.343347460524938697e-02
-4.833986613118668174e-02
-4.833986613118668174e-02
-5.343347460524938697e-02
-5.343347460524938697e-02
-6.107388731634344481e-02
-5.852708307931209220e-02
-5.088667036821803435e-02
-4.833986613118668174e-02
-4.833986613118668174e-02
-5.598027884228073958e-02
-5.343347460524938697e-02
-6.107388731634344481e-02
-5.852708307931209220e-02
-5.343347460524938697e-02
-4.833986613118668174e-02
-4.833986613118668174e-02
-5.088667036821803435e-02
-5.088667036821803435e-02
-5.852708307931209220e-02
-6.107388731634344481e-02
-5.343347460524938697e-02
-4.579306189415532913e-02
-4.833986613118668174e-02
-5.343347460524938697e-02
-5.343347460524938697e-02
-5.088667036821803435e-02
-5.088667036821803435e-02
-5.343347460524938697e-02
-4.833986613118668174e-02
-4.579306189415532913e-02
-5.343347460524938697e-02
-5.852708307931209220e-02
-5.852708307931209220e-02
-5.852708307931209220e-02
-5.343347460524938697e-02
-5.343347460524938697e-02
-4.833986613118668174e-02
-5.343347460524938697e-02
-5.343347460524938697e-02
-5.852708307931209220e-02
-5.852708307931209220e-02
-5.343347460524938697e-02
-5.343347460524938697e-02
-4.579306189415532913e-02
-4.833986613118668174e-02
-5.343347460524938697e-02
-5.343347460524938697e-02
-6.107388731634344481e-02
-5.343347460524938697e-02
-5.343347460524938697e-02
-4.579306189415532913e-02
-5.343347460524938697e-02
-5.343347460524938697e-02
-6.107388731634344481e-02
-6.107388731634344481e-02
-5.343347460524938697e-02
-5.343347460524938697e-02
-4.579306189415532913e-02
-4.833986613118668174e-02
-5.343347460524938697e-02
-5.343347460524938697e-02
-5.852708307931209220e-02
-5.088667036821803435e-02
-5.343347460524938697e-02
-5.343347460524938697e-02
-4.833986613118668174e-02
-4.579306189415532913e-02
-5.343347460524938697e-02
-5.852708307931209220e-02
-5.852708307931209220e-02
-5.343347460524938697e-02
-5.343347460524938697e-02
-4.833986613118668174e-02
-4.579306189415532913e-02
-5.088667036821803435e-02
-5.088667036821803435e-02
-5.852708307931209220e-02
-5.343347460524938697e-02
-5.343347460524938697e-02
-4.833986613118668174e-02
-4.579306189415532913e-02
-5.088667036821803435e-02
-5.343347460524938697e-02
-6.107388731634344481e-02
-5.852708307931209220e-02
-5.343347460524938697e-02
-4.833986613118668174e-02
-4.833986613118668174e-02
-5.343347460524938697e-02
-5.343347460524938697e-02
-5.852708307931209220e-02
-5.852708307931209220e-02
-5.088667036821803435e-02
-4.833986613118668174e-02
-4.579306189415532913e-02
-5.343347460524938697e-02
-6.107388731634344481e-02
-5.852708307931209220e-02
-5.343347460524938697e-02
-5.343347460524938697e-02
-4.579306189415532913e-02
-4.579306189415532913e-02
-5.343347460524938697e-02
-5.852708307931209220e-02
-6.107388731634344481e-02
-6.107388731634344481e-02
-5.343347460524938697e-02
-4.579306189415532913e-02
-5.088667036821803435e-02
-5.343347460524938697e-02
-5.343347460524938697e-02
-5.852708307931209220e-02
-5.852708307931209220e-02
-5.088667036821803435e-02
-5.343347460524938697e-02
-4.833986613118668174e-02
-4.579306189415532913e-02
-5.343347460524938697e-02
-5.852708307931209220e-02
-6.107388731634344481e-02
-5.343347460524938697e-02
-5.343347460524938697e-02
-4.579306189415532913e-02
-5.343347460524938697e-02
-5.343347460524938697e-02
-5.852708307931209220e-02
-6.107388731634344481e-02
-5.343347460524938697e-02
-5.343347460524938697e-02
-5.088667036821803435e-02
-4.579306189415532913e-02
-5.343347460524938697e-02
-5.852708307931209220e-02
-5.852708307931209220e-02
-5.343347460524938697e-02
-5.088667036821803435e-02
-5.598027884228073958e-02
-4.833986613118668174e-02
-4.833986613118668174e-02
-5.343347460524938697e-02
-6.107388731634344481e-02
-5.852708307931209220e-02
-5.343347460524938697e-02
-5.343347460524938697e-02
-4.579306189415532913e-02
-4.833986613118668174e-02
-5.088667036821803435e-02
-5.598027884228073958e-02
-5.852708307931209220e-02
-5.343347460524938697e-02
-5.088667036821803435e-02
-4.579306189415532913e-02
-4.833986613118668174e-02
-5.088667036821803435e-02
-6.107388731634344481e-02
-5.598027884228073958e-02
-5.088667036821803435e-02
-5.343347460524938697e-02
-4.833986613118668174e-02
-4.833986613118668174e-02
-5.343347460524938697e-02
-5.088667036821803435e-02
-5.852708307931209220e-02
-5.343347460524938697e-02
-4.579306189415532913e-02
-4.833986613118668174e-02
-5.343347460524938697e-02
-5.343347460524938697e-02
-5.343347460524938697e-02
-5.852708307931209220e-02
-6.107388731634344481e-02
-5.343347460524938697e-02
-5.343347460524938697e-02
-4.579306189415532913e-02
-5.343347460524938697e-02
-5.598027884228073958e-02
-5.852708307931209220e-02
-5.088667036821803435e-02
-5.343347460524938697e-02
-4.833986613118668174e-02
-4.833986613118668174e-02
-5.343347460524938697e-02
-6.107388731634344481e-02
-5.852708307931209220e-02
-5.852708307931209220e-02
-5.343347460524938697e-02
-5.343347460524938697e-02
-4.833986613118668174e-02
-5.343347460524938697e-02
-5.343347460524938697e-02
-5.852708307931209220e-02
-5.343347460524938697e-02
-5.343347460524938697e-02
-4.579306189415532913e-02
-4.579306189415532913e-02
-5.343347460524938697e-02
-5.343347460524938697e-02
-5.852708307931209220e-02
-5.852708307931209220e-02
-5.088667036821803435e-02
-5.343347460524938697e-02
-4.833986613118668174e-02
-4.833986613118668174e-02
-5.343347460524938697e-02
-5.343347460524938697e-02
-5.852708307931209220e-02
-5.088667036821803435e-02
-5.088667036821803435e-02
-5.088667036821803435e-02
-4.833986613118668174e-02
-5.088667036821803435e-02
-5.343347460524938697e-02
-6.107388731634344481e-02
-5.852708307931209220e-02
-5.343347460524938697e-02
-4.579306189415532913e-02
-5.343347460524938697e-02
-5.343347460524938697e-02
-6.107388731634344481e-02
-5.598027884228073958e-02
-5.088667036821803435e-02
-4.579306189415532913e-02
-5.088667036821803435e-02
-5.343347460524938697e-02
-5.343347460524938697e-02
-5.343347460524938697e-02
-5.852708307931209220e-02
-5.343347460524938697e-02
-4.833986613118668174e-02
-4.833986613118668174e-02
-4.579306189415532913e-02
-5.343347460524938697e-02
-5.852708307931209220e-02
-6.107388731634344481e-02
-5.598027884228073958e-02
-5.088667036821803435e-02
-4.579306189415532913e-02
-5.343347460524938697e-02
-5.343347460524938697e-02
-5.852708307931209220e-02
-6.107388731634344481e-02
-5.343347460524938697e-02
-5.343347460524938697e-02
-4.833986613118668174e-02
-4.833986613118668174e-02
-5.343347460524938697e-02
-6.107388731634344481e-02
-6.107388731634344481e-02
-5.343347460524938697e-02
-5.343347460524938697e-02
-4.579306189415532913e-02
-4.579306189415532913e-02
-5.343347460524938697e-02
-5.088667036821803435e-02
-6.107388731634344481e-02
-5.088667036821803435e-02
-5.343347460524938697e-02
-4.579306189415532913e-02
-4.579306189415532913e-02
-5.343347460524938697e-02
-5.088667036821803435e-02
-6.107388731634344481e-02
-5.343347460524938697e-02
-5.343347460524938697e-02
-5.088667036821803435e-02
-4.579306189415532913e-02
-5.343347460524938697e-02
-5.343347460524938697e-02
-6.107388731634344481e-02
-6.107388731634344481e-02
-5.088667036821803435e-02
-5.343347460524938697e-02
-4.833986613118668174e-02
-4.833986613118668174e-02
-5.343347460524938697e-02
-5.343347460524938697e-02
-5.852708307931209220e-02
-5.852708307931209220e-02
-5.343347460524938697e-02
-4.833986613118668174e-02
-4.579306189415532913e-02
-5.343347460524938697e-02
-6.107388731634344481e-02
-5.852708307931209220e-02
-5.343347460524938697e-02
-5.088667036821803435e-02
-4.833986613118668174e-02
-5.343347460524938697e-02
-5.343347460524938697e-02
-5.852708307931209220e-02
-6.107388731634344481e-02
-6.107388731634344481e-02
-5.343347460524938697e-02
-5.343347460524938697e-02
-4.833986613118668174e-02
-4.833986613118668174e-02
-5.088667036821803435e-02
-5.852708307931209220e-02
-6.107388731634344481e-02
-5.343347460524938697e-02
-5.343347460524938697e-02
-4.833986613118668174e-02
-5.343347460524938697e-02
-5.343347460524938697e-02
-5.852708307931209220e-02
-5.343347460524938697e-02
-5.343347460524938697e-02
-5.343347460524938697e-02
-4.833986613118668174e-02
-4.833986613118668174e-02
-5.343347460524938697e-02
-5.088667036821803435e-02
-5.852708307931209220e-02
-5.852708307931209220e-02
-5.343347460524938697e-02
-4.833986613118668174e-02
-4.833986613118668174e-02
-5.343347460524938697e-02
-5.343347460524938697e-02
-5.852708307931209220e-02
-5.852708307931209220e-02
-5.343347460524938697e-02
-5.343347460524938697e-02
-4.579306189415532913e-02
-4.579306189415532913e-02
-5.343347460524938697e-02
-5.852708307931209220e-02
-5.598027884228073958e-02
-5.343347460524938697e-02
-4.833986613118668174e-02
-4.579306189415532913e-02
-5.343347460524938697e-02
-5.343347460524938697e-02
-5.852708307931209220e-02
-5.852708307931209220e-02
-5.088667036821803435e-02
-5.343347460524938697e-02
-4.833986613118668174e-02
-5.343347460524938697e-02
-5.343347460524938697e-02
-5.343347460524938697e-02
-5.852708307931209220e-02
-5.852708307931209220e-02
-5.088667036821803435e-02
-5.343347460524938697e-02
-4.833986613118668174e-02
-4.833986613118668174e-02
-5.343347460524938697e-02
-5.343347460524938697e-02
-5.852708307931209220e-02
-5.343347460524938697e-02
-5.343347460524938697e-02
-4.833986613118668174e-02
-5.343347460524938697e-02
-5.343347460524938697e-02
-6.107388731634344481e-02
-5.852708307931209220e-02
-5.343347460524938697e-02
-5.088667036821803435e-02
-4.833986613118668174e-02
-4.579306189415532913e-02
-5.343347460524938697e-02
-5.343347460524938697e-02
-6.107388731634344481e-02
-5.852708307931209220e-02
-5.598027884228073958e-02
-5.088667036821803435e-02
-4.579306189415532913e-02
-5.343347460524938697e-02
-5.343347460524938697e-02
-6.107388731634344481e-02
-5.852708307931209220e-02
-5.343347460524938697e-02
-5.343347460524938697e-02
-4.833986613118668174e-02
-4.579306189415532913e-02
-5.088667036821803435e-02
-5.088667036821803435e-02
-5.852708307931209220e-02
-5.598027884228073958e-02
-5.598027884228073958e-02
-5.343347460524938697e-02
-5.088667036821803435e-02
-5.088667036821803435e-02
-5.598027884228073958e-02
-6.107388731634344481e-02
-5.852708307931209220e-02
-5.852708307931209220e-02
-5.343347460524938697e-02
-4.833986613118668174e-02
-4.579306189415532913e-02
-5.343347460524938697e-02
-5.088667036821803435e-02
-6.107388731634344481e-02
-5.852708307931209220e-02
-5.088667036821803435e-02
-5.343347460524938697e-02
-5.088667036821803435e-02
-4.833986613118668174e-02
-4.833986613118668174e-02
-5.088667036821803435e-02
-5.852708307931209220e-02
-5.852708307931209220e-02
-5.343347460524938697e-02
-5.088667036821803435e-02
-4.579306189415532913e-02
-5.343347460524938697e-02
-5.343347460524938697e-02
-6.107388731634344481e-02
-6.107388731634344481e-02
-5.343347460524938697e-02
-5.343347460524938697e-02
-4.833986613118668174e-02
-5.343347460524938697e-02
-5.343347460524938697e-02
-5.852708307931209220e-02
-5.852708307931209220e-02
-5.852708307931209220e-02
-5.343347460524938697e-02
-5.088667036821803435e-02
-4.833986613118668174e-02
-4.833986613118668174e-02
-5.343347460524938697e-02
-5.088667036821803435e-02
-6.107388731634344481e-02
-5.598027884228073958e-02
-5.343347460524938697e-02
-5.088667036821803435e-02
-4.579306189415532913e-02
-4.833986613118668174e-02
-5.343347460524938697e-02
-5.852708307931209220e-02
-5.852708307931209220e-02
-5.343347460524938697e-02
-5.088667036821803435e-02
-4.833986613118668174e-02
-4.579306189415532913e-02
-5.343347460524938697e-02
-6.107388731634344481e-02
-5.852708307931209220e-02
-5.343347460524938697e-02
-5.343347460524938697e-02
-5.088667036821803435e-02
-5.088667036821803435e-02
-5.343347460524938697e-02
-5.343347460524938697e-02
-5.852708307931209220e-02
-5.852708307931209220e-02
-5.088667036821803435e-02
-5.088667036821803435e-02
-4.579306189415532913e-02
-5.343347460524938697e-02
-5.343347460524938697e-02
-5.852708307931209220e-02
-5.852708307931209220e-02
-5.088667036821803435e-02
-5.343347460524938697e-02
-4.833986613118668174e-02
-4.579306189415532913e-02
-5.088667036821803435e-02
-5.852708307931209220e-02
-5.598027884228073958e-02
-5.088667036821803435e-02
-5.343347460524938697e-02
-4.579306189415532913e-02
-5.343347460524938697e-02
-5.343347460524938697e-02
-5.852708307931209220e-02
-5.598027884228073958e-02
-5.343347460524938697e-02
-4.579306189415532913e-02
-4.833986613118668174e-02
-5.343347460524938697e-02
-5.343347460524938697e-02
-5.852708307931209220e-02
-6.107388731634344481e-02
-5.852708307931209220e-02
-5.088667036821803435e-02
-5.088667036821803435e-02
-4.579306189415532913e-02
-5.088667036821803435e-02
-5.343347460524938697e-02
-5.852708307931209220e-02
-5.852708307931209220e-02
-5.343347460524938697e-02
-4.833986613118668174e-02
-4.833986613118668174e-02
-5.088667036821803435e-02
-5.598027884228073958e-02
-6.107388731634344481e-02
-5.852708307931209220e-02
-5.343347460524938697e-02
-5.343347460524938697e-02
-4.833986613118668174e-02
-4.833986613118668174e-02
-5.088667036821803435e-02
-5.343347460524938697e-02
-6.107388731634344481e-02
-6.107388731634344481e-02
-5.088667036821803435e-02
-5.343347460524938697e-02
-4.579306189415532913e-02
-5.088667036821803435e-02
-5.088667036821803435e-02
-6.107388731634344481e-02
-5.852708307931209220e-02
-5.088667036821803435e-02
-5.343347460524938697e-02
-4.579306189415532913e-02
-4.833986613118668174e-02
-5.343347460524938697e-02
-5.852708307931209220e-02
-5.852708307931209220e-02
-5.343347460524938697e-02
-4.579306189415532913e-02
-4.833986613118668174e-02
-4.833986613118668174e-02
-5.088667036821803435e-02
-5.088667036821803435e-02
-6.107388731634344481e-02
-5.343347460524938697e-02
-5.343347460524938697e-02
-4.579306189415532913e-02
-4.833986613118668174e-02
-5.343347460524938697e-02
-5.343347460524938697e-02
-5.852708307931209220e-02
-6.107388731634344481e-02
-5.343347460524938697e-02
-4.833986613118668174e-02
-4.833986613118668174e-02
-5.343347460524938697e-02
-5.343347460524938697e-02
-5.852708307931209220e-02
-5.852708307931209220e-02
-5.088667036821803435e-02
-5.343347460524938697e-02
-4.833986613118668174e-02
-4.579306189415532913e-02
-5.343347460524938697e-02
-5.852708307931209220e-02
-5.852708307931209220e-02
-5.343347460524938697e-02
-5.343347460524938697e-02
-4.833986613118668174e-02
-4.579306189415532913e-02
-5.088667036821803435e-02
-5.088667036821803435e-02
-5.852708307931209220e-02
-5.343347460524938697e-02
-5.343347460524938697e-02
-4.579306189415532913e-02
-5.088667036821803435e-02
-5.343347460524938697e-02
-5.343347460524938697e-02
-6.107388731634344481e-02
-5.852708307931209220e-02
-5.343347460524938697e-02
-5.343347460524938697e-02
-4.833986613118668174e-02
-4.579306189415532913e-02
-5.343347460524938697e-02
-5.852708307931209220e-02
-5.852708307931209220e-02
-5.343347460524938697e-02
-4.833986613118668174e-02
-5.088667036821803435e-02
-5.343347460524938697e-02
-5.343347460524938697e-02
-5.343347460524938697e-02
-5.852708307931209220e-02
-5.852708307931209220e-02
-5.088667036821803435e-02
-5.343347460524938697e-02
-4.579306189415532913e-02
-5.343347460524938697e-02
-5.343347460524938697e-02
-5.852708307931209220e-02
-5.852708307931209220e-02
-5.343347460524938697e-02
-5.343347460524938697e-02
-4.579306189415532913e-02
-4.833986613118668174e-02
-5.088667036821803435e-02
-5.343347460524938697e-02
-5.852708307931209220e-02
-5.852708307931209220e-02
-5.343347460524938697e-02
-4.833986613118668174e-02
-5.343347460524938697e-02
-5.343347460524938697e-02
-5.343347460524938697e-02
-5.852708307931209220e-02
-5.598027884228073958e-02
-5.088667036821803435e-02
-5.343347460524938697e-02
-4.579306189415532913e-02
-4.579306189415532913e-02
-5.343347460524938697e-02
-5.343347460524938697e-02
-5.852708307931209220e-02
-5.852708307931209220e-02
-5.343347460524938697e-02
-4.833986613118668174e-02
-4.579306189415532913e-02
-5.343347460524938697e-02
-5.343347460524938697e-02
-5.852708307931209220e-02
-5.598027884228073958e-02
-5.088667036821803435e-02
-4.833986613118668174e-02
-5.343347460524938697e-02
-4.833986613118668174e-02
-5.088667036821803435e-02
-5.343347460524938697e-02
-5.852708307931209220e-02
-5.343347460524938697e-02
-5.343347460524938697e-02
-4.833986613118668174e-02
-5.598027884228073958e-02
-5.343347460524938697e-02
-5.343347460524938697e-02
-5.852708307931209220e-02
-5.852708307931209220e-02
-5.343347460524938697e-02
-5.343347460524938697e-02
-4.833986613118668174e-02
-5.088667036821803435e-02
-5.088667036821803435e-02
-5.343347460524938697e-02
-5.852708307931209220e-02
-6.107388731634344481e-02
-5.088667036821803435e-02
-4.833986613118668174e-02
-4.579306189415532913e-02
-5.088667036821803435e-02
-5.343347460524938697e-02
-6.107388731634344481e-02
-5.343347460524938697e-02
-5.088667036821803435e-02
-5.088667036821803435e-02
-4.833986613118668174e-02
-5.343347460524938697e-02
-5.088667036821803435e-02
-5.852708307931209220e-02
-6.107388731634344481e-02
-5.343347460524938697e-02
-5.343347460524938697e-02
-4.579306189415532913e-02
-4.833986613118668174e-02
-5.088667036821803435e-02
-5.343347460524938697e-02
-5.852708307931209220e-02
-6.107388731634344481e-02
-5.088667036821803435e-02
-5.343347460524938697e-02
-4.579306189415532913e-02
-4.833986613118668174e-02
-5.343347460524938697e-02
-5.343347460524938697e-02
-5.852708307931209220e-02
-5.088667036821803435e-02
-5.088667036821803435e-02
-4.833986613118668174e-02
-5.088667036821803435e-02
-5.343347460524938697e-02
-5.343347460524938697e-02
-6.107388731634344481e-02
-5.852708307931209220e-02
-5.343347460524938697e-02
-5.343347460524938697e-02
-5.088667036821803435e-02
-5.343347460524938697e-02
-6.107388731634344481e-02
-6.107388731634344481e-02
-5.088667036821803435e-02
-5.343347460524938697e-02
-5.088667036821803435e-02
-4.579306189415532913e-02
-5.343347460524938697e-02
-5.088667036821803435e-02
-5.852708307931209220e-02
-6.107388731634344481e-02
-5.343347460524938697e-02
-5.088667036821803435e-02
-4.833986613118668174e-02
-4.579306189415532913e-02
-5.343347460524938697e-02
-5.088667036821803435e-02
-6.107388731634344481e-02
-5.852708307931209220e-02
-5.088667036821803435e-02
-4.833986613118668174e-02
-4.833986613118668174e-02
-4.579306189415532913e-02
-5.088667036821803435e-02
-5.852708307931209220e-02
-5.852708307931209220e-02
-5.343347460524938697e-02
-4.579306189415532913e-02
-4.579306189415532913e-02
-4.833986613118668174e-02
-5.343347460524938697e-02
-6.107388731634344481e-02
-5.852708307931209220e-02
-5.343347460524938697e-02
-5.343347460524938697e-02
-4.833986613118668174e-02
-4.833986613118668174e-02
-5.343347460524938697e-02
-5.088667036821803435e-02
-6.107388731634344481e-02
-6.107388731634344481e-02
-5.343347460524938697e-02
-5.088667036821803435e-02
-4.579306189415532913e-02
-4.579306189415532913e-02
-5.343347460524938697e-02
-5.088667036821803435e-02
-6.107388731634344481e-02
-5.343347460524938697e-02
-5.088667036821803435e-02
-5.343347460524938697e-02
-4.833986613118668174e-02
-5.343347460524938697e-02
-5.343347460524938697e-02
-5.852708307931209220e-02
-6.107388731634344481e-02
-5.088667036821803435e-02
-5.343347460524938697e-02
-4.579306189415532913e-02
-4.833986613118668174e-02
-5.343347460524938697e-02
-6.107388731634344481e-02
-5.852708307931209220e-02
-5.343347460524938697e-02
-5.343347460524938697e-02
-4.833986613118668174e-02
-5.343347460524938697e-02
-5.088667036821803435e-02
-5.852708307931209220e-02
-5.852708307931209220e-02
-5.343347460524938697e-02
-5.343347460524938697e-02
-4.579306189415532913e-02
-5.343347460524938697e-02
-4.833986613118668174e-02
-5.343347460524938697e-02
-5.852708307931209220e-02
-5.852708307931209220e-02
-5.088667036821803435e-02
-5.343347460524938697e-02
-4.833986613118668174e-02
-5.343347460524938697e-02
-5.343347460524938697e-02
-5.852708307931209220e-02
-5.852708307931209220e-02
-5.598027884228073958e-02
-5.343347460524938697e-02
-4.579306189415532913e-02
-4.579306189415532913e-02
-5.343347460524938697e-02
-6.107388731634344481e-02
-6.107388731634344481e-02
-5.852708307931209220e-02
-5.343347460524938697e-02
-5.343347460524938697e-02
-5.088667036821803435e-02
-5.088667036821803435e-02
-5.088667036821803435e-02
-5.852708307931209220e-02
-6.107388731634344481e-02
-5.343347460524938697e-02
-4.833986613118668174e-02
-5.343347460524938697e-02
-5.343347460524938697e-02
-5.343347460524938697e-02
-5.852708307931209220e-02
-5.852708307931209220e-02
-5.343347460524938697e-02
-5.343347460524938697e-02
-4.579306189415532913e-02
-5.088667036821803435e-02
-5.343347460524938697e-02
-6.107388731634344481e-02
-5.852708307931209220e-02
-5.343347460524938697e-02
-5.343347460524938697e-02
-4.579306189415532913e-02
-5.343347460524938697e-02
-5.343347460524938697e-02
-5.343347460524938697e-02
-5.852708307931209220e-02
-5.852708307931209220e-02
-4.833986613118668174e-02
-4.579306189415532913e-02
-4.833986613118668174e-02
-5.088667036821803435e-02
-5.852708307931209220e-02
-6.107388731634344481e-02
-5.343347460524938697e-02
-5.343347460524938697e-02
-4.579306189415532913e-02
-4.833986613118668174e-02
-5.343347460524938697e-02
-5.088667036821803435e-02
-6.107388731634344481e-02
-5.088667036821803435e-02
-5.343347460524938697e-02
-5.088667036821803435e-02
-4.579306189415532913e-02
-5.343347460524938697e-02
-5.088667036821803435e-02
-6.107388731634344481e-02
-5.598027884228073958e-02
-5.343347460524938697e-02
-5.088667036821803435e-02
-4.579306189415532913e-02
-5.343347460524938697e-02
-5.343347460524938697e-02
-5.852708307931209220e-02
-5.852708307931209220e-02
-5.088667036821803435e-02
-5.088667036821803435e-02
-5.343347460524938697e-02
-4.833986613118668174e-02
-5.343347460524938697e-02
-5.088667036821803435e-02
-5.852708307931209220e-02
-5.598027884228073958e-02
-5.343347460524938697e-02
-4.833986613118668174e-02
-4.579306189415532913e-02
-5.088667036821803435e-02
-6.107388731634344481e-02
-5.852708307931209220e-02
-5.343347460524938697e-02
-5.088667036821803435e-02
-4.833986613118668174e-02
-4.833986613118668174e-02
-4.833986613118668174e-02
-5.598027884228073958e-02
-5.343347460524938697e-02
-5.852708307931209220e-02
-5.343347460524938697e-02
-5.343347460524938697e-02
-4.579306189415532913e-02
-4.579306189415532913e-02
-5.088667036821803435e-02
-5.343347460524938697e-02
-5.852708307931209220e-02
-5.343347460524938697e-02
-5.088667036821803435e-02
-4.833986613118668174e-02
-4.579306189415532913e-02
-5.088667036821803435e-02
-5.343347460524938697e-02
-5.852708307931209220e-02
-5.852708307931209220e-02
-5.343347460524938697e-02
-4.579306189415532913e-02
-4.833986613118668174e-02
-5.343347460524938697e-02
-5.088667036821803435e-02
-5.852708307931209220e-02
-5.852708307931209220e-02
-5.343347460524938697e-02
-4.579306189415532913e-02
-4.833986613118668174e-02
-5.343347460524938697e-02
-5.088667036821803435e-02
-5.852708307931209220e-02
-5.852708307931209220e-02
-5.088667036821803435e-02
-4.833986613118668174e-02
-4.833986613118668174e-02
-5.088667036821803435e-02
-6.107388731634344481e-02
-5.852708307931209220e-02
-6.107388731634344481e-02
-5.343347460524938697e-02
-4.833986613118668174e-02
-5.343347460524938697e-02
-5.088667036821803435e-02
-5.852708307931209220e-02
-5.852708307931209220e-02
-5.343347460524938697e-02
-5.088667036821803435e-02
-5.088667036821803435e-02
-5.598027884228073958e-02
-5.088667036821803435e-02
-5.852708307931209220e-02
-5.852708307931209220e-02
-5.343347460524938697e-02
-4.833986613118668174e-02
-4.579306189415532913e-02
-5.343347460524938697e-02
-5.088667036821803435e-02
-5.852708307931209220e-02
-5.852708307931209220e-02
-5.343347460524938697e-02
-5.343347460524938697e-02
-4.579306189415532913e-02
-4.579306189415532913e-02
-5.343347460524938697e-02
-5.343347460524938697e-02
-5.598027884228073958e-02
-5.088667036821803435e-02
-5.088667036821803435e-02
-4.579306189415532913e-02
-4.833986613118668174e-02
-5.088667036821803435e-02
-6.107388731634344481e-02
-6.107388731634344481e-02
-5.852708307931209220e-02
-5.343347460524938697e-02
-5.343347460524938697e-02
-4.579306189415532913e-02
-5.343347460524938697e-02
-5.343347460524938697e-02
-5.343347460524938697e-02
-5.852708307931209220e-02
-5.343347460524938697e-02
-5.343347460524938697e-02
-5.598027884228073958e-02
-4.579306189415532913e-02
-5.343347460524938697e-02
-5.343347460524938697e-02
-5.852708307931209220e-02
-5.852708307931209220e-02
-5.343347460524938697e-02
-4.833986613118668174e-02
-5.343347460524938697e-02
-5.088667036821803435e-02
-5.343347460524938697e-02
-6.107388731634344481e-02
-5.088667036821803435e-02
-5.088667036821803435e-02
-5.343347460524938697e-02
-4.833986613118668174e-02
-5.088667036821803435e-02
-5.088667036821803435e-02
-5.852708307931209220e-02
-5.852708307931209220e-02
-5.088667036821803435e-02
-5.343347460524938697e-02
-5.088667036821803435e-02
-4.833986613118668174e-02
-5.088667036821803435e-02
-5.343347460524938697e-02
-5.852708307931209220e-02
-6.107388731634344481e-02
-5.343347460524938697e-02
-4.579306189415532913e-02
-4.579306189415532913e-02
-5.088667036821803435e-02
-5.088667036821803435e-02
-5.852708307931209220e-02
-5.852708307931209220e-02
-5.088667036821803435e-02
-5.343347460524938697e-02
-4.833986613118668174e-02
-4.833986613118668174e-02
-5.343347460524938697e-02
-5.852708307931209220e-02
-5.852708307931209220e-02
-5.088667036821803435e-02
-4.833986613118668174e-02
-4.833986613118668174e-02
-5.343347460524938697e-02
-5.343347460524938697e-02
-5.852708307931209220e-02
-5.852708307931209220e-02
-5.343347460524938697e-02
-5.088667036821803435e-02
-4.833986613118668174e-02
-4.833986613118668174e-02
-5.343347460524938697e-02
-5.088667036821803435e-02
-6.107388731634344481e-02
-5.343347460524938697e-02
-5.343347460524938697e-02
-4.579306189415532913e-02
-4.579306189415532913e-02
-5.343347460524938697e-02
-5.088667036821803435e-02
-5.852708307931209220e-02
-6.107388731634344481e-02
-5.343347460524938697e-02
-4.579306189415532913e-02
-4.833986613118668174e-02
-5.088667036821803435e-02
-5.088667036821803435e-02
-6.107388731634344481e-02
-6.107388731634344481e-02
-5.343347460524938697e-02
-5.343347460524938697e-02
-4.833986613118668174e-02
-5.343347460524938697e-02
-5.343347460524938697e-02
-5.852708307931209220e-02
-5.852708307931209220e-02
-5.343347460524938697e-02
-5.088667036821803435e-02
-4.833986613118668174e-02
-4.833986613118668174e-02
-5.343347460524938697e-02
-6.107388731634344481e-02
-5.852708307931209220e-02
-5.852708307931209220e-02
-5.088667036821803435e-02
-5.088667036821803435e-02
-4.833986613118668174e-02
-5.343347460524938697e-02
-5.343347460524938697e-02
-5.343347460524938697e-02
-5.852708307931209220e-02
-5.852708307931209220e-02
-5.343347460524938697e-02
-5.088667036821803435e-02
-4.833986613118668174e-02
-4.579306189415532913e-02
-5.088667036821803435e-02
-5.343347460524938697e-02
-5.852708307931209220e-02
-5.852708307931209220e-02
-5.343347460524938697e-02
-5.343347460524938697e-02
-4.579306189415532913e-02
-5.088667036821803435e-02
-5.343347460524938697e-02
-5.852708307931209220e-02
-5.852708307931209220e-02
-5.343347460524938697e-02
-5.343347460524938697e-02
-4.579306189415532913e-02
-4.833986613118668174e-02
-5.343347460524938697e-02
-5.343347460524938697e-02
-5.852708307931209220e-02
-5.343347460524938697e-02
-5.343347460524938697e-02
-4.833986613118668174e-02
-5.088667036821803435e-02
-5.343347460524938697e-02
-6.107388731634344481e-02
-5.852708307931209220e-02
-5.343347460524938697e-02
-5.343347460524938697e-02
-4.579306189415532913e-02
-4.579306189415532913e-02
-5.343347460524938697e-02
-5.088667036821803435e-02
-5.852708307931209220e-02
-5.343347460524938697e-02
-5.088667036821803435e-02
-5.343347460524938697e-02
-4.579306189415532913e-02
-5.088667036821803435e-02
-5.088667036821803435e-02
-5.852708307931209220e-02
-5.852708307931209220e-02
-5.088667036821803435e-02
-4.579306189415532913e-02
-4.579306189415532913e-02
-5.343347460524938697e-02
-5.088667036821803435e-02
-6.107388731634344481e-02
-5.852708307931209220e-02
-5.343347460524938697e-02
-5.088667036821803435e-02
-4.833986613118668174e-02
-4.833986613118668174e-02
-5.343347460524938697e-02
-5.088667036821803435e-02
-5.852708307931209220e-02
-5.852708307931209220e-02
-5.088667036821803435e-02
-4.833986613118668174e-02
-5.088667036821803435e-02
-5.343347460524938697e-02
-5.343347460524938697e-02
-5.852708307931209220e-02
-5.852708307931209220e-02
-5.088667036821803435e-02
-5.088667036821803435e-02
-4.579306189415532913e-02
-4.833986613118668174e-02
-4.833986613118668174e-02
-5.343347460524938697e-02
-5.852708307931209220e-02
-6.107388731634344481e-02
-5.343347460524938697e-02
-5.343347460524938697e-02
-4.579306189415532913e-02
-4.579306189415532913e-02
-5.088667036821803435e-02
-5.343347460524938697e-02
-6.107388731634344481e-02
-5.088667036821803435e-02
-5.088667036821803435e-02
-4.324625765712397651e-02
-4.833986613118668174e-02
-5.343347460524938697e-02
-5.343347460524938697e-02
-5.852708307931209220e-02
-5.852708307931209220e-02
-5.598027884228073958e-02
-4.833986613118668174e-02
-4.833986613118668174e-02
-5.343347460524938697e-02
-5.343347460524938697e-02
-5.598027884228073958e-02
-5.088667036821803435e-02
-5.088667036821803435e-02
-4.833986613118668174e-02
-4.833986613118668174e-02
-5.343347460524938697e-02
-5.852708307931209220e-02
-5.343347460524938697e-02
-6.107388731634344481e-02
-5.343347460524938697e-02
-5.088667036821803435e-02
-4.579306189415532913e-02
-4.833986613118668174e-02
-5.343347460524938697e-02
-5.088667036821803435e-02
-5.852708307931209220e-02
-6.107388731634344481e-02
-5.088667036821803435e-02
-5.343347460524938697e-02
-4.579306189415532913e-02
-4.579306189415532913e-02
-5.343347460524938697e-02
-5.852708307931209220e-02
-5.852708307931209220e-02
-5.088667036821803435e-02
-5.088667036821803435e-02
-4.579306189415532913e-02
-5.088667036821803435e-02
-5.088667036821803435e-02
-5.852708307931209220e-02
-5.852708307931209220e-02
-5.343347460524938697e-02
-5.598027884228073958e-02
-4.579306189415532913e-02
-5.343347460524938697e-02
-5.343347460524938697e-02
-5.088667036821803435e-02
-5.852708307931209220e-02
-5.343347460524938697e-02
-5.343347460524938697e-02
-4.579306189415532913e-02
-4.579306189415532913e-02
-5.343347460524938697e-02
-6.107388731634344481e-02
-5.852708307931209220e-02
-5.343347460524938697e-02
-4.833986613118668174e-02
-5.343347460524938697e-02
-4.833986613118668174e-02
-5.088667036821803435e-02
-5.088667036821803435e-02
-5.852708307931209220e-02
-5.852708307931209220e-02
-5.088667036821803435e-02
-4.579306189415532913e-02
-4.833986613118668174e-02
-5.088667036821803435e-02
-5.343347460524938697e-02
-5.598027884228073958e-02
-5.088667036821803435e-02
-5.343347460524938697e-02
-4.833986613118668174e-02
-4.579306189415532913e-02
-5.088667036821803435e-02
-5.343347460524938697e-02
-5.852708307931209220e-02
-5.343347460524938697e-02
-5.343347460524938697e-02
-5.088667036821803435e-02
-4.579306189415532913e-02
-4.579306189415532913e-02
-5.343347460524938697e-02
-5.088667036821803435e-02
-5.852708307931209220e-02
-5.343347460524938697e-02
-5.343347460524938697e-02
-4.579306189415532913e-02
-5.343347460524938697e-02
-5.088667036821803435e-02
-5.343347460524938697e-02
-6.107388731634344481e-02
-5.343347460524938697e-02
-5.088667036821803435e-02
-4.833986613118668174e-02
-5.343347460524938697e-02
-5.343347460524938697e-02
-5.852708307931209220e-02
-5.852708307931209220e-02
-5.088667036821803435e-02
-5.343347460524938697e-02
-4.833986613118668174e-02
-5.343347460524938697e-02
-5.088667036821803435e-02
-5.088667036821803435e-02
-5.852708307931209220e-02
-5.343347460524938697e-02
-5.598027884228073958e-02
-4.579306189415532913e-02
-4.833986613118668174e-02
-5.343347460524938697e-02
-5.343347460524938697e-02
-5.852708307931209220e-02
-5.852708307931209220e-02
-5.088667036821803435e-02
-4.579306189415532913e-02
-4.833986613118668174e-02
-5.088667036821803435e-02
-5.343347460524938697e-02
-5.852708307931209220e-02
-5.852708307931209220e-02
-5.598027884228073958e-02
-5.088667036821803435e-02
-4.579306189415532913e-02
-5.343347460524938697e-02
-5.343347460524938697e-02
-5.852708307931209220e-02
-5.852708307931209220e-02
-5.343347460524938697e-02
-5.343347460524938697e-02
-4.579306189415532913e-02
-4.833986613118668174e-02
-5.343347460524938697e-02
-5.343347460524938697e-02
-6.107388731634344481e-02
-5.852708307931209220e-02
-5.088667036821803435e-02
-5.088667036821803435e-02
-4.579306189415532913e-02
-4.833986613118668174e-02
-5.343347460524938697e-02
-6.107388731634344481e-02
-5.852708307931209220e-02
-5.343347460524938697e-02
-4.324625765712397651e-02
-4.833986613118668174e-02
-5.343347460524938697e-02
-5.343347460524938697e-02
-5.852708307931209220e-02
-6.107388731634344481e-02
-5.598027884228073958e-02
-4.833986613118668174e-02
-4.833986613118668174e-02
-5.088667036821803435e-02
-5.088667036821803435e-02
-5.852708307931209220e-02
-6.107388731634344481e-02
-5.343347460524938697e-02
-4.833986613118668174e-02
-4.833986613118668174e-02
-4.833986613118668174e-02
-5.088667036821803435e-02
-5.343347460524938697e-02
-5.852708307931209220e-02
-5.343347460524938697e-02
-5.088667036821803435e-02
-5.343347460524938697e-02
-4.833986613118668174e-02
-4.579306189415532913e-02
-5.088667036821803435e-02
-5.343347460524938697e-02
-5.852708307931209220e-02
-6.107388731634344481e-02
-5.343347460524938697e-02
-4.579306189415532913e-02
-4.579306189415532913e-02
-5.343347460524938697e-02
-5.088667036821803435e-02
-5.852708307931209220e-02
-5.852708307931209220e-02
-5.343347460524938697e-02
-5.088667036821803435e-02
-4.833986613118668174e-02
-5.088667036821803435e-02
-5.343347460524938697e-02
-6.107388731634344481e-02
-5.343347460524938697e-02
-5.343347460524938697e-02
-4.579306189415532913e-02
-4.833986613118668174e-02
-5.088667036821803435e-02
-5.343347460524938697e-02
-5.852708307931209220e-02
-6.107388731634344481e-02
-5.343347460524938697e-02
-4.579306189415532913e-02
-4.833986613118668174e-02
-5.343347460524938697e-02
-5.598027884228073958e-02
-6.107388731634344481e-02
-5.088667036821803435e-02
-4.833986613118668174e-02
-4.833986613118668174e-02
-5.343347460524938697e-02
-5.088667036821803435e-02
-5.852708307931209220e-02
-5.852708307931209220e-02
-5.852708307931209220e-02
-5.343347460524938697e-02
-4.579306189415532913e-02
-4.833986613118668174e-02
-5.343347460524938697e-02
-5.088667036821803435e-02
-5.852708307931209220e-02
-6.107388731634344481e-02
-5.088667036821803435e-02
-4.833986613118668174e-02
-4.579306189415532913e-02
-5.088667036821803435e-02
-5.343347460524938697e-02
-5.598027884228073958e-02
-5.852708307931209220e-02
-5.598027884228073958e-02
-5.343347460524938697e-02
-4.579306189415532913e-02
-5.343347460524938697e-02
-5.343347460524938697e-02
-5.852708307931209220e-02
-5.852708307931209220e-02
-5.343347460524938697e-02
-5.088667036821803435e-02
-4.833986613118668174e-02
-4.833986613118668174e-02
-5.343347460524938697e-02
-5.598027884228073958e-02
-6.107388731634344481e-02
-5.343347460524938697e-02
-5.343347460524938697e-02
-4.579306189415532913e-02
-5.088667036821803435e-02
-5.343347460524938697e-02
-6.107388731634344481e-02
-6.107388731634344481e-02
-5.343347460524938697e-02
-5.343347460524938697e-02
-4.833986613118668174e-02
-5.343347460524938697e-02
-5.343347460524938697e-02
-5.852708307931209220e-02
-5.852708307931209220e-02
-5.852708307931209220e-02
-5.343347460524938697e-02
-5.088667036821803435e-02
-4.833986613118668174e-02
-4.833986613118668174e-02
-5.088667036821803435e-02
-6.362069155337479742e-02
-5.852708307931209220e-02
-5.343347460524938697e-02
-5.343347460524938697e-02
-4.579306189415532913e-02
-5.343347460524938697e-02
-5.088667036821803435e-02
-5.852708307931209220e-02
-5.343347460524938697e-02
-4.833986613118668174e-02
-5.343347460524938697e-02
-4.579306189415532913e-02
-4.579306189415532913e-02
-5.343347460524938697e-02
-6.107388731634344481e-02
-5.088667036821803435e-02
-5.343347460524938697e-02
-5.088667036821803435e-02
-4.833986613118668174e-02
-5.088667036821803435e-02
-5.343347460524938697e-02
-5.852708307931209220e-02
-5.088667036821803435e-02
-5.343347460524938697e-02
-4.579306189415532913e-02
-4.833986613118668174e-02
-5.343347460524938697e-02
-5.343347460524938697e-02
-5.598027884228073958e-02
-6.107388731634344481e-02
-5.343347460524938697e-02
-5.343347460524938697e-02
-4.833986613118668174e-02
-4.833986613118668174e-02
-5.343347460524938697e-02
-5.343347460524938697e-02
-5.852708307931209220e-02
-5.852708307931209220e-02
-5.343347460524938697e-02
-4.579306189415532913e-02
-4.833986613118668174e-02
-5.343347460524938697e-02
-5.598027884228073958e-02
-6.107388731634344481e-02
-5.852708307931209220e-02
-5.343347460524938697e-02
-4.579306189415532913e-02
-4.833986613118668174e-02
-5.343347460524938697e-02
-5.343347460524938697e-02
-5.852708307931209220e-02
-5.852708307931209220e-02
-5.343347460524938697e-02
-5.088667036821803435e-02
-4.833986613118668174e-02
-5.343347460524938697e-02
-5.343347460524938697e-02
-5.852708307931209220e-02
-5.852708307931209220e-02
-5.088667036821803435e-02
-5.343347460524938697e-02
-4.579306189415532913e-02
-4.579306189415532913e-02
-5.343347460524938697e-02
-5.343347460524938697e-02
-5.852708307931209220e-02
-5.088667036821803435e-02
-4.579306189415532913e-02
-4.579306189415532913e-02
-5.343347460524938697e-02
-5.088667036821803435e-02
-5.088667036821803435e-02
-6.107388731634344481e-02
-5.852708307931209220e-02
-5.343347460524938697e-02
-5.343347460524938697e-02
-4.833986613118668174e-02
-5.343347460524938697e-02
-5.343347460524938697e-02
-5.852708307931209220e-02
-5.852708307931209220e-02
-5.088667036821803435e-02
-5.343347460524938697e-02
-4.833986613118668174e-02
-4.579306189415532913e-02
-5.088667036821803435e-02
-5.852708307931209220e-02
-6.107388731634344481e-02
-5.088667036821803435e-02
-5.598027884228073958e-02
-4.833986613118668174e-02
-4.833986613118668174e-02
-5.343347460524938697e-02
-5.852708307931209220e-02
-5.852708307931209220e-02
-5.088667036821803435e-02
-4.579306189415532913e-02
-4.579306189415532913e-02
-5.343347460524938697e-02
-5.343347460524938697e-02
-6.107388731634344481e-02
-5.852708307931209220e-02
-5.343347460524938697e-02
-4.579306189415532913e-02
-4.833986613118668174e-02
-5.088667036821803435e-02
-5.343347460524938697e-02
-5.852708307931209220e-02
-6.107388731634344481e-02
-5.343347460524938697e-02
-4.579306189415532913e-02
-4.833986613118668174e-02
-4.833986613118668174e-02
-5.343347460524938697e-02
-5.343347460524938697e-02
-6.107388731634344481e-02
-5.088667036821803435e-02
-5.088667036821803435e-02
-4.833986613118668174e-02
-4.833986613118668174e-02
-5.088667036821803435e-02
-5.343347460524938697e-02
-5.852708307931209220e-02
-5.343347460524938697e-02
-5.088667036821803435e-02
-4.833986613118668174e-02
-4.579306189415532913e-02
-5.343347460524938697e-02
-5.343347460524938697e-02
-5.852708307931209220e-02
-5.343347460524938697e-02
-5.343347460524938697e-02
-5.088667036821803435e-02
-4.579306189415532913e-02
-5.343347460524938697e-02
-6.107388731634344481e-02
-5.852708307931209220e-02
-5.088667036821803435e-02
-5.088667036821803435e-02
-4.833986613118668174e-02
-4.833986613118668174e-02
-5.343347460524938697e-02
-5.343347460524938697e-02
-5.852708307931209220e-02
-6.107388731634344481e-02
-5.343347460524938697e-02
-4.833986613118668174e-02
-4.579306189415532913e-02
-5.343347460524938697e-02
-5.088667036821803435e-02
-5.852708307931209220e-02
-5.852708307931209220e-02
-5.343347460524938697e-02
-4.579306189415532913e-02
-4.579306189415532913e-02
-5.343347460524938697e-02
-5.088667036821803435e-02
-5.852708307931209220e-02
-5.852708307931209220e-02
-5.343347460524938697e-02
-5.343347460524938697e-02
-5.088667036821803435e-02
-5.343347460524938697e-02
-5.343347460524938697e-02
-5.852708307931209220e-02
-5.852708307931209220e-02
-5.343347460524938697e-02
-5.343347460524938697e-02
-4.579306189415532913e-02
-4.833986613118668174e-02
-5.343347460524938697e-02
-5.343347460524938697e-02
-5.852708307931209220e-02
-5.088667036821803435e-02
-5.598027884228073958e-02
-4.579306189415532913e-02
-4.833986613118668174e-02
-5.343347460524938697e-02
-5.343347460524938697e-02
-5.852708307931209220e-02
-5.852708307931209220e-02
-5.088667036821803435e-02
-4.833986613118668174e-02
-4.833986613118668174e-02
-5.343347460524938697e-02
-5.088667036821803435e-02
-5.852708307931209220e-02
-5.852708307931209220e-02
-5.343347460524938697e-02
-5.343347460524938697e-02
-4.833986613118668174e-02
-5.343347460524938697e-02
-5.343347460524938697e-02
-5.852708307931209220e-02
-6.107388731634344481e-02
-5.343347460524938697e-02
-5.088667036821803435e-02
-5.088667036821803435e-02
-4.833986613118668174e-02
-5.088667036821803435e-02
-6.107388731634344481e-02
-6.107388731634344481e-02
-5.343347460524938697e-02
-5.088667036821803435e-02
-4.579306189415532913e-02
-4.579306189415532913e-02
-5.343347460524938697e-02
-5.088667036821803435e-02
-5.852708307931209220e-02
-6.107388731634344481e-02
-5.088667036821803435e-02
-5.088667036821803435e-02
-4.579306189415532913e-02
-5.088667036821803435e-02
-5.343347460524938697e-02
-5.852708307931209220e-02
-6.107388731634344481e-02
-5.343347460524938697e-02
-5.343347460524938697e-02
-4.579306189415532913e-02
-4.833986613118668174e-02
-5.343347460524938697e-02
-5.088667036821803435e-02
-5.852708307931209220e-02
-5.852708307931209220e-02
-5.343347460524938697e-02
-4.579306189415532913e-02
-4.833986613118668174e-02
-5.343347460524938697e-02
-5.343347460524938697e-02
-5.852708307931209220e-02
-5.852708307931209220e-02
-5.343347460524938697e-02
-4.579306189415532913e-02
-4.579306189415532913e-02
-5.088667036821803435e-02
-5.852708307931209220e-02
-6.107388731634344481e-02
-6.107388731634344481e-02
-5.088667036821803435e-02
-5.088667036821803435e-02
-5.088667036821803435e-02
-5.088667036821803435e-02
-6.107388731634344481e-02
-5.852708307931209220e-02
-5.088667036821803435e-02
-4.833986613118668174e-02
-5.343347460524938697e-02
-4.833986613118668174e-02
-4.579306189415532913e-02
-5.088667036821803435e-02
-5.343347460524938697e-02
-5.852708307931209220e-02
-5.343347460524938697e-02
-5.088667036821803435e-02
-4.833986613118668174e-02
-5.343347460524938697e-02
-5.343347460524938697e-02
-5.343347460524938697e-02
-5.852708307931209220e-02
-5.852708307931209220e-02
-5.088667036821803435e-02
-4.833986613118668174e-02
-5.088667036821803435e-02
-5.343347460524938697e-02
-5.343347460524938697e-02
-5.852708307931209220e-02
-5.852708307931209220e-02
-5.343347460524938697e-02
-4.833986613118668174e-02
-4.833986613118668174e-02
-4.833986613118668174e-02
-5.343347460524938697e-02
-5.343347460524938697e-02
-5.852708307931209220e-02
-5.852708307931209220e-02
-5.343347460524938697e-02
-4.833986613118668174e-02
-5.088667036821803435e-02
-5.088667036821803435e-02
-5.343347460524938697e-02
-5.852708307931209220e-02
-5.852708307931209220e-02
-5.343347460524938697e-02
-5.343347460524938697e-02
-4.833986613118668174e-02
-5.343347460524938697e-02
-5.343347460524938697e-02
-6.107388731634344481e-02
-5.852708307931209220e-02
-5.343347460524938697e-02
-5.343347460524938697e-02
-4.833986613118668174e-02
-5.088667036821803435e-02
-5.343347460524938697e-02
-6.107388731634344481e-02
-6.107388731634344481e-02
-5.343347460524938697e-02
-4.579306189415532913e-02
-4.833986613118668174e-02
-5.598027884228073958e-02
-5.343347460524938697e-02
-5.852708307931209220e-02
-5.852708307931209220e-02
-5.343347460524938697e-02
-5.088667036821803435e-02
-4.833986613118668174e-02
-5.088667036821803435e-02
-5.343347460524938697e-02
-5.852708307931209220e-02
-6.107388731634344481e-02
-5.088667036821803435e-02
-5.088667036821803435e-02
-4.833986613118668174e-02
-4.579306189415532913e-02
-5.343347460524938697e-02
-6.107388731634344481e-02
-5.852708307931209220e-02
-6.107388731634344481e-02
-5.088667036821803435e-02
-5.343347460524938697e-02
-4.833986613118668174e-02
-5.343347460524938697e-02
-5.343347460524938697e-02
-6.107388731634344481e-02
-5.852708307931209220e-02
-5.343347460524938697e-02
-5.343347460524938697e-02
-4.579306189415532913e-02
-4.579306189415532913e-02
-5.088667036821803435e-02
-5.852708307931209220e-02
-5.852708307931209220e-02
-5.343347460524938697e-02
-5.088667036821803435e-02
-4.579306189415532913e-02
-4.833986613118668174e-02
-5.343347460524938697e-02
-5.343347460524938697e-02
-5.852708307931209220e-02
-5.343347460524938697e-02
-5.088667036821803435e-02
-4.579306189415532913e-02
-4.579306189415532913e-02
-5.343347460524938697e-02
-5.343347460524938697e-02
-5.852708307931209220e-02
-5.852708307931209220e-02
-5.343347460524938697e-02
-5.088667036821803435e-02
-4.579306189415532913e-02
-5.343347460524938697e-02
-5.343347460524938697e-02
-5.852708307931209220e-02
-5.852708307931209220e-02
-5.343347460524938697e-02
-5.088667036821803435e-02
-4.833986613118668174e-02
-4.833986613118668174e-02
-5.343347460524938697e-02
-5.598027884228073958e-02
-5.852708307931209220e-02
-5.343347460524938697e-02
-4.579306189415532913e-02
-4.833986613118668174e-02
-5.598027884228073958e-02
-5.343347460524938697e-02
-5.852708307931209220e-02
-5.343347460524938697e-02
-5.088667036821803435e-02
-5.343347460524938697e-02
-4.579306189415532913e-02
-4.579306189415532913e-02
-5.088667036821803435e-02
-5.343347460524938697e-02
-5.852708307931209220e-02
-5.343347460524938697e-02
-5.343347460524938697e-02
-4.833986613118668174e-02
-4.579306189415532913e-02
-5.598027884228073958e-02
-5.088667036821803435e-02
-6.107388731634344481e-02
-5.852708307931209220e-02
-5.088667036821803435e-02
-4.579306189415532913e-02
-4.579306189415532913e-02
-5.088667036821803435e-02
-5.343347460524938697e-02
-5.852708307931209220e-02
-5.852708307931209220e-02
-5.088667036821803435e-02
-5.088667036821803435e-02
-4.833986613118668174e-02
-4.579306189415532913e-02
-5.343347460524938697e-02
-6.107388731634344481e-02
-5.598027884228073958e-02
-5.343347460524938697e-02
-5.343347460524938697e-02
-4.833986613118668174e-02
-4.579306189415532913e-02
-5.343347460524938697e-02
-6.107388731634344481e-02
-5.852708307931209220e-02
-5.598027884228073958e-02
-5.088667036821803435e-02
-4.579306189415532913e-02
-4.833986613118668174e-02
-5.343347460524938697e-02
-5.343347460524938697e-02
-5.852708307931209220e-02
-5.852708307931209220e-02
-5.343347460524938697e-02
-4.833986613118668174e-02
-4.833986613118668174e-02
-5.343347460524938697e-02
-5.343347460524938697e-02
-5.343347460524938697e-02
-6.107388731634344481e-02
-6.107388731634344481e-02
-5.343347460524938697e-02
-5.088667036821803435e-02
-4.833986613118668174e-02
-4.579306189415532913e-02
-5.343347460524938697e-02
-5.852708307931209220e-02
-6.107388731634344481e-02
-5.598027884228073958e-02
-5.088667036821803435e-02
-4.833986613118668174e-02
-5.343347460524938697e-02
-5.343347460524938697e-02
-5.852708307931209220e-02
-5.852708307931209220e-02
-5.343347460524938697e-02
-5.088667036821803435e-02
-4.833986613118668174e-02
-4.579306189415532913e-02
-5.343347460524938697e-02
-5.343347460524938697e-02
-5.852708307931209220e-02
-5.852708307931209220e-02
-5.343347460524938697e-02
-5.088667036821803435e-02
-4.579306189415532913e-02
-5.343347460524938697e-02
-5.343347460524938697e-02
-5.852708307931209220e-02
-5.852708307931209220e-02
-5.343347460524938697e-02
-4.833986613118668174e-02
-5.088667036821803435e-02
-5.343347460524938697e-02
-5.088667036821803435e-02
-5.852708307931209220e-02
-5.852708307931209220e-02
-5.343347460524938697e-02
-5.088667036821803435e-02
-4.833986613118668174e-02
-4.833986613118668174e-02
-5.088667036821803435e-02
-5.343347460524938697e-02
-6.107388731634344481e-02
-5.343347460524938697e-02
-5.343347460524938697e-02
-4.579306189415532913e-02
-4.579306189415532913e-02
-5.343347460524938697e-02
-5.852708307931209220e-02
-5.852708307931209220e-02
-5.598027884228073958e-02
-5.343347460524938697e-02
-4.833986613118668174e-02
-5.343347460524938697e-02
-5.343347460524938697e-02
-6.107388731634344481e-02
-5.852708307931209220e-02
-5.343347460524938697e-02
-5.343347460524938697e-02
-4.579306189415532913e-02
-5.088667036821803435e-02
-5.343347460524938697e-02
-6.107388731634344481e-02
-6.107388731634344481e-02
-5.088667036821803435e-02
-5.343347460524938697e-02
-4.833986613118668174e-02
-4.579306189415532913e-02
-5.598027884228073958e-02
-6.107388731634344481e-02
-6.107388731634344481e-02
-5.343347460524938697e-02
-5.343347460524938697e-02
-4.579306189415532913e-02
-4.579306189415532913e-02
-5.343347460524938697e-02
-5.343347460524938697e-02
-5.852708307931209220e-02
-5.852708307931209220e-02
-5.343347460524938697e-02
-4.579306189415532913e-02
-4.833986613118668174e-02
-5.343347460524938697e-02
-5.343347460524938697e-02
-6.107388731634344481e-02
-5.852708307931209220e-02
-5.343347460524938697e-02
-5.088667036821803435e-02
-5.088667036821803435e-02
-5.598027884228073958e-02
-5.343347460524938697e-02
-5.598027884228073958e-02
-5.852708307931209220e-02
-5.598027884228073958e-02
-5.343347460524938697e-02
-4.579306189415532913e-02
-4.833986613118668174e-02
-5.343347460524938697e-02
-5.343347460524938697e-02
-5.852708307931209220e-02
-5.852708307931209220e-02
-4.833986613118668174e-02
-4.579306189415532913e-02
-4.833986613118668174e-02
-5.088667036821803435e-02
-5.088667036821803435e-02
-5.088667036821803435e-02
-5.852708307931209220e-02
-5.852708307931209220e-02
-5.343347460524938697e-02
-4.833986613118668174e-02
-4.833986613118668174e-02
-5.343347460524938697e-02
-5.343347460524938697e-02
-6.107388731634344481e-02
-5.852708307931209220e-02
-5.088667036821803435e-02
-5.343347460524938697e-02
-4.579306189415532913e-02
-4.833986613118668174e-02
-5.343347460524938697e-02
-5.852708307931209220e-02
-5.852708307931209220e-02
-5.343347460524938697e-02
-5.088667036821803435e-02
-4.833986613118668174e-02
-4.833986613118668174e-02
-5.343347460524938697e-02
-5.343347460524938697e-02
-5.852708307931209220e-02
-5.343347460524938697e-02
-4.833986613118668174e-02
-5.088667036821803435e-02
-5.343347460524938697e-02
-5.343347460524938697e-02
-5.852708307931209220e-02
-5.852708307931209220e-02
-5.343347460524938697e-02
-4.833986613118668174e-02
-4.833986613118668174e-02
-4.833986613118668174e-02
-5.343347460524938697e-02
-6.107388731634344481e-02
-6.107388731634344481e-02
-5.343347460524938697e-02
-4.833986613118668174e-02
-4.833986613118668174e-02
-5.343347460524938697e-02
-5.343347460524938697e-02
-6.107388731634344481e-02
-5.852708307931209220e-02
-5.343347460524938697e-02
-5.598027884228073958e-02
-4.833986613118668174e-02
-4.579306189415532913e-02
-5.343347460524938697e-02
-5.343347460524938697e-02
-6.107388731634344481e-02
-5.852708307931209220e-02
-5.343347460524938697e-02
-5.088667036821803435e-02
-4.579306189415532913e-02
-5.343347460524938697e-02
-5.088667036821803435e-02
-5.598027884228073958e-02
-6.107388731634344481e-02
-5.343347460524938697e-02
-5.343347460524938697e-02
-4.833986613118668174e-02
-5.088667036821803435e-02
-5.343347460524938697e-02
-5.088667036821803435e-02
-6.107388731634344481e-02
-5.088667036821803435e-02
-5.343347460524938697e-02
-4.833986613118668174e-02
-4.833986613118668174e-02
-4.833986613118668174e-02
-5.343347460524938697e-02
-5.343347460524938697e-02
-5.852708307931209220e-02
-6.107388731634344481e-02
-5.088667036821803435e-02
-5.343347460524938697e-02
-5.088667036821803435e-02
-5.343347460524938697e-02
-5.343347460524938697e-02
-6.107388731634344481e-02
-5.852708307931209220e-02
-5.343347460524938697e-02
-4.579306189415532913e-02
-4.579306189415532913e-02
-4.579306189415532913e-02
-5.088667036821803435e-02
-6.107388731634344481e-02
-5.343347460524938697e-02
-5.343347460524938697e-02
-5.343347460524938697e-02
-4.833986613118668174e-02
-5.598027884228073958e-02
-5.088667036821803435e-02
-5.852708307931209220e-02
-5.852708307931209220e-02
-5.343347460524938697e-02
-5.343347460524938697e-02
-4.833986613118668174e-02
-4.833986613118668174e-02
-5.343347460524938697e-02
-5.343347460524938697e-02
-6.107388731634344481e-02
-5.852708307931209220e-02
-5.343347460524938697e-02
-4.833986613118668174e-02
-4.833986613118668174e-02
-5.088667036821803435e-02
-5.343347460524938697e-02
-5.852708307931209220e-02
-5.852708307931209220e-02
-5.088667036821803435e-02
-5.088667036821803435e-02
-4.579306189415532913e-02
-5.088667036821803435e-02
-5.088667036821803435e-02
-5.852708307931209220e-02
-5.852708307931209220e-02
-5.343347460524938697e-02
-5.343347460524938697e-02
-4.833986613118668174e-02
-4.579306189415532913e-02
-5.343347460524938697e-02
-5.343347460524938697e-02
-6.107388731634344481e-02
-5.852708307931209220e-02
-5.598027884228073958e-02
-5.343347460524938697e-02
-5.343347460524938697e-02
-4.579306189415532913e-02
-5.088667036821803435e-02
-5.852708307931209220e-02
-5.852708307931209220e-02
-5.343347460524938697e-02
-5.088667036821803435e-02
-4.833986613118668174e-02
-4.833986613118668174e-02
-5.088667036821803435e-02
-5.343347460524938697e-02
-5.852708307931209220e-02
-5.852708307931209220e-02
-5.088667036821803435e-02
-5.343347460524938697e-02
-4.833986613118668174e-02
-4.833986613118668174e-02
-5.343347460524938697e-02
-5.852708307931209220e-02
-6.107388731634344481e-02
-5.088667036821803435e-02
-5.343347460524938697e-02
-4.833986613118668174e-02
-4.579306189415532913e-02
-5.343347460524938697e-02
-5.343347460524938697e-02
-6.107388731634344481e-02
-6.107388731634344481e-02
-5.343347460524938697e-02
-4.579306189415532913e-02
-4.833986613118668174e-02
-4.579306189415532913e-02
-5.088667036821803435e-02
-5.088667036821803435e-02
-5.852708307931209220e-02
-5.343347460524938697e-02
-4.833986613118668174e-02
-4.579306189415532913e-02
-4.579306189415532913e-02
-5.343347460524938697e-02
-5.343347460524938697e-02
-6.107388731634344481e-02
-6.107388731634344481e-02
-5.343347460524938697e-02
-4.833986613118668174e-02
-5.088667036821803435e-02
-5.088667036821803435e-02
-5.343347460524938697e-02
-5.852708307931209220e-02
-5.852708307931209220e-02
-5.343347460524938697e-02
-4.579306189415532913e-02
-4.833986613118668174e-02
-5.343347460524938697e-02
-5.088667036821803435e-02
-6.107388731634344481e-02
-5.343347460524938697e-02
-5.343347460524938697e-02
-4.579306189415532913e-02
-4.579306189415532913e-02
-5.343347460524938697e-02
-5.088667036821803435e-02
-6.107388731634344481e-02
-5.088667036821803435e-02
-5.343347460524938697e-02
-5.343347460524938697e-02
-4.833986613118668174e-02
-5.343347460524938697e-02
-5.343347460524938697e-02
-5.852708307931209220e-02
-5.343347460524938697e-02
-5.598027884228073958e-02
-4.579306189415532913e-02
-4.833986613118668174e-02
-5.598027884228073958e-02
-5.343347460524938697e-02
-5.088667036821803435e-02
-6.107388731634344481e-02
-5.852708307931209220e-02
-5.343347460524938697e-02
-4.833986613118668174e-02
-4.833986613118668174e-02
-5.343347460524938697e-02
-5.852708307931209220e-02
-5.343347460524938697e-02
-5.088667036821803435e-02
-5.343347460524938697e-02
-4.579306189415532913e-02
-4.833986613118668174e-02
-5.343347460524938697e-02
-5.343347460524938697e-02
-5.852708307931209220e-02
-6.107388731634344481e-02
-5.343347460524938697e-02
-5.343347460524938697e-02
-4.579306189415532913e-02
-4.579306189415532913e-02
-5.343347460524938697e-02
-5.343347460524938697e-02
-5.852708307931209220e-02
-5.598027884228073958e-02
-5.343347460524938697e-02
-5.343347460524938697e-02
-4.579306189415532913e-02
-5.343347460524938697e-02
-5.343347460524938697e-02
-5.852708307931209220e-02
-6.107388731634344481e-02
-5.343347460524938697e-02
-5.088667036821803435e-02
-4.833986613118668174e-02
-5.343347460524938697e-02
-5.598027884228073958e-02
-6.107388731634344481e-02
-6.107388731634344481e-02
-5.343347460524938697e-02
-5.343347460524938697e-02
-4.579306189415532913e-02
-4.833986613118668174e-02
-5.088667036821803435e-02
-5.598027884228073958e-02
-6.107388731634344481e-02
-5.088667036821803435e-02
-5.598027884228073958e-02
-4.833986613118668174e-02
-4.833986613118668174e-02
-4.833986613118668174e-02
-5.343347460524938697e-02
-5.852708307931209220e-02
-5.852708307931209220e-02
-5.088667036821803435e-02
-5.598027884228073958e-02
-5.343347460524938697e-02
-4.579306189415532913e-02
-4.579306189415532913e-02
-5.088667036821803435e-02
-6.107388731634344481e-02
-6.107388731634344481e-02
-5.852708307931209220e-02
-5.598027884228073958e-02
-5.343347460524938697e-02
-4.833986613118668174e-02
-5.598027884228073958e-02
-5.598027884228073958e-02
-5.852708307931209220e-02
-5.343347460524938697e-02
-5.343347460524938697e-02
-4.833986613118668174e-02
-5.088667036821803435e-02
-5.343347460524938697e-02
-5.343347460524938697e-02
-5.852708307931209220e-02
-6.107388731634344481e-02
-5.088667036821803435e-02
-4.833986613118668174e-02
-4.833986613118668174e-02
-5.598027884228073958e-02
-5.343347460524938697e-02
-5.852708307931209220e-02
-6.107388731634344481e-02
-5.852708307931209220e-02
-5.343347460524938697e-02
-4.833986613118668174e-02
-4.579306189415532913e-02
-5.088667036821803435e-02
-5.088667036821803435e-02
-6.107388731634344481e-02
-5.343347460524938697e-02
-5.343347460524938697e-02
-5.343347460524938697e-02
-4.579306189415532913e-02
-5.343347460524938697e-02
-5.343347460524938697e-02
-5.852708307931209220e-02
-5.852708307931209220e-02
-5.343347460524938697e-02
-5.343347460524938697e-02
-4.579306189415532913e-02
-4.579306189415532913e-02
-5.343347460524938697e-02
-6.107388731634344481e-02
-5.852708307931209220e-02
-5.598027884228073958e-02
-5.343347460524938697e-02
-4.833986613118668174e-02
-5.343347460524938697e-02
-5.343347460524938697e-02
-6.107388731634344481e-02
-5.852708307931209220e-02
-5.088667036821803435e-02
-5.343347460524938697e-02
-4.579306189415532913e-02
-5.088667036821803435e-02
-5.343347460524938697e-02
-6.107388731634344481e-02
-5.852708307931209220e-02
-5.088667036821803435e-02
-5.343347460524938697e-02
-5.343347460524938697e-02
-4.579306189415532913e-02
-5.343347460524938697e-02
-5.343347460524938697e-02
-5.852708307931209220e-02
-5.852708307931209220e-02
-5.343347460524938697e-02
-5.343347460524938697e-02
-4.833986613118668174e-02
-4.833986613118668174e-02
-5.343347460524938697e-02
-6.107388731634344481e-02
-6.107388731634344481e-02
-5.852708307931209220e-02
-5.343347460524938697e-02
-5.343347460524938697e-02
-4.579306189415532913e-02
-4.833986613118668174e-02
-5.343347460524938697e-02
-6.362069155337479742e-02
-6.107388731634344481e-02
-5.343347460524938697e-02
-5.343347460524938697e-02
-5.088667036821803435e-02
-4.833986613118668174e-02
-5.598027884228073958e-02
-5.088667036821803435e-02
-5.852708307931209220e-02
-6.107388731634344481e-02
-5.088667036821803435e-02
-5.343347460524938697e-02
-4.833986613118668174e-02
-4.579306189415532913e-02
-5.343347460524938697e-02
-5.088667036821803435e-02
-6.107388731634344481e-02
-5.343347460524938697e-02
-5.343347460524938697e-02
-4.833986613118668174e-02
-4.833986613118668174e-02
-5.343347460524938697e-02
-5.343347460524938697e-02
-5.852708307931209220e-02
-5.343347460524938697e-02
-5.343347460524938697e-02
-4.833986613118668174e-02
-5.343347460524938697e-02
-5.088667036821803435e-02
-5.852708307931209220e-02
-5.088667036821803435e-02
-5.343347460524938697e-02
-5.088667036821803435e-02
-4.833986613118668174e-02
-4.579306189415532913e-02
-5.343347460524938697e-02
-6.107388731634344481e-02
-6.107388731634344481e-02
-5.598027884228073958e-02
-5.088667036821803435e-02
-5.343347460524938697e-02
-4.833986613118668174e-02
-5.088667036821803435e-02
-5.343347460524938697e-02
-5.088667036821803435e-02
-5.598027884228073958e-02
-5.088667036821803435e-02
-5.343347460524938697e-02
-4.833986613118668174e-02
-4.579306189415532913e-02
-5.343347460524938697e-02
-5.088667036821803435e-02
-5.852708307931209220e-02
-5.852708307931209220e-02
-5.343347460524938697e-02
-5.088667036821803435e-02
-4.579306189415532913e-02
-5.343347460524938697e-02
-5.598027884228073958e-02
-6.107388731634344481e-02
-5.343347460524938697e-02
-5.343347460524938697e-02
-5.088667036821803435e-02
-5.088667036821803435e-02
-5.343347460524938697e-02
-5.088667036821803435e-02
-6.107388731634344481e-02
-5.343347460524938697e-02
-5.343347460524938697e-02
-4.579306189415532913e-02
-4.833986613118668174e-02
-5.343347460524938697e-02
-5.343347460524938697e-02
-6.107388731634344481e-02
-5.852708307931209220e-02
-5.088667036821803435e-02
-4.579306189415532913e-02
-4.579306189415532913e-02
-4.833986613118668174e-02
-5.343347460524938697e-02
-5.343347460524938697e-02
-6.107388731634344481e-02
-5.343347460524938697e-02
-5.343347460524938697e-02
-4.833986613118668174e-02
-4.579306189415532913e-02
-5.343347460524938697e-02
-5.088667036821803435e-02
-5.852708307931209220e-02
-6.107388731634344481e-02
-5.343347460524938697e-02
-5.088667036821803435e-02
-4.579306189415532913e-02
-4.833986613118668174e-02
-5.088667036821803435e-02
-5.343347460524938697e-02
-6.107388731634344481e-02
-5.852708307931209220e-02
-5.343347460524938697e-02
-5.088667036821803435e-02
-4.833986613118668174e-02
-4.833986613118668174e-02
-5.088667036821803435e-02
-5.343347460524938697e-02
-5.852708307931209220e-02
-6.107388731634344481e-02
-5.343347460524938697e-02
-5.343347460524938697e-02
-4.579306189415532913e-02
-5.343347460524938697e-02
-5.088667036821803435e-02
-6.107388731634344481e-02
-5.343347460524938697e-02
-5.343347460524938697e-02
-4.833986613118668174e-02
-4.579306189415532913e-02
-5.343347460524938697e-02
-5.343347460524938697e-02
-6.107388731634344481e-02
-5.852708307931209220e-02
-5.343347460524938697e-02
-5.088667036821803435e-02
-4.833986613118668174e-02
-5.343347460524938697e-02
-5.343347460524938697e-02
-5.852708307931209220e-02
-5.852708307931209220e-02
-5.343347460524938697e-02
-5.088667036821803435e-02
-4.833986613118668174e-02
-4.833986613118668174e-02
-5.088667036821803435e-02
-5.343347460524938697e-02
-5.852708307931209220e-02
-5.343347460524938697e-02
-5.343347460524938697e-02
-5.343347460524938697e-02
-4.833986613118668174e-02
-4.833986613118668174e-02
-5.343347460524938697e-02
-5.343347460524938697e-02
-5.852708307931209220e-02
-5.343347460524938697e-02
-4.833986613118668174e-02
-5.088667036821803435e-02
-4.833986613118668174e-02
-5.343347460524938697e-02
-5.852708307931209220e-02
-5.852708307931209220e-02
-6.107388731634344481e-02
-5.343347460524938697e-02
-5.088667036821803435e-02
-4.579306189415532913e-02
-5.343347460524938697e-02
-6.107388731634344481e-02
-5.852708307931209220e-02
-5.343347460524938697e-02
-5.343347460524938697e-02
-5.088667036821803435e-02
-4.833986613118668174e-02
-5.343347460524938697e-02
-5.852708307931209220e-02
-6.107388731634344481e-02
-5.598027884228073958e-02
-5.343347460524938697e-02
-5.088667036821803435e-02
-4.579306189415532913e-02
-5.343347460524938697e-02
-5.088667036821803435e-02
-5.343347460524938697e-02
-5.852708307931209220e-02
-5.852708307931209220e-02
-5.343347460524938697e-02
-4.579306189415532913e-02
-4.833986613118668174e-02
-5.343347460524938697e-02
-6.107388731634344481e-02
-6.107388731634344481e-02
-5.598027884228073958e-02
-5.088667036821803435e-02
-4.833986613118668174e-02
-5.088667036821803435e-02
-5.343347460524938697e-02
-5.088667036821803435e-02
-5.598027884228073958e-02
-6.107388731634344481e-02
-5.088667036821803435e-02
-4.579306189415532913e-02
-4.833986613118668174e-02
-5.343347460524938697e-02
-5.088667036821803435e-02
-6.107388731634344481e-02
-6.107388731634344481e-02
-5.088667036821803435e-02
-5.343347460524938697e-02
-4.833986613118668174e-02
-4.579306189415532913e-02
-4.579306189415532913e-02
-5.343347460524938697e-02
-6.107388731634344481e-02
-6.107388731634344481e-02
-5.343347460524938697e-02
-5.343347460524938697e-02
-4.579306189415532913e-02
-4.579306189415532913e-02
-5.343347460524938697e-02
-5.343347460524938697e-02
-5.852708307931209220e-02
-5.343347460524938697e-02
-5.343347460524938697e-02
-4.579306189415532913e-02
-4.833986613118668174e-02
-5.343347460524938697e-02
-5.343347460524938697e-02
-5.852708307931209220e-02
-5.852708307931209220e-02
-5.343347460524938697e-02
-5.343347460524938697e-02
-4.579306189415532913e-02
-4.579306189415532913e-02
-5.088667036821803435e-02
-5.343347460524938697e-02
-5.852708307931209220e-02
-5.598027884228073958e-02
-5.343347460524938697e-02
-5.088667036821803435e-02
-5.343347460524938697e-02
-5.088667036821803435e-02
-5.343347460524938697e-02
-5.598027884228073958e-02
-5.343347460524938697e-02
-5.598027884228073958e-02
-5.088667036821803435e-02
-4.579306189415532913e-02
-5.343347460524938697e-02
-5.088667036821803435e-02
-6.107388731634344481e-02
-5.852708307931209220e-02
-5.343347460524938697e-02
-4.579306189415532913e-02
-4.579306189415532913e-02
-4.833986613118668174e-02
-5.088667036821803435e-02
-6.107388731634344481e-02
-6.107388731634344481e-02
-5.343347460524938697e-02
-5.343347460524938697e-02
-4.833986613118668174e-02
-4.579306189415532913e-02
-5.343347460524938697e-02
-5.343347460524938697e-02
-6.107388731634344481e-02
-5.343347460524938697e-02
-5.088667036821803435e-02
-5.088667036821803435e-02
-4.833986613118668174e-02
-5.343347460524938697e-02
-5.088667036821803435e-02
-5.852708307931209220e-02
-5.343347460524938697e-02
-5.088667036821803435e-02
-5.343347460524938697e-02
-4.833986613118668174e-02
-5.343347460524938697e-02
-5.343347460524938697e-02
-6.107388731634344481e-02
-6.107388731634344481e-02
-5.088667036821803435e-02
-5.343347460524938697e-02
-5.088667036821803435e-02
-5.343347460524938697e-02
-5.088667036821803435e-02
-5.343347460524938697e-02
-5.852708307931209220e-02
-5.852708307931209220e-02
-5.343347460524938697e-02
-5.088667036821803435e-02
-4.833986613118668174e-02
-4.579306189415532913e-02
-5.343347460524938697e-02
-5.088667036821803435e-02
-6.107388731634344481e-02
-6.362069155337479742e-02
-5.343347460524938697e-02
-5.343347460524938697e-02
-4.579306189415532913e-02
-5.088667036821803435e-02
-5.343347460524938697e-02
-5.852708307931209220e-02
-5.343347460524938697e-02
-5.088667036821803435e-02
-4.833986613118668174e-02
-4.833986613118668174e-02
-5.343347460524938697e-02
-5.343347460524938697e-02
-6.107388731634344481e-02
-5.343347460524938697e-02
-5.088667036821803435e-02
-5.343347460524938697e-02
-4.579306189415532913e-02
-4.579306189415532913e-02
-5.343347460524938697e-02
-5.343347460524938697e-02
-5.598027884228073958e-02
-5.088667036821803435e-02
-5.343347460524938697e-02
-4.833986613118668174e-02
-4.579306189415532913e-02
-5.343347460524938697e-02
-5.088667036821803435e-02
-5.852708307931209220e-02
-6.107388731634344481e-02
-5.343347460524938697e-02
-5.343347460524938697e-02
-4.833986613118668174e-02
-4.833986613118668174e-02
-5.343347460524938697e-02
-5.852708307931209220e-02
-5.852708307931209220e-02
-5.343347460524938697e-02
-5.088667036821803435e-02
-4.833986613118668174e-02
-4.579306189415532913e-02
-5.343347460524938697e-02
-5.343347460524938697e-02
-5.852708307931209220e-02
-5.852708307931209220e-02
-5.343347460524938697e-02
-4.579306189415532913e-02
-4.579306189415532913e-02
-5.088667036821803435e-02
-5.852708307931209220e-02
-5.852708307931209220e-02
-5.088667036821803435e-02
-5.343347460524938697e-02
-4.833986613118668174e-02
-5.088667036821803435e-02
-5.088667036821803435e-02
-5.088667036821803435e-02
-5.852708307931209220e-02
-6.107388731634344481e-02
-4.833986613118668174e-02
-4.579306189415532913e-02
-4.833986613118668174e-02
-5.343347460524938697e-02
-5.343347460524938697e-02
-6.107388731634344481e-02
-5.852708307931209220e-02
-5.343347460524938697e-02
-4.833986613118668174e-02
-4.579306189415532913e-02
-5.343347460524938697e-02
-5.343347460524938697e-02
-6.107388731634344481e-02
-5.852708307931209220e-02
-5.343347460524938697e-02
-5.598027884228073958e-02
-5.343347460524938697e-02
-4.833986613118668174e-02
-5.088667036821803435e-02
-5.088667036821803435e-02
-5.852708307931209220e-02
-5.343347460524938697e-02
-5.598027884228073958e-02
-4.833986613118668174e-02
-4.833986613118668174e-02
-5.343347460524938697e-02
-5.343347460524938697e-02
-5.852708307931209220e-02
-5.852708307931209220e-02
-5.852708307931209220e-02
-5.343347460524938697e-02
-5.088667036821803435e-02
-4.579306189415532913e-02
-5.343347460524938697e-02
-5.343347460524938697e-02
-5.852708307931209220e-02
-5.343347460524938697e-02
-5.343347460524938697e-02
-4.833986613118668174e-02
-4.833986613118668174e-02
-4.579306189415532913e-02
-5.343347460524938697e-02
-5.343347460524938697e-02
-5.852708307931209220e-02
-5.598027884228073958e-02
-4.579306189415532913e-02
-4.579306189415532913e-02
-5.343347460524938697e-02
-5.343347460524938697e-02
-5.852708307931209220e-02
-5.852708307931209220e-02
-5.343347460524938697e-02
-5.088667036821803435e-02
-5.088667036821803435e-02
-4.833986613118668174e-02
-5.343347460524938697e-02
-6.107388731634344481e-02
-5.852708307931209220e-02
-5.343347460524938697e-02
-5.343347460524938697e-02
-5.343347460524938697e-02
-4.833986613118668174e-02
-4.833986613118668174e-02
-5.088667036821803435e-02
-5.343347460524938697e-02
-5.852708307931209220e-02
-6.107388731634344481e-02
-5.343347460524938697e-02
-4.833986613118668174e-02
-4.579306189415532913e-02
-5.343347460524938697e-02
-5.343347460524938697e-02
-5.852708307931209220e-02
-5.852708307931209220e-02
-5.088667036821803435e-02
-5.343347460524938697e-02
-4.579306189415532913e-02
-4.579306189415532913e-02
-5.343347460524938697e-02
-5.343347460524938697e-02
-6.107388731634344481e-02
-6.107388731634344481e-02
-5.343347460524938697e-02
-5.343347460524938697e-02
-4.833986613118668174e-02
-5.343347460524938697e-02
-5.088667036821803435e-02
-6.107388731634344481e-02
-6.107388731634344481e-02
-5.343347460524938697e-02
-5.088667036821803435e-02
-5.088667036821803435e-02
-4.833986613118668174e-02
-5.088667036821803435e-02
-5.343347460524938697e-02
-5.852708307931209220e-02
-6.107388731634344481e-02
-5.343347460524938697e-02
-5.343347460524938697e-02
-4.833986613118668174e-02
-4.579306189415532913e-02
-5.343347460524938697e-02
-5.852708307931209220e-02
-5.852708307931209220e-02
-5.088667036821803435e-02
-5.088667036821803435e-02
-5.088667036821803435e-02
-4.833986613118668174e-02
-5.088667036821803435e-02
-5.088667036821803435e-02
-5.852708307931209220e-02
-5.852708307931209220e-02
-5.343347460524938697e-02
-5.343347460524938697e-02
-4.833986613118668174e-02
-4.833986613118668174e-02
-5.088667036821803435e-02
-5.598027884228073958e-02
-5.852708307931209220e-02
-5.852708307931209220e-02
-5.343347460524938697e-02
-4.833986613118668174e-02
-5.343347460524938697e-02
-5.343347460524938697e-02
-6.107388731634344481e-02
-5.852708307931209220e-02
-5.088667036821803435e-02
-5.088667036821803435e-02
-4.833986613118668174e-02
-4.833986613118668174e-02
-5.343347460524938697e-02
-5.343347460524938697e-02
-5.852708307931209220e-02
-5.852708307931209220e-02
-5.088667036821803435e-02
-5.343347460524938697e-02
-4.579306189415532913e-02
-4.833986613118668174e-02
-5.088667036821803435e-02
-5.088667036821803435e-02
-5.852708307931209220e-02
-6.107388731634344481e-02
-5.088667036821803435e-02
-5.343347460524938697e-02
-4.833986613118668174e-02
-5.088667036821803435e-02
-5.343347460524938697e-02
-6.107388731634344481e-02
-5.852708307931209220e-02
-5.343347460524938697e-02
-5.343347460524938697e-02
-4.833986613118668174e-02
-4.833986613118668174e-02
-5.088667036821803435e-02
-5.598027884228073958e-02
-6.107388731634344481e-02
-5.343347460524938697e-02
-5.088667036821803435e-02
-4.579306189415532913e-02
-4.579306189415532913e-02
-4.579306189415532913e-02
-5.343347460524938697e-02
-5.852708307931209220e-02
-6.107388731634344481e-02
-5.343347460524938697e-02
-5.343347460524938697e-02
-4.833986613118668174e-02
-4.833986613118668174e-02
-5.088667036821803435e-02
-6.107388731634344481e-02
-5.088667036821803435e-02
-5.343347460524938697e-02
-5.343347460524938697e-02
-4.579306189415532913e-02
-4.579306189415532913e-02
-5.343347460524938697e-02
-5.343347460524938697e-02
-5.852708307931209220e-02
-5.852708307931209220e-02
-5.088667036821803435e-02
-4.579306189415532913e-02
-4.833986613118668174e-02
-5.343347460524938697e-02
-5.343347460524938697e-02
-6.107388731634344481e-02
-5.343347460524938697e-02
-5.343347460524938697e-02
-4.833986613118668174e-02
-5.343347460524938697e-02
-5.343347460524938697e-02
-5.088667036821803435e-02
-6.107388731634344481e-02
-5.852708307931209220e-02
-5.343347460524938697e-02
-5.088667036821803435e-02
-4.833986613118668174e-02
-4.833986613118668174e-02
-5.088667036821803435e-02
-5.343347460524938697e-02
-6.107388731634344481e-02
-5.852708307931209220e-02
-5.343347460524938697e-02
-5.343347460524938697e-02
-4.579306189415532913e-02
-5.088667036821803435e-02
-5.343347460524938697e-02
-5.852708307931209220e-02
-5.088667036821803435e-02
-5.088667036821803435e-02
-4.833986613118668174e-02
-4.833986613118668174e-02
-5.088667036821803435e-02
-5.343347460524938697e-02
-5.852708307931209220e-02
-5.852708307931209220e-02
-5.343347460524938697e-02
-5.343347460524938697e-02
-4.833986613118668174e-02
-4.833986613118668174e-02
-5.088667036821803435e-02
-5.343347460524938697e-02
-6.107388731634344481e-02
-5.852708307931209220e-02
-5.343347460524938697e-02
-5.343347460524938697e-02
-4.579306189415532913e-02
-5.088667036821803435e-02
-5.343347460524938697e-02
-6.107388731634344481e-02
-6.107388731634344481e-02
-5.343347460524938697e-02
-5.343347460524938697e-02
-4.833986613118668174e-02
-5.343347460524938697e-02
-5.088667036821803435e-02
-6.107388731634344481e-02
-6.107388731634344481e-02
-5.088667036821803435e-02
-4.579306189415532913e-02
-4.833986613118668174e-02
-5.088667036821803435e-02
-5.343347460524938697e-02
-5.852708307931209220e-02
-5.852708307931209220e-02
-5.088667036821803435e-02
-5.598027884228073958e-02
-4.833986613118668174e-02
-4.579306189415532913e-02
-5.343347460524938697e-02
-5.343347460524938697e-02
-5.852708307931209220e-02
-5.852708307931209220e-02
-5.088667036821803435e-02
-5.343347460524938697e-02
-4.833986613118668174e-02
-5.088667036821803435e-02
-5.088667036821803435e-02
-5.852708307931209220e-02
-5.852708307931209220e-02
-5.088667036821803435e-02
-4.579306189415532913e-02
-4.833986613118668174e-02
-5.343347460524938697e-02
-5.088667036821803435e-02
-5.598027884228073958e-02
-5.852708307931209220e-02
-5.088667036821803435e-02
-5.343347460524938697e-02
-4.579306189415532913e-02
-4.579306189415532913e-02
-4.833986613118668174e-02
-5.343347460524938697e-02
-5.598027884228073958e-02
-5.852708307931209220e-02
-5.852708307931209220e-02
-5.343347460524938697e-02
-4.579306189415532913e-02
-4.833986613118668174e-02
-5.088667036821803435e-02
-5.088667036821803435e-02
-5.852708307931209220e-02
-5.852708307931209220e-02
-5.088667036821803435e-02
-4.833986613118668174e-02
-4.579306189415532913e-02
-4.833986613118668174e-02
-5.343347460524938697e-02
-5.343347460524938697e-02
-5.852708307931209220e-02
-5.852708307931209220e-02
-5.088667036821803435e-02
-5.598027884228073958e-02
-4.579306189415532913e-02
-5.088667036821803435e-02
-5.343347460524938697e-02
-5.343347460524938697e-02
-6.107388731634344481e-02
-6.107388731634344481e-02
-5.088667036821803435e-02
-5.343347460524938697e-02
-4.579306189415532913e-02
-5.088667036821803435e-02
-5.088667036821803435e-02
-5.852708307931209220e-02
-6.107388731634344481e-02
-5.343347460524938697e-02
-5.343347460524938697e-02
-4.833986613118668174e-02
-4.579306189415532913e-02
-5.343347460524938697e-02
-5.598027884228073958e-02
-5.852708307931209220e-02
-6.107388731634344481e-02
-5.598027884228073958e-02
-5.343347460524938697e-02
-4.833986613118668174e-02
-5.343347460524938697e-02
-5.343347460524938697e-02
-6.107388731634344481e-02
-5.088667036821803435e-02
-5.343347460524938697e-02
-4.579306189415532913e-02
-4.579306189415532913e-02
-5.343347460524938697e-02
-5.088667036821803435e-02
-5.852708307931209220e-02
-5.343347460524938697e-02
-5.088667036821803435e-02
-4.579306189415532913e-02
-4.579306189415532913e-02
-5.088667036821803435e-02
-5.343347460524938697e-02
-6.107388731634344481e-02
-5.852708307931209220e-02
-5.343347460524938697e-02
-4.833986613118668174e-02
-4.833986613118668174e-02
-5.088667036821803435e-02
-5.088667036821803435e-02
-5.598027884228073958e-02
-5.343347460524938697e-02
-5.088667036821803435e-02
-4.833986613118668174e-02
-4.579306189415532913e-02
-5.088667036821803435e-02
-5.343347460524938697e-02
-6.107388731634344481e-02
-5.852708307931209220e-02
-5.088667036821803435e-02
-5.343347460524938697e-02
-5.598027884228073958e-02
-4.833986613118668174e-02
-4.833986613118668174e-02
-5.343347460524938697e-02
-5.852708307931209220e-02
-6.107388731634344481e-02
-5.343347460524938697e-02
-5.343347460524938697e-02
-4.579306189415532913e-02
-5.343347460524938697e-02
-6.107388731634344481e-02
-5.852708307931209220e-02
-5.852708307931209220e-02
-5.343347460524938697e-02
-5.598027884228073958e-02
-4.579306189415532913e-02
-4.833986613118668174e-02
-5.088667036821803435e-02
-5.343347460524938697e-02
-5.852708307931209220e-02
-6.107388731634344481e-02
-5.088667036821803435e-02
-5.343347460524938697e-02
-4.833986613118668174e-02
-4.833986613118668174e-02
-5.343347460524938697e-02
-5.598027884228073958e-02
-5.852708307931209220e-02
-5.088667036821803435e-02
-4.833986613118668174e-02
-4.579306189415532913e-02
-5.343347460524938697e-02
-5.088667036821803435e-02
-5.343347460524938697e-02
-5.852708307931209220e-02
-6.362069155337479742e-02
-5.343347460524938697e-02
-5.343347460524938697e-02
-4.833986613118668174e-02
-5.088667036821803435e-02
-5.343347460524938697e-02
-5.852708307931209220e-02
-6.107388731634344481e-02
-5.343347460524938697e-02
-5.343347460524938697e-02
-4.833986613118668174e-02
-5.088667036821803435e-02
-5.343347460524938697e-02
-5.852708307931209220e-02
-6.107388731634344481e-02
-5.343347460524938697e-02
-5.343347460524938697e-02
-4.579306189415532913e-02
-4.833986613118668174e-02
-5.088667036821803435e-02
-5.852708307931209220e-02
-6.107388731634344481e-02
-5.088667036821803435e-02
-5.343347460524938697e-02
-4.833986613118668174e-02
-4.833986613118668174e-02
-5.343347460524938697e-02
-5.088667036821803435e-02
-6.107388731634344481e-02
-5.852708307931209220e-02
-4.833986613118668174e-02
-4.579306189415532913e-02
-4.833986613118668174e-02
-5.343347460524938697e-02
-6.107388731634344481e-02
-5.852708307931209220e-02
-5.088667036821803435e-02
-5.088667036821803435e-02
-4.579306189415532913e-02
-4.579306189415532913e-02
-5.088667036821803435e-02
-5.088667036821803435e-02
-5.852708307931209220e-02
-5.852708307931209220e-02
-5.343347460524938697e-02
-5.343347460524938697e-02
-4.579306189415532913e-02
-5.088667036821803435e-02
-5.088667036821803435e-02
-5.852708307931209220e-02
-5.852708307931209220e-02
-5.088667036821803435e-02
-5.343347460524938697e-02
-5.343347460524938697e-02
-4.579306189415532913e-02
-4.579306189415532913e-02
-5.088667036821803435e-02
-5.343347460524938697e-02
-5.852708307931209220e-02
-5.852708307931209220e-02
-5.343347460524938697e-02
-5.343347460524938697e-02
-4.579306189415532913e-02
-5.343347460524938697e-02
-5.343347460524938697e-02
-5.852708307931209220e-02
-5.852708307931209220e-02
-5.343347460524938697e-02
-4.833986613118668174e-02
-4.579306189415532913e-02
-5.343347460524938697e-02
-5.088667036821803435e-02
-5.852708307931209220e-02
-5.852708307931209220e-02
-5.088667036821803435e-02
-5.598027884228073958e-02
-4.833986613118668174e-02
-5.088667036821803435e-02
-5.088667036821803435e-02
-5.343347460524938697e-02
-5.852708307931209220e-02
-5.852708307931209220e-02
-5.088667036821803435e-02
-4.833986613118668174e-02
-4.579306189415532913e-02
-5.088667036821803435e-02
-5.343347460524938697e-02
-5.852708307931209220e-02
-5.852708307931209220e-02
-5.343347460524938697e-02
-5.088667036821803435e-02
-4.579306189415532913e-02
-4.833986613118668174e-02
-5.088667036821803435e-02
-5.088667036821803435e-02
-5.343347460524938697e-02
-5.852708307931209220e-02
-5.343347460524938697e-02
-5.343347460524938697e-02
-4.579306189415532913e-02
-4.833986613118668174e-02
-5.088667036821803435e-02
-5.088667036821803435e-02
-5.852708307931209220e-02
-6.107388731634344481e-02
-5.088667036821803435e-02
-5.343347460524938697e-02
-4.833986613118668174e-02
-5.088667036821803435e-02
-5.343347460524938697e-02
-5.852708307931209220e-02
-5.598027884228073958e-02
-5.343347460524938697e-02
-5.343347460524938697e-02
-4.579306189415532913e-02
-4.579306189415532913e-02
-5.088667036821803435e-02
-5.343347460524938697e-02
-5.598027884228073958e-02
-5.852708307931209220e-02
-5.343347460524938697e-02
-5.343347460524938697e-02
-4.579306189415532913e-02
-4.833986613118668174e-02
-5.343347460524938697e-02
-5.852708307931209220e-02
-6.107388731634344481e-02
-5.343347460524938697e-02
-5.088667036821803435e-02
-4.833986613118668174e-02
-4.579306189415532913e-02
-5.088667036821803435e-02
-5.343347460524938697e-02
-6.107388731634344481e-02
-5.088667036821803435e-02
-5.088667036821803435e-02
-4.833986613118668174e-02
-4.579306189415532913e-02
-5.088667036821803435e-02
-5.343347460524938697e-02
-5.852708307931209220e-02
-6.107388731634344481e-02
-5.598027884228073958e-02
-4.833986613118668174e-02
-5.088667036821803435e-02
-5.088667036821803435e-02
-5.343347460524938697e-02
-5.598027884228073958e-02
-6.107388731634344481e-02
-5.598027884228073958e-02
-5.343347460524938697e-02
-4.833986613118668174e-02
-5.088667036821803435e-02
-5.343347460524938697e-02
-5.852708307931209220e-02
-5.852708307931209220e-02
-5.343347460524938697e-02
-5.343347460524938697e-02
-4.579306189415532913e-02
-4.833986613118668174e-02
-5.343347460524938697e-02
-5.343347460524938697e-02
-6.107388731634344481e-02
-5.343347460524938697e-02
-5.343347460524938697e-02
-4.833986613118668174e-02
-5.343347460524938697e-02
-5.343347460524938697e-02
-5.343347460524938697e-02
-5.852708307931209220e-02
-5.343347460524938697e-02
-5.343347460524938697e-02
-5.343347460524938697e-02
-4.324625765712397651e-02
-5.088667036821803435e-02
-5.088667036821803435e-02
-5.343347460524938697e-02
-6.107388731634344481e-02
-5.852708307931209220e-02
-5.088667036821803435e-02
-4.579306189415532913e-02
-4.833986613118668174e-02
-5.343347460524938697e-02
-5.343347460524938697e-02
-5.852708307931209220e-02
-6.107388731634344481e-02
-5.088667036821803435e-02
-5.343347460524938697e-02
-4.833986613118668174e-02
-4.833986613118668174e-02
-5.343347460524938697e-02
-5.598027884228073958e-02
-5.343347460524938697e-02
-5.343347460524938697e-02
-5.088667036821803435e-02
-4.579306189415532913e-02
-4.833986613118668174e-02
-5.343347460524938697e-02
-5.343347460524938697e-02
-6.107388731634344481e-02
-5.852708307931209220e-02
-5.088667036821803435e-02
-5.343347460524938697e-02
-4.579306189415532913e-02
-4.833986613118668174e-02
-5.343347460524938697e-02
-5.852708307931209220e-02
-5.343347460524938697e-02
-5.852708307931209220e-02
-5.343347460524938697e-02
-4.833986613118668174e-02
-4.833986613118668174e-02
-5.088667036821803435e-02
-5.343347460524938697e-02
-5.852708307931209220e-02
-5.852708307931209220e-02
-5.088667036821803435e-02
-5.343347460524938697e-02
-4.579306189415532913e-02
-5.343347460524938697e-02
-6.107388731634344481e-02
-5.852708307931209220e-02
-5.852708307931209220e-02
-5.343347460524938697e-02
-5.088667036821803435e-02
-4.579306189415532913e-02
-4.833986613118668174e-02
-5.088667036821803435e-02
-5.343347460524938697e-02
-5.852708307931209220e-02
-5.598027884228073958e-02
-5.343347460524938697e-02
-4.833986613118668174e-02
-4.833986613118668174e-02
-4.579306189415532913e-02
-5.088667036821803435e-02
-5.088667036821803435e-02
-5.852708307931209220e-02
-6.107388731634344481e-02
-5.343347460524938697e-02
-5.088667036821803435e-02
-4.579306189415532913e-02
-4.579306189415532913e-02
-5.343347460524938697e-02
-5.852708307931209220e-02
-6.107388731634344481e-02
-5.343347460524938697e-02
-5.343347460524938697e-02
-4.833986613118668174e-02
-4.833986613118668174e-02
-5.088667036821803435e-02
-5.343347460524938697e-02
-5.852708307931209220e-02
-5.852708307931209220e-02
-5.088667036821803435e-02
-4.579306189415532913e-02
-5.343347460524938697e-02
-4.833986613118668174e-02
-5.343347460524938697e-02
-5.852708307931209220e-02
-5.852708307931209220e-02
-5.343347460524938697e-02
-5.343347460524938697e-02
-4.579306189415532913e-02
-4.579306189415532913e-02
-5.088667036821803435e-02
-6.107388731634344481e-02
-5.852708307931209220e-02
-5.343347460524938697e-02
-5.088667036821803435e-02
-4.579306189415532913e-02
-4.579306189415532913e-02
-4.833986613118668174e-02
-5.343347460524938697e-02
-5.598027884228073958e-02
-5.852708307931209220e-02
-5.343347460524938697e-02
-5.343347460524938697e-02
-4.579306189415532913e-02
-4.833986613118668174e-02
-5.088667036821803435e-02
-5.088667036821803435e-02
-6.107388731634344481e-02
-5.088667036821803435e-02
-5.088667036821803435e-02
-4.833986613118668174e-02
-5.343347460524938697e-02
-5.088667036821803435e-02
-5.852708307931209220e-02
-5.852708307931209220e-02
-5.852708307931209220e-02
-5.343347460524938697e-02
-4.579306189415532913e-02
-4.833986613118668174e-02
-5.343347460524938697e-02
-5.343347460524938697e-02
-5.852708307931209220e-02
-5.852708307931209220e-02
-5.088667036821803435e-02
-4.579306189415532913e-02
-4.833986613118668174e-02
-5.343347460524938697e-02
-5.088667036821803435e-02
-5.852708307931209220e-02
-5.852708307931209220e-02
-5.343347460524938697e-02
-5.088667036821803435e-02
-4.579306189415532913e-02
-4.833986613118668174e-02
-5.088667036821803435e-02
-5.852708307931209220e-02
-6.107388731634344481e-02
-5.343347460524938697e-02
-5.343347460524938697e-02
-5.343347460524938697e-02
-4.833986613118668174e-02
-5.088667036821803435e-02
-5.343347460524938697e-02
-6.107388731634344481e-02
-5.852708307931209220e-02
-5.343347460524938697e-02
-5.343347460524938697e-02
-5.088667036821803435e-02
-5.088667036821803435e-02
-5.343347460524938697e-02
-5.852708307931209220e-02
-5.088667036821803435e-02
-5.343347460524938697e-02
-4.833986613118668174e-02
-4.833986613118668174e-02
-5.343347460524938697e-02
-5.343347460524938697e-02
-5.852708307931209220e-02
-5.343347460524938697e-02
-5.088667036821803435e-02
-5.343347460524938697e-02
-5.088667036821803435e-02
-5.343347460524938697e-02
-5.088667036821803435e-02
-6.107388731634344481e-02
-5.852708307931209220e-02
-5.343347460524938697e-02
-5.088667036821803435e-02
-4.579306189415532913e-02
-4.833986613118668174e-02
-5.088667036821803435e-02
-5.088667036821803435e-02
-5.598027884228073958e-02
-5.852708307931209220e-02
-5.343347460524938697e-02
-4.833986613118668174e-02
-4.579306189415532913e-02
-4.579306189415532913e-02
-5.343347460524938697e-02
-5.852708307931209220e-02
-5.852708307931209220e-02
-5.088667036821803435e-02
-5.343347460524938697e-02
-4.579306189415532913e-02
-4.579306189415532913e-02
-5.088667036821803435e-02
-5.088667036821803435e-02
-5.088667036821803435e-02
-6.107388731634344481e-02
-5.088667036821803435e-02
-5.343347460524938697e-02
-4.579306189415532913e-02
-4.833986613118668174e-02
-5.088667036821803435e-02
-5.343347460524938697e-02
-5.598027884228073958e-02
-5.852708307931209220e-02
-5.088667036821803435e-02
-5.088667036821803435e-02
-4.579306189415532913e-02
-5.088667036821803435e-02
-5.343347460524938697e-02
-5.852708307931209220e-02
-5.088667036821803435e-02
-5.343347460524938697e-02
-4.833986613118668174e-02
-4.579306189415532913e-02
-5.343347460524938697e-02
-5.343347460524938697e-02
-5.852708307931209220e-02
-5.852708307931209220e-02
-5.343347460524938697e-02
-5.088667036821803435e-02
-4.579306189415532913e-02
-4.579306189415532913e-02
-5.343347460524938697e-02
-5.343347460524938697e-02
-5.852708307931209220e-02
-5.343347460524938697e-02
-5.088667036821803435e-02
-5.343347460524938697e-02
-4.579306189415532913e-02
-4.833986613118668174e-02
-5.343347460524938697e-02
-5.343347460524938697e-02
-5.852708307931209220e-02
-5.343347460524938697e-02
-4.833986613118668174e-02
-4.579306189415532913e-02
-4.579306189415532913e-02
-5.343347460524938697e-02
-5.852708307931209220e-02
-5.852708307931209220e-02
-5.088667036821803435e-02
-5.088667036821803435e-02
-4.833986613118668174e-02
-4.833986613118668174e-02
-5.343347460524938697e-02
-5.343347460524938697e-02
-5.852708307931209220e-02
-5.852708307931209220e-02
-5.088667036821803435e-02
-4.579306189415532913e-02
-4.579306189415532913e-02
-4.833986613118668174e-02
-5.343347460524938697e-02
-5.852708307931209220e-02
-5.852708307931209220e-02
-5.088667036821803435e-02
-4.833986613118668174e-02
-4.579306189415532913e-02
-4.833986613118668174e-02
-5.343347460524938697e-02
-5.343347460524938697e-02
-6.107388731634344481e-02
-5.852708307931209220e-02
-5.088667036821803435e-02
-5.343347460524938697e-02
-4.579306189415532913e-02
-5.343347460524938697e-02
-5.088667036821803435e-02
-5.852708307931209220e-02
-6.107388731634344481e-02
-5.343347460524938697e-02
-5.343347460524938697e-02
-4.833986613118668174e-02
-4.833986613118668174e-02
-5.343347460524938697e-02
-5.852708307931209220e-02
-5.852708307931209220e-02
-5.088667036821803435e-02
-5.343347460524938697e-02
-4.833986613118668174e-02
-4.579306189415532913e-02
-5.343347460524938697e-02
-5.343347460524938697e-02
-5.852708307931209220e-02
-5.088667036821803435e-02
-5.343347460524938697e-02
-4.579306189415532913e-02
-4.833986613118668174e-02
-5.088667036821803435e-02
-5.088667036821803435e-02
-6.107388731634344481e-02
-5.852708307931209220e-02
-5.343347460524938697e-02
-5.343347460524938697e-02
-4.579306189415532913e-02
-4.833986613118668174e-02
-5.343347460524938697e-02
-5.852708307931209220e-02
-5.852708307931209220e-02
-5.343347460524938697e-02
-5.088667036821803435e-02
-4.833986613118668174e-02
-4.833986613118668174e-02
-5.343347460524938697e-02
-5.343347460524938697e-02
-6.107388731634344481e-02
-5.343347460524938697e-02
-4.833986613118668174e-02
-4.579306189415532913e-02
-5.088667036821803435e-02
-5.088667036821803435e-02
-5.852708307931209220e-02
-6.107388731634344481e-02
-5.088667036821803435e-02
-5.343347460524938697e-02
-5.343347460524938697e-02
-4.833986613118668174e-02
-5.343347460524938697e-02
-5.343347460524938697e-02
-6.107388731634344481e-02
-5.852708307931209220e-02
-5.343347460524938697e-02
-5.343347460524938697e-02
-4.579306189415532913e-02
-4.833986613118668174e-02
-5.088667036821803435e-02
-5.598027884228073958e-02
-5.852708307931209220e-02
-5.088667036821803435e-02
-5.343347460524938697e-02
-4.579306189415532913e-02
-4.579306189415532913e-02
-5.343347460524938697e-02
-5.343347460524938697e-02
-5.852708307931209220e-02
-5.343347460524938697e-02
-5.343347460524938697e-02
-4.833986613118668174e-02
-4.833986613118668174e-02
-5.088667036821803435e-02
-5.088667036821803435e-02
-5.852708307931209220e-02
-5.852708307931209220e-02
-5.343347460524938697e-02
-5.343347460524938697e-02
-4.833986613118668174e-02
-4.833986613118668174e-02
-6.107388731634344481e-02
-5.852708307931209220e-02
-5.343347460524938697e-02
-5.343347460524938697e-02
-4.833986613118668174e-02
-4.579306189415532913e-02
-5.088667036821803435e-02
-5.088667036821803435e-02
-5.852708307931209220e-02
-6.107388731634344481e-02
-5.343347460524938697e-02
-4.579306189415532913e-02
-4.579306189415532913e-02
-5.088667036821803435e-02
-5.343347460524938697e-02
-6.107388731634344481e-02
-6.107388731634344481e-02
-5.088667036821803435e-02
-4.833986613118668174e-02
-4.579306189415532913e-02
-5.343347460524938697e-02
-5.343347460524938697e-02
-5.852708307931209220e-02
-5.852708307931209220e-02
-5.343347460524938697e-02
-5.088667036821803435e-02
-4.579306189415532913e-02
-5.088667036821803435e-02
-5.343347460524938697e-02
-5.852708307931209220e-02
-5.852708307931209220e-02
-5.343347460524938697e-02
-4.833986613118668174e-02
-4.833986613118668174e-02
-5.598027884228073958e-02
-5.343347460524938697e-02
-5.852708307931209220e-02
-5.852708307931209220e-02
-5.852708307931209220e-02
-5.088667036821803435e-02
-5.343347460524938697e-02
-4.579306189415532913e-02
-4.833986613118668174e-02
-5.343347460524938697e-02
-5.088667036821803435e-02
-5.852708307931209220e-02
-5.088667036821803435e-02
-4.579306189415532913e-02
-4.833986613118668174e-02
-5.343347460524938697e-02
-5.343347460524938697e-02
-5.852708307931209220e-02
-6.107388731634344481e-02
-5.088667036821803435e-02
-5.343347460524938697e-02
-4.833986613118668174e-02
-4.833986613118668174e-02
-5.343347460524938697e-02
-6.107388731634344481e-02
-6.107388731634344481e-02
-5.598027884228073958e-02
-5.343347460524938697e-02
-4.833986613118668174e-02
-4.833986613118668174e-02
-5.343347460524938697e-02
-5.088667036821803435e-02
-5.852708307931209220e-02
-5.852708307931209220e-02
-5.088667036821803435e-02
-4.579306189415532913e-02
-4.579306189415532913e-02
-4.579306189415532913e-02
-5.343347460524938697e-02
-5.343347460524938697e-02
-5.852708307931209220e-02
-5.088667036821803435e-02
-5.343347460524938697e-02
-4.579306189415532913e-02
-4.833986613118668174e-02
-5.343347460524938697e-02
-6.107388731634344481e-02
-5.852708307931209220e-02
-5.852708307931209220e-02
-5.598027884228073958e-02
-4.833986613118668174e-02
-4.833986613118668174e-02
-5.343347460524938697e-02
-5.343347460524938697e-02
-5.852708307931209220e-02
-5.343347460524938697e-02
-5.343347460524938697e-02
-4.833986613118668174e-02
-4.833986613118668174e-02
-5.088667036821803435e-02
-5.343347460524938697e-02
-5.852708307931209220e-02
-5.852708307931209220e-02
-5.343347460524938697e-02
-4.579306189415532913e-02
-4.833986613118668174e-02
-5.343347460524938697e-02
-5.343347460524938697e-02
-5.852708307931209220e-02
-5.852708307931209220e-02
-5.852708307931209220e-02
-5.343347460524938697e-02
-5.343347460524938697e-02
-4.833986613118668174e-02
-4.579306189415532913e-02
-5.343347460524938697e-02
-5.343347460524938697e-02
-5.852708307931209220e-02
-5.852708307931209220e-02
-5.088667036821803435e-02
-5.343347460524938697e-02
-4.833986613118668174e-02
-5.343347460524938697e-02
-5.343347460524938697e-02
-5.852708307931209220e-02
-6.107388731634344481e-02
-5.343347460524938697e-02
-5.343347460524938697e-02
-4.579306189415532913e-02
-4.579306189415532913e-02
-5.343347460524938697e-02
-6.107388731634344481e-02
-6.107388731634344481e-02
-5.343347460524938697e-02
-5.088667036821803435e-02
-4.579306189415532913e-02
-4.833986613118668174e-02
-5.343347460524938697e-02
-5.852708307931209220e-02
-6.107388731634344481e-02
-5.852708307931209220e-02
-5.343347460524938697e-02
-5.343347460524938697e-02
-5.088667036821803435e-02
-4.579306189415532913e-02
-5.343347460524938697e-02
-5.343347460524938697e-02
-5.852708307931209220e-02
-5.852708307931209220e-02
-5.598027884228073958e-02
-4.833986613118668174e-02
-4.833986613118668174e-02
-5.088667036821803435e-02
-5.088667036821803435e-02
-6.107388731634344481e-02
-5.598027884228073958e-02
-5.343347460524938697e-02
-5.343347460524938697e-02
-4.579306189415532913e-02
-5.343347460524938697e-02
-5.852708307931209220e-02
-6.107388731634344481e-02
-5.343347460524938697e-02
-5.343347460524938697e-02
-4.833986613118668174e-02
-4.579306189415532913e-02
-4.579306189415532913e-02
-5.088667036821803435e-02
-5.088667036821803435e-02
-6.107388731634344481e-02
-5.852708307931209220e-02
-5.343347460524938697e-02
-4.579306189415532913e-02
-4.833986613118668174e-02
-5.343347460524938697e-02
-5.343347460524938697e-02
-6.107388731634344481e-02
-5.852708307931209220e-02
-5.088667036821803435e-02
-5.343347460524938697e-02
-4.833986613118668174e-02
-4.833986613118668174e-02
-5.598027884228073958e-02
-5.343347460524938697e-02
-6.107388731634344481e-02
-5.852708307931209220e-02
-5.088667036821803435e-02
-5.088667036821803435e-02
-5.088667036821803435e-02
-5.088667036821803435e-02
-6.107388731634344481e-02
-6.107388731634344481e-02
-5.343347460524938697e-02
-5.343347460524938697e-02
-4.579306189415532913e-02
-4.579306189415532913e-02
-5.343347460524938697e-02
-5.343347460524938697e-02
-5.343347460524938697e-02
-6.107388731634344481e-02
-5.088667036821803435e-02
-5.343347460524938697e-02
-4.579306189415532913e-02
-4.579306189415532913e-02
-5.343347460524938697e-02
-5.088667036821803435e-02
-5.852708307931209220e-02
-6.107388731634344481e-02
-5.343347460524938697e-02
-5.088667036821803435e-02
-4.579306189415532913e-02
-5.088667036821803435e-02
-5.343347460524938697e-02
-5.852708307931209220e-02
-5.852708307931209220e-02
-5.088667036821803435e-02
-4.833986613118668174e-02
-4.579306189415532913e-02
-4.833986613118668174e-02
-5.088667036821803435e-02
-5.343347460524938697e-02
-6.107388731634344481e-02
-5.852708307931209220e-02
-5.598027884228073958e-02
-5.088667036821803435e-02
-4.833986613118668174e-02
-5.343347460524938697e-02
-5.343347460524938697e-02
-5.852708307931209220e-02
-5.852708307931209220e-02
-5.343347460524938697e-02
-5.598027884228073958e-02
-4.833986613118668174e-02
-4.579306189415532913e-02
-5.088667036821803435e-02
-5.343347460524938697e-02
-5.852708307931209220e-02
-5.852708307931209220e-02
-5.598027884228073958e-02
-4.833986613118668174e-02
-4.833986613118668174e-02
-5.343347460524938697e-02
-5.343347460524938697e-02
-5.852708307931209220e-02
-5.852708307931209220e-02
-5.088667036821803435e-02
-4.833986613118668174e-02
-5.088667036821803435e-02
-5.343347460524938697e-02
-5.088667036821803435e-02
-6.107388731634344481e-02
-5.852708307931209220e-02
-5.343347460524938697e-02
-4.833986613118668174e-02
-4.833986613118668174e-02
-4.579306189415532913e-02
-5.088667036821803435e-02
-5.343347460524938697e-02
-5.852708307931209220e-02
-5.598027884228073958e-02
-5.343347460524938697e-02
-4.833986613118668174e-02
-4.579306189415532913e-02
-5.343347460524938697e-02
-5.343347460524938697e-02
-5.852708307931209220e-02
-5.852708307931209220e-02
-5.343347460524938697e-02
-5.343347460524938697e-02
-4.833986613118668174e-02
-4.579306189415532913e-02
-5.598027884228073958e-02
-5.088667036821803435e-02
-6.107388731634344481e-02
-5.852708307931209220e-02
-5.343347460524938697e-02
-4.579306189415532913e-02
-4.833986613118668174e-02
-5.343347460524938697e-02
-5.852708307931209220e-02
-6.107388731634344481e-02
-6.107388731634344481e-02
-5.343347460524938697e-02
-5.343347460524938697e-02
-4.833986613118668174e-02
-4.833986613118668174e-02
-5.343347460524938697e-02
-5.343347460524938697e-02
-5.852708307931209220e-02
-5.088667036821803435e-02
-5.343347460524938697e-02
-4.833986613118668174e-02
-4.833986613118668174e-02
-5.343347460524938697e-02
-5.343347460524938697e-02
-6.107388731634344481e-02
-6.107388731634344481e-02
-5.343347460524938697e-02
-5.343347460524938697e-02
-4.579306189415532913e-02
-5.343347460524938697e-02
-5.088667036821803435e-02
-5.852708307931209220e-02
-5.343347460524938697e-02
-5.343347460524938697e-02
-4.833986613118668174e-02
-4.833986613118668174e-02
-5.343347460524938697e-02
-5.343347460524938697e-02
-5.852708307931209220e-02
-5.852708307931209220e-02
-5.343347460524938697e-02
-4.833986613118668174e-02
-4.833986613118668174e-02
-5.343347460524938697e-02
-5.343347460524938697e-02
-6.107388731634344481e-02
-6.107388731634344481e-02
-6.107388731634344481e-02
-5.343347460524938697e-02
-5.088667036821803435e-02
-4.579306189415532913e-02
-5.343347460524938697e-02
-5.088667036821803435e-02
-5.852708307931209220e-02
-6.107388731634344481e-02
-5.343347460524938697e-02
-4.833986613118668174e-02
-4.833986613118668174e-02
-5.343347460524938697e-02
-5.088667036821803435e-02
-5.852708307931209220e-02
-5.088667036821803435e-02
-5.343347460524938697e-02
-4.833986613118668174e-02
-4.833986613118668174e-02
-5.088667036821803435e-02
-5.088667036821803435e-02
-5.852708307931209220e-02
-5.343347460524938697e-02
-5.343347460524938697e-02
-5.088667036821803435e-02
-4.833986613118668174e-02
-5.343347460524938697e-02
-5.088667036821803435e-02
-6.107388731634344481e-02
-5.343347460524938697e-02
-5.343347460524938697e-02
-4.833986613118668174e-02
-5.088667036821803435e-02
-4.579306189415532913e-02
-5.343347460524938697e-02
-5.088667036821803435e-02
-6.107388731634344481e-02
-5.343347460524938697e-02
-5.343347460524938697e-02
-5.088667036821803435e-02
-4.579306189415532913e-02
-5.343347460524938697e-02
-5.088667036821803435e-02
-5.852708307931209220e-02
-5.852708307931209220e-02
-5.088667036821803435e-02
-4.579306189415532913e-02
-4.579306189415532913e-02
-5.343347460524938697e-02
-6.107388731634344481e-02
-5.852708307931209220e-02
-5.598027884228073958e-02
-5.343347460524938697e-02
-4.833986613118668174e-02
-5.088667036821803435e-02
-5.598027884228073958e-02
-5.343347460524938697e-02
-5.852708307931209220e-02
-6.107388731634344481e-02
-5.852708307931209220e-02
-5.343347460524938697e-02
-4.579306189415532913e-02
-4.833986613118668174e-02
-5.343347460524938697e-02
-5.343347460524938697e-02
-6.107388731634344481e-02
-5.343347460524938697e-02
-5.343347460524938697e-02
-5.088667036821803435e-02
-4.833986613118668174e-02
-4.833986613118668174e-02
-5.088667036821803435e-02
-5.088667036821803435e-02
-5.852708307931209220e-02
-5.343347460524938697e-02
-5.343347460524938697e-02
-5.088667036821803435e-02
-4.579306189415532913e-02
-5.343347460524938697e-02
-5.343347460524938697e-02
-5.852708307931209220e-02
-5.852708307931209220e-02
-5.343347460524938697e-02
-5.343347460524938697e-02
-4.579306189415532913e-02
-4.833986613118668174e-02
-5.343347460524938697e-02
-6.107388731634344481e-02
-5.852708307931209220e-02
-5.343347460524938697e-02
-4.833986613118668174e-02
-4.833986613118668174e-02
-5.343347460524938697e-02
-5.343347460524938697e-02
-5.343347460524938697e-02
-5.852708307931209220e-02
-6.107388731634344481e-02
-5.343347460524938697e-02
-4.579306189415532913e-02
-4.833986613118668174e-02
-5.343347460524938697e-02
-5.852708307931209220e-02
-5.852708307931209220e-02
-5.343347460524938697e-02
-5.343347460524938697e-02
-4.833986613118668174e-02
-4.833986613118668174e-02
-4.833986613118668174e-02
-5.343347460524938697e-02
-6.107388731634344481e-02
-5.852708307931209220e-02
-5.343347460524938697e-02
-4.579306189415532913e-02
-4.833986613118668174e-02
-5.088667036821803435e-02
-5.343347460524938697e-02
-5.852708307931209220e-02
-6.107388731634344481e-02
-5.598027884228073958e-02
-5.343347460524938697e-02
-4.833986613118668174e-02
-4.579306189415532913e-02
-5.343347460524938697e-02
-6.362069155337479742e-02
-5.852708307931209220e-02
-5.343347460524938697e-02
-5.343347460524938697e-02
-4.833986613118668174e-02
-4.833986613118668174e-02
-5.343347460524938697e-02
-5.343347460524938697e-02
-5.343347460524938697e-02
-5.852708307931209220e-02
-5.343347460524938697e-02
-5.343347460524938697e-02
-4.833986613118668174e-02
-4.833986613118668174e-02
-5.343347460524938697e-02
-5.852708307931209220e-02
-6.107388731634344481e-02
-5.343347460524938697e-02
-5.343347460524938697e-02
-4.579306189415532913e-02
-4.833986613118668174e-02
-5.598027884228073958e-02
-5.343347460524938697e-02
-6.107388731634344481e-02
-6.107388731634344481e-02
-5.343347460524938697e-02
-4.833986613118668174e-02
-5.088667036821803435e-02
-5.088667036821803435e-02
-5.343347460524938697e-02
-6.107388731634344481e-02
-5.852708307931209220e-02
-5.343347460524938697e-02
-5.598027884228073958e-02
-5.088667036821803435e-02
-4.833986613118668174e-02
-5.343347460524938697e-02
-5.088667036821803435e-02
-5.852708307931209220e-02
-5.852708307931209220e-02
-5.343347460524938697e-02
-4.833986613118668174e-02
-4.833986613118668174e-02
-5.343347460524938697e-02
-5.343347460524938697e-02
-6.107388731634344481e-02
-5.852708307931209220e-02
-5.343347460524938697e-02
-5.343347460524938697e-02
-5.088667036821803435e-02
-4.833986613118668174e-02
-5.343347460524938697e-02
-6.107388731634344481e-02
-5.852708307931209220e-02
-5.088667036821803435e-02
-5.343347460524938697e-02
-5.088667036821803435e-02
-5.088667036821803435e-02
-5.598027884228073958e-02
-5.343347460524938697e-02
-6.107388731634344481e-02
-5.088667036821803435e-02
-5.343347460524938697e-02
-4.833986613118668174e-02
-4.833986613118668174e-02
-5.343347460524938697e-02
-5.343347460524938697e-02
-5.852708307931209220e-02
-6.107388731634344481e-02
-5.343347460524938697e-02
-5.088667036821803435e-02
-5.088667036821803435e-02
-4.579306189415532913e-02
-5.343347460524938697e-02
-5.088667036821803435e-02
-6.107388731634344481e-02
-6.107388731634344481e-02
-5.088667036821803435e-02
-5.343347460524938697e-02
-4.579306189415532913e-02
-4.579306189415532913e-02
-5.343347460524938697e-02
-5.343347460524938697e-02
-6.107388731634344481e-02
-5.598027884228073958e-02
-5.088667036821803435e-02
-4.833986613118668174e-02
-4.579306189415532913e-02
-5.343347460524938697e-02
-5.343347460524938697e-02
-5.852708307931209220e-02
-5.343347460524938697e-02
-5.343347460524938697e-02
-4.579306189415532913e-02
-4.833986613118668174e-02
-4.833986613118668174e-02
-5.343347460524938697e-02
-6.107388731634344481e-02
-5.852708307931209220e-02
-5.598027884228073958e-02
-5.343347460524938697e-02
-4.579306189415532913e-02
-5.343347460524938697e-02
-5.343347460524938697e-02
-6.107388731634344481e-02
-6.107388731634344481e-02
-5.343347460524938697e-02
-5.343347460524938697e-02
-4.833986613118668174e-02
-4.833986613118668174e-02
-4.579306189415532913e-02
-5.343347460524938697e-02
-6.107388731634344481e-02
-6.107388731634344481e-02
-5.598027884228073958e-02
-5.343347460524938697e-02
-4.579306189415532913e-02
-4.579306189415532913e-02
-5.343347460524938697e-02
-5.343347460524938697e-02
-6.107388731634344481e-02
-5.852708307931209220e-02
-5.343347460524938697e-02
-4.579306189415532913e-02
-4.579306189415532913e-02
-5.343347460524938697e-02
-5.343347460524938697e-02
-5.852708307931209220e-02
-5.852708307931209220e-02
-5.343347460524938697e-02
-5.343347460524938697e-02
-5.088667036821803435e-02
-5.343347460524938697e-02
-5.343347460524938697e-02
-5.852708307931209220e-02
-5.852708307931209220e-02
-5.852708307931209220e-02
-5.343347460524938697e-02
-5.088667036821803435e-02
-4.833986613118668174e-02
-5.343347460524938697e-02
-5.343347460524938697e-02
-5.852708307931209220e-02
-5.852708307931209220e-02
-5.343347460524938697e-02
-5.343347460524938697e-02
-4.579306189415532913e-02
-5.343347460524938697e-02
-5.343347460524938697e-02
-6.107388731634344481e-02
-5.852708307931209220e-02
-5.598027884228073958e-02
-5.343347460524938697e-02
-5.088667036821803435e-02
-4.579306189415532913e-02
-5.598027884228073958e-02
-5.852708307931209220e-02
-6.107388731634344481e-02
-5.088667036821803435e-02
-5.598027884228073958e-02
-5.088667036821803435e-02
-4.579306189415532913e-02
-5.088667036821803435e-02
-5.343347460524938697e-02
-6.107388731634344481e-02
-6.107388731634344481e-02
-5.343347460524938697e-02
-5.343347460524938697e-02
-4.833986613118668174e-02
-4.833986613118668174e-02
-5.598027884228073958e-02
-5.343347460524938697e-02
-6.107388731634344481e-02
-5.088667036821803435e-02
-5.343347460524938697e-02
-4.579306189415532913e-02
-5.088667036821803435e-02
-5.343347460524938697e-02
-5.343347460524938697e-02
-5.852708307931209220e-02
-6.107388731634344481e-02
-5.343347460524938697e-02
-5.343347460524938697e-02
-5.343347460524938697e-02
-4.833986613118668174e-02
-4.833986613118668174e-02
-5.343347460524938697e-02
-5.343347460524938697e-02
-5.852708307931209220e-02
-5.852708307931209220e-02
-5.088667036821803435e-02
-5.343347460524938697e-02
-4.579306189415532913e-02
-5.088667036821803435e-02
-5.598027884228073958e-02
-6.107388731634344481e-02
-5.343347460524938697e-02
-5.598027884228073958e-02
-4.833986613118668174e-02
-4.833986613118668174e-02
-5.343347460524938697e-02
-5.343347460524938697e-02
-6.107388731634344481e-02
-6.107388731634344481e-02
-5.598027884228073958e-02
-5.088667036821803435e-02
-4.833986613118668174e-02
-5.343347460524938697e-02
-5.343347460524938697e-02
-5.088667036821803435e-02
-6.107388731634344481e-02
-5.343347460524938697e-02
-5.343347460524938697e-02
-4.833986613118668174e-02
-4.579306189415532913e-02
-5.343347460524938697e-02
-5.343347460524938697e-02
-6.107388731634344481e-02
-5.852708307931209220e-02
-5.343347460524938697e-02
-5.343347460524938697e-02
-4.833986613118668174e-02
-4.579306189415532913e-02
-5.343347460524938697e-02
-5.088667036821803435e-02
-6.107388731634344481e-02
-5.343347460524938697e-02
-5.343347460524938697e-02
-4.579306189415532913e-02
-4.833986613118668174e-02
-5.343347460524938697e-02
-5.088667036821803435e-02
-5.852708307931209220e-02
-5.852708307931209220e-02
-5.852708307931209220e-02
-5.343347460524938697e-02
-5.088667036821803435e-02
-4.833986613118668174e-02
-5.343347460524938697e-02
-5.343347460524938697e-02
-6.107388731634344481e-02
-5.852708307931209220e-02
-5.343347460524938697e-02
-5.598027884228073958e-02
-4.579306189415532913e-02
-4.833986613118668174e-02
-5.343347460524938697e-02
-6.107388731634344481e-02
-5.852708307931209220e-02
-5.598027884228073958e-02
-5.343347460524938697e-02
-4.833986613118668174e-02
-4.833986613118668174e-02
-5.343347460524938697e-02
-5.343347460524938697e-02
-6.107388731634344481e-02
-5.343347460524938697e-02
-5.343347460524938697e-02
-5.088667036821803435e-02
-4.833986613118668174e-02
-4.833986613118668174e-02
-5.343347460524938697e-02
-6.107388731634344481e-02
-5.852708307931209220e-02
-5.343347460524938697e-02
-5.343347460524938697e-02
-4.579306189415532913e-02
-4.833986613118668174e-02
-5.088667036821803435e-02
-5.343347460524938697e-02
-5.852708307931209220e-02
-5.852708307931209220e-02
-5.343347460524938697e-02
-4.579306189415532913e-02
-5.343347460524938697e-02
-5.343347460524938697e-02
-5.343347460524938697e-02
-6.107388731634344481e-02
-5.852708307931209220e-02
-5.343347460524938697e-02
-5.088667036821803435e-02
-4.833986613118668174e-02
-4.579306189415532913e-02
-5.343347460524938697e-02
-5.343347460524938697e-02
-5.852708307931209220e-02
-5.343347460524938697e-02
-5.343347460524938697e-02
-4.833986613118668174e-02
-4.579306189415532913e-02
-5.343347460524938697e-02
-5.852708307931209220e-02
-6.107388731634344481e-02
-5.343347460524938697e-02
-5.343347460524938697e-02
-4.833986613118668174e-02
-5.343347460524938697e-02
-5.343347460524938697e-02
-5.852708307931209220e-02
-6.107388731634344481e-02
-5.343347460524938697e-02
-5.343347460524938697e-02
-4.833986613118668174e-02
-5.088667036821803435e-02
-5.598027884228073958e-02
-5.343347460524938697e-02
-5.343347460524938697e-02
-5.852708307931209220e-02
-5.343347460524938697e-02
-5.088667036821803435e-02
-4.579306189415532913e-02
-5.598027884228073958e-02
-5.343347460524938697e-02
-5.852708307931209220e-02
-5.852708307931209220e-02
-5.852708307931209220e-02
-5.343347460524938697e-02
-5.343347460524938697e-02
-4.833986613118668174e-02
-5.343347460524938697e-02
-5.088667036821803435e-02
-5.852708307931209220e-02
-6.107388731634344481e-02
-5.598027884228073958e-02
-5.343347460524938697e-02
-4.833986613118668174e-02
-4.579306189415532913e-02
-5.343347460524938697e-02
-5.852708307931209220e-02
-6.107388731634344481e-02
-5.598027884228073958e-02
-5.598027884228073958e-02
-4.833986613118668174e-02
-4.579306189415532913e-02
-5.343347460524938697e-02
-5.088667036821803435e-02
-5.852708307931209220e-02
-5.852708307931209220e-02
-4.833986613118668174e-02
-4.833986613118668174e-02
-4.833986613118668174e-02
-5.343347460524938697e-02
-5.343347460524938697e-02
-6.107388731634344481e-02
-5.852708307931209220e-02
-5.343347460524938697e-02
-5.343347460524938697e-02
-4.833986613118668174e-02
-5.343347460524938697e-02
-5.852708307931209220e-02
-6.107388731634344481e-02
-5.343347460524938697e-02
-5.088667036821803435e-02
-4.833986613118668174e-02
-5.088667036821803435e-02
-5.343347460524938697e-02
-5.852708307931209220e-02
-5.852708307931209220e-02
-5.852708307931209220e-02
-5.343347460524938697e-02
-5.343347460524938697e-02
-4.833986613118668174e-02
-4.579306189415532913e-02
-5.343347460524938697e-02
-6.107388731634344481e-02
-5.852708307931209220e-02
-5.343347460524938697e-02
-4.579306189415532913e-02
-4.579306189415532913e-02
-4.579306189415532913e-02
-5.343347460524938697e-02
-5.852708307931209220e-02
-6.107388731634344481e-02
-5.343347460524938697e-02
-5.343347460524938697e-02
-5.343347460524938697e-02
-4.833986613118668174e-02
-5.598027884228073958e-02
-5.343347460524938697e-02
-6.107388731634344481e-02
-5.852708307931209220e-02
-5.343347460524938697e-02
-5.088667036821803435e-02
-4.833986613118668174e-02
-4.579306189415532913e-02
-5.343347460524938697e-02
-5.088667036821803435e-02
-5.852708307931209220e-02
-5.343347460524938697e-02
-5.343347460524938697e-02
-4.833986613118668174e-02
-4.579306189415532913e-02
-5.343347460524938697e-02
-5.343347460524938697e-02
-6.107388731634344481e-02
-5.852708307931209220e-02
-5.343347460524938697e-02
-4.833986613118668174e-02
-5.088667036821803435e-02
-5.343347460524938697e-02
-5.852708307931209220e-02
-5.852708307931209220e-02
-5.343347460524938697e-02
-5.343347460524938697e-02
-5.088667036821803435e-02
-4.579306189415532913e-02
-5.343347460524938697e-02
-5.343347460524938697e-02
-6.107388731634344481e-02
-5.598027884228073958e-02
-5.343347460524938697e-02
-5.343347460524938697e-02
-4.579306189415532913e-02
-5.343347460524938697e-02
-5.852708307931209220e-02
-6.107388731634344481e-02
-6.107388731634344481e-02
-5.598027884228073958e-02
-4.833986613118668174e-02
-4.833986613118668174e-02
-5.343347460524938697e-02
-5.343347460524938697e-02
-6.107388731634344481e-02
-6.107388731634344481e-02
-5.088667036821803435e-02
-5.598027884228073958e-02
-4.833986613118668174e-02
-4.579306189415532913e-02
-5.088667036821803435e-02
-6.107388731634344481e-02
-5.852708307931209220e-02
-5.343347460524938697e-02
-5.343347460524938697e-02
-4.833986613118668174e-02
-5.088667036821803435e-02
-5.343347460524938697e-02
-5.343347460524938697e-02
-6.107388731634344481e-02
-6.107388731634344481e-02
-5.343347460524938697e-02
-4.579306189415532913e-02
-4.833986613118668174e-02
-5.343347460524938697e-02
-5.343347460524938697e-02
-6.107388731634344481e-02
-5.852708307931209220e-02
-5.343347460524938697e-02
-4.579306189415532913e-02
-4.833986613118668174e-02
-5.598027884228073958e-02
-5.343347460524938697e-02
-5.852708307931209220e-02
-5.852708307931209220e-02
-5.088667036821803435e-02
-5.598027884228073958e-02
-5.343347460524938697e-02
-4.833986613118668174e-02
-4.579306189415532913e-02
-5.343347460524938697e-02
-5.088667036821803435e-02
-5.852708307931209220e-02
-5.343347460524938697e-02
-4.579306189415532913e-02
-4.579306189415532913e-02
-5.088667036821803435e-02
-5.343347460524938697e-02
-5.852708307931209220e-02
-6.107388731634344481e-02
-5.343347460524938697e-02
-5.343347460524938697e-02
-4.833986613118668174e-02
-4.833986613118668174e-02
-5.343347460524938697e-02
-5.343347460524938697e-02
-6.107388731634344481e-02
-5.343347460524938697e-02
-5.343347460524938697e-02
-4.833986613118668174e-02
-4.579306189415532913e-02
-4.579306189415532913e-02
-5.343347460524938697e-02
-5.343347460524938697e-02
-6.107388731634344481e-02
-5.088667036821803435e-02
-5.598027884228073958e-02
-4.833986613118668174e-02
-4.833986613118668174e-02
-5.343347460524938697e-02
-5.088667036821803435e-02
-5.852708307931209220e-02
-6.107388731634344481e-02
-5.088667036821803435e-02
-5.343347460524938697e-02
-4.833986613118668174e-02
-4.833986613118668174e-02
-5.343347460524938697e-02
-5.343347460524938697e-02
-6.107388731634344481e-02
-5.343347460524938697e-02
-5.343347460524938697e-02
-4.833986613118668174e-02
-5.088667036821803435e-02
-4.833986613118668174e-02
-5.343347460524938697e-02
-5.343347460524938697e-02
-5.852708307931209220e-02
-6.107388731634344481e-02
-5.343347460524938697e-02
-5.343347460524938697e-02
-4.579306189415532913e-02
-5.088667036821803435e-02
-5.343347460524938697e-02
-5.852708307931209220e-02
-5.852708307931209220e-02
-5.343347460524938697e-02
-5.343347460524938697e-02
-4.579306189415532913e-02
-4.833986613118668174e-02
-5.343347460524938697e-02
-5.343347460524938697e-02
-5.852708307931209220e-02
-5.088667036821803435e-02
-5.343347460524938697e-02
-5.343347460524938697e-02
-4.833986613118668174e-02
-4.833986613118668174e-02
-5.343347460524938697e-02
-5.343347460524938697e-02
-5.852708307931209220e-02
-6.107388731634344481e-02
-5.088667036821803435e-02
-5.343347460524938697e-02
-4.833986613118668174e-02
-4.833986613118668174e-02
-5.343347460524938697e-02
-6.107388731634344481e-02
-5.852708307931209220e-02
-5.343347460524938697e-02
-5.088667036821803435e-02
-4.833986613118668174e-02
-4.579306189415532913e-02
-5.343347460524938697e-02
-5.343347460524938697e-02
-6.107388731634344481e-02
-6.107388731634344481e-02
-5.343347460524938697e-02
-4.579306189415532913e-02
-4.833986613118668174e-02
-5.088667036821803435e-02
-5.852708307931209220e-02
-5.852708307931209220e-02
-5.343347460524938697e-02
-5.088667036821803435e-02
-5.088667036821803435e-02
-4.579306189415532913e-02
-4.833986613118668174e-02
-5.343347460524938697e-02
-6.107388731634344481e-02
-5.598027884228073958e-02
-5.343347460524938697e-02
-4.579306189415532913e-02
-4.833986613118668174e-02
-5.088667036821803435e-02
-5.343347460524938697e-02
-5.088667036821803435e-02
-5.852708307931209220e-02
-5.852708307931209220e-02
-5.343347460524938697e-02
-5.088667036821803435e-02
-5.088667036821803435e-02
-5.343347460524938697e-02
-5.088667036821803435e-02
-5.852708307931209220e-02
-6.107388731634344481e-02
-5.343347460524938697e-02
-5.343347460524938697e-02
-4.579306189415532913e-02
-5.343347460524938697e-02
-5.852708307931209220e-02
-5.852708307931209220e-02
-5.088667036821803435e-02
-5.343347460524938697e-02
-5.088667036821803435e-02
-4.833986613118668174e-02
-5.088667036821803435e-02
-5.343347460524938697e-02
-5.343347460524938697e-02
-5.852708307931209220e-02
-5.088667036821803435e-02
-4.579306189415532913e-02
-4.579306189415532913e-02
-4.579306189415532913e-02
-5.343347460524938697e-02
-5.088667036821803435e-02
-5.343347460524938697e-02
-5.852708307931209220e-02
-5.852708307931209220e-02
-5.343347460524938697e-02
-4.579306189415532913e-02
-4.833986613118668174e-02
-5.088667036821803435e-02
-5.343347460524938697e-02
-5.852708307931209220e-02
-5.852708307931209220e-02
-5.343347460524938697e-02
-5.343347460524938697e-02
-4.833986613118668174e-02
-5.343347460524938697e-02
-5.343347460524938697e-02
-5.852708307931209220e-02
-5.852708307931209220e-02
-5.343347460524938697e-02
-5.343347460524938697e-02
-4.833986613118668174e-02
-5.088667036821803435e-02
-5.088667036821803435e-02
-5.852708307931209220e-02
-5.852708307931209220e-02
-6.107388731634344481e-02
-5.088667036821803435e-02
-5.343347460524938697e-02
-4.833986613118668174e-02
-5.343347460524938697e-02
-5.343347460524938697e-02
-5.852708307931209220e-02
-5.088667036821803435e-02
-5.343347460524938697e-02
-4.579306189415532913e-02
-4.833986613118668174e-02
-5.088667036821803435e-02
-5.343347460524938697e-02
-5.852708307931209220e-02
-6.107388731634344481e-02
-5.343347460524938697e-02
-5.343347460524938697e-02
-4.833986613118668174e-02
-5.088667036821803435e-02
-5.343347460524938697e-02
-5.343347460524938697e-02
-6.107388731634344481e-02
-6.107388731634344481e-02
-5.088667036821803435e-02
-5.343347460524938697e-02
-4.833986613118668174e-02
-4.833986613118668174e-02
-5.088667036821803435e-02
-5.088667036821803435e-02
-5.852708307931209220e-02
-5.088667036821803435e-02
-5.343347460524938697e-02
-4.833986613118668174e-02
-4.833986613118668174e-02
-5.343347460524938697e-02
-5.852708307931209220e-02
-6.107388731634344481e-02
-5.598027884228073958e-02
-5.343347460524938697e-02
-4.833986613118668174e-02
-4.833986613118668174e-02
-5.343347460524938697e-02
-5.343347460524938697e-02
-5.852708307931209220e-02
-6.107388731634344481e-02
-5.343347460524938697e-02
-5.343347460524938697e-02
-4.579306189415532913e-02
-4.833986613118668174e-02
-5.088667036821803435e-02
-5.852708307931209220e-02
-5.852708307931209220e-02
-5.852708307931209220e-02
-5.343347460524938697e-02
-4.579306189415532913e-02
-4.579306189415532913e-02
-5.343347460524938697e-02
-5.852708307931209220e-02
-5.852708307931209220e-02
-5.343347460524938697e-02
-5.088667036821803435e-02
-4.324625765712397651e-02
-4.579306189415532913e-02
-5.343347460524938697e-02
-5.343347460524938697e-02
-5.852708307931209220e-02
-5.343347460524938697e-02
-5.088667036821803435e-02
-4.579306189415532913e-02
-5.088667036821803435e-02
-5.088667036821803435e-02
-5.088667036821803435e-02
-5.343347460524938697e-02
-5.852708307931209220e-02
-5.343347460524938697e-02
-5.343347460524938697e-02
-4.579306189415532913e-02
-4.833986613118668174e-02
-5.343347460524938697e-02
-5.088667036821803435e-02
-5.598027884228073958e-02
-5.598027884228073958e-02
-5.088667036821803435e-02
-5.343347460524938697e-02
-4.579306189415532913e-02
-5.343347460524938697e-02
-5.343347460524938697e-02
-5.852708307931209220e-02
-5.852708307931209220e-02
-5.598027884228073958e-02
-5.343347460524938697e-02
-4.579306189415532913e-02
-4.833986613118668174e-02
-5.088667036821803435e-02
-5.088667036821803435e-02
-5.852708307931209220e-02
-5.852708307931209220e-02
-5.343347460524938697e-02
-4.833986613118668174e-02
-5.088667036821803435e-02
-5.343347460524938697e-02
-5.343347460524938697e-02
-5.852708307931209220e-02
-5.343347460524938697e-02
-5.343347460524938697e-02
-4.579306189415532913e-02
-4.833986613118668174e-02
-4.833986613118668174e-02
-5.343347460524938697e-02
-5.852708307931209220e-02
-5.343347460524938697e-02
-4.833986613118668174e-02
-5.343347460524938697e-02
-4.833986613118668174e-02
-4.579306189415532913e-02
-5.343347460524938697e-02
-5.343347460524938697e-02
-5.852708307931209220e-02
-5.088667036821803435e-02
-5.343347460524938697e-02
-4.833986613118668174e-02
-4.579306189415532913e-02
-5.343347460524938697e-02
-5.598027884228073958e-02
-5.852708307931209220e-02
-6.107388731634344481e-02
-5.343347460524938697e-02
-5.343347460524938697e-02
-4.833986613118668174e-02
-5.343347460524938697e-02
-6.107388731634344481e-02
-5.852708307931209220e-02
-5.852708307931209220e-02
-5.343347460524938697e-02
-5.343347460524938697e-02
-4.579306189415532913e-02
-5.088667036821803435e-02
-5.343347460524938697e-02
-5.343347460524938697e-02
-5.852708307931209220e-02
-5.852708307931209220e-02
-5.088667036821803435e-02
-5.088667036821803435e-02
-4.833986613118668174e-02
-5.343347460524938697e-02
-5.343347460524938697e-02
-5.852708307931209220e-02
-5.852708307931209220e-02
-5.343347460524938697e-02
-5.343347460524938697e-02
-4.579306189415532913e-02
-4.833986613118668174e-02
-5.343347460524938697e-02
-5.598027884228073958e-02
-5.852708307931209220e-02
-5.343347460524938697e-02
-5.343347460524938697e-02
-4.833986613118668174e-02
-5.088667036821803435e-02
-5.088667036821803435e-02
-5.343347460524938697e-02
-5.852708307931209220e-02
-5.852708307931209220e-02
-5.343347460524938697e-02
-5.598027884228073958e-02
-4.579306189415532913e-02
-4.833986613118668174e-02
-5.088667036821803435e-02
-5.088667036821803435e-02
-5.852708307931209220e-02
-5.088667036821803435e-02
-5.343347460524938697e-02
-4.579306189415532913e-02
-4.579306189415532913e-02
-5.343347460524938697e-02
-5.343347460524938697e-02
-5.852708307931209220e-02
-6.107388731634344481e-02
-5.088667036821803435e-02
-5.343347460524938697e-02
-4.579306189415532913e-02
-5.088667036821803435e-02
-5.088667036821803435e-02
-5.852708307931209220e-02
-5.343347460524938697e-02
-5.088667036821803435e-02
-4.579306189415532913e-02
-4.579306189415532913e-02
-5.088667036821803435e-02
-5.343347460524938697e-02
-6.107388731634344481e-02
-5.852708307931209220e-02
-5.598027884228073958e-02
-5.598027884228073958e-02
-4.579306189415532913e-02
-5.343347460524938697e-02
-5.343347460524938697e-02
-5.088667036821803435e-02
-5.852708307931209220e-02
-6.107388731634344481e-02
-5.088667036821803435e-02
-5.343347460524938697e-02
-4.579306189415532913e-02
-5.088667036821803435e-02
-5.343347460524938697e-02
-5.598027884228073958e-02
-5.852708307931209220e-02
-5.343347460524938697e-02
-5.343347460524938697e-02
-4.579306189415532913e-02
-4.833986613118668174e-02
-5.088667036821803435e-02
-5.598027884228073958e-02
-6.107388731634344481e-02
-5.088667036821803435e-02
-5.343347460524938697e-02
-4.579306189415532913e-02
-4.833986613118668174e-02
-5.343347460524938697e-02
-5.343347460524938697e-02
-5.088667036821803435e-02
-5.088667036821803435e-02
-4.579306189415532913e-02
-4.579306189415532913e-02
-4.579306189415532913e-02
-5.343347460524938697e-02
-5.343347460524938697e-02
-5.852708307931209220e-02
-6.107388731634344481e-02
-5.343347460524938697e-02
-4.833986613118668174e-02
-4.833986613118668174e-02
-5.343347460524938697e-02
-5.343347460524938697e-02
-5.852708307931209220e-02
-5.852708307931209220e-02
-5.343347460524938697e-02
-4.833986613118668174e-02
-4.579306189415532913e-02
-5.343347460524938697e-02
-6.107388731634344481e-02
-5.852708307931209220e-02
-5.852708307931209220e-02
-5.088667036821803435e-02
-5.343347460524938697e-02
-4.833986613118668174e-02
-5.088667036821803435e-02
-5.088667036821803435e-02
-5.852708307931209220e-02
-6.107388731634344481e-02
-5.343347460524938697e-02
-4.833986613118668174e-02
-4.833986613118668174e-02
-5.088667036821803435e-02
-5.088667036821803435e-02
-5.343347460524938697e-02
-5.852708307931209220e-02
-5.343347460524938697e-02
-4.579306189415532913e-02
-4.833986613118668174e-02
-5.343347460524938697e-02
-5.088667036821803435e-02
-5.852708307931209220e-02
-5.852708307931209220e-02
-5.088667036821803435e-02
-4.579306189415532913e-02
-4.579306189415532913e-02
-5.343347460524938697e-02
-5.343347460524938697e-02
-5.852708307931209220e-02
-6.107388731634344481e-02
-6.107388731634344481e-02
-5.343347460524938697e-02
-5.088667036821803435e-02
-4.833986613118668174e-02
-5.088667036821803435e-02
-5.343347460524938697e-02
-5.852708307931209220e-02
-5.852708307931209220e-02
-5.343347460524938697e-02
-5.343347460524938697e-02
-4.579306189415532913e-02
-4.833986613118668174e-02
-5.088667036821803435e-02
-5.852708307931209220e-02
-5.343347460524938697e-02
-5.343347460524938697e-02
-5.343347460524938697e-02
-4.579306189415532913e-02
-5.343347460524938697e-02
-5.343347460524938697e-02
-5.852708307931209220e-02
-5.852708307931209220e-02
-5.343347460524938697e-02
-4.833986613118668174e-02
-4.579306189415532913e-02
-4.833986613118668174e-02
-5.343347460524938697e-02
-5.088667036821803435e-02
-5.852708307931209220e-02
-5.852708307931209220e-02
-5.852708307931209220e-02
-5.343347460524938697e-02
-5.598027884228073958e-02
-4.579306189415532913e-02
-5.088667036821803435e-02
-5.343347460524938697e-02
-5.343347460524938697e-02
-6.107388731634344481e-02
-5.852708307931209220e-02
-5.343347460524938697e-02
-4.579306189415532913e-02
-4.833986613118668174e-02
-5.088667036821803435e-02
-5.852708307931209220e-02
-5.852708307931209220e-02
-5.852708307931209220e-02
-5.088667036821803435e-02
-4.833986613118668174e-02
-4.833986613118668174e-02
-5.343347460524938697e-02
-5.343347460524938697e-02
-6.107388731634344481e-02
-5.343347460524938697e-02
-5.343347460524938697e-02
-5.343347460524938697e-02
-4.579306189415532913e-02
-4.579306189415532913e-02
-5.343347460524938697e-02
-5.343347460524938697e-02
-6.107388731634344481e-02
-6.107388731634344481e-02
-4.833986613118668174e-02
-4.833986613118668174e-02
-4.833986613118668174e-02
-5.088667036821803435e-02
-5.852708307931209220e-02
-5.852708307931209220e-02
-5.343347460524938697e-02
-5.343347460524938697e-02
-4.833986613118668174e-02
-4.833986613118668174e-02
-4.833986613118668174e-02
-5.343347460524938697e-02
-5.598027884228073958e-02
-5.852708307931209220e-02
-5.343347460524938697e-02
-5.343347460524938697e-02
-4.579306189415532913e-02
-4.833986613118668174e-02
-5.088667036821803435e-02
-5.343347460524938697e-02
-6.107388731634344481e-02
-5.852708307931209220e-02
-5.088667036821803435e-02
-4.579306189415532913e-02
-4.579306189415532913e-02
-5.343347460524938697e-02
-5.343347460524938697e-02
-5.852708307931209220e-02
-6.107388731634344481e-02
-5.343347460524938697e-02
-5.343347460524938697e-02
-4.833986613118668174e-02
-4.833986613118668174e-02
-5.343347460524938697e-02
-6.107388731634344481e-02
-5.852708307931209220e-02
-5.343347460524938697e-02
-5.343347460524938697e-02
-4.579306189415532913e-02
-4.833986613118668174e-02
-5.343347460524938697e-02
-5.343347460524938697e-02
-5.852708307931209220e-02
-5.852708307931209220e-02
-5.088667036821803435e-02
-4.833986613118668174e-02
-4.833986613118668174e-02
-5.343347460524938697e-02
-5.343347460524938697e-02
-5.852708307931209220e-02
-5.852708307931209220e-02
-5.343347460524938697e-02
-4.833986613118668174e-02
-4.833986613118668174e-02
-5.343347460524938697e-02
-5.343347460524938697e-02
-5.598027884228073958e-02
-6.107388731634344481e-02
-5.343347460524938697e-02
-4.833986613118668174e-02
-4.579306189415532913e-02
-5.343347460524938697e-02
-5.343347460524938697e-02
-5.852708307931209220e-02
-5.598027884228073958e-02
-5.088667036821803435e-02
-4.833986613118668174e-02
-4.833986613118668174e-02
-4.833986613118668174e-02
-5.088667036821803435e-02
-5.343347460524938697e-02
-5.852708307931209220e-02
-6.107388731634344481e-02
-5.343347460524938697e-02
-5.598027884228073958e-02
-4.833986613118668174e-02
-5.343347460524938697e-02
-5.343347460524938697e-02
-6.107388731634344481e-02
-5.852708307931209220e-02
-5.343347460524938697e-02
-5.598027884228073958e-02
-4.833986613118668174e-02
-5.343347460524938697e-02
-5.343347460524938697e-02
-5.598027884228073958e-02
-6.107388731634344481e-02
-5.343347460524938697e-02
-4.579306189415532913e-02
-4.579306189415532913e-02
-4.833986613118668174e-02
-5.343347460524938697e-02
-5.343347460524938697e-02
-5.852708307931209220e-02
-6.107388731634344481e-02
-5.343347460524938697e-02
-5.088667036821803435e-02
-4.833986613118668174e-02
-5.343347460524938697e-02
-6.107388731634344481e-02
-6.107388731634344481e-02
-6.107388731634344481e-02
-5.343347460524938697e-02
-5.343347460524938697e-02
-5.088667036821803435e-02
-5.088667036821803435e-02
-5.343347460524938697e-02
-5.088667036821803435e-02
-5.852708307931209220e-02
-6.107388731634344481e-02
-5.088667036821803435e-02
-4.579306189415532913e-02
-4.833986613118668174e-02
-5.088667036821803435e-02
-5.343347460524938697e-02
-5.852708307931209220e-02
-5.343347460524938697e-02
-5.088667036821803435e-02
-4.579306189415532913e-02
-4.833986613118668174e-02
-5.343347460524938697e-02
-5.088667036821803435e-02
-6.107388731634344481e-02
-5.343347460524938697e-02
-5.088667036821803435e-02
-4.579306189415532913e-02
-4.579306189415532913e-02
-5.343347460524938697e-02
-5.088667036821803435e-02
-5.852708307931209220e-02
-5.852708307931209220e-02
-5.343347460524938697e-02
-4.833986613118668174e-02
-4.833986613118668174e-02
-5.343347460524938697e-02
-5.088667036821803435e-02
-5.852708307931209220e-02
-6.107388731634344481e-02
-5.343347460524938697e-02
-4.579306189415532913e-02
-4.833986613118668174e-02
-5.088667036821803435e-02
-5.343347460524938697e-02
-6.107388731634344481e-02
-5.852708307931209220e-02
-5.343347460524938697e-02
-4.579306189415532913e-02
-5.088667036821803435e-02
-5.343347460524938697e-02
-6.107388731634344481e-02
-5.852708307931209220e-02
-5.343347460524938697e-02
-5.088667036821803435e-02
-5.343347460524938697e-02
-4.833986613118668174e-02
-4.833986613118668174e-02
-5.598027884228073958e-02
-5.852708307931209220e-02
-6.107388731634344481e-02
-5.088667036821803435e-02
-5.088667036821803435e-02
-4.579306189415532913e-02
-4.833986613118668174e-02
-5.343347460524938697e-02
-5.343347460524938697e-02
-5.852708307931209220e-02
-5.852708307931209220e-02
-5.088667036821803435e-02
-4.579306189415532913e-02
-4.579306189415532913e-02
-5.088667036821803435e-02
-5.343347460524938697e-02
-5.852708307931209220e-02
-5.343347460524938697e-02
-5.343347460524938697e-02
-4.579306189415532913e-02
-4.579306189415532913e-02
-5.343347460524938697e-02
-5.088667036821803435e-02
-5.852708307931209220e-02
-5.852708307931209220e-02
-5.088667036821803435e-02
-4.579306189415532913e-02
-4.579306189415532913e-02
-5.343347460524938697e-02
-5.852708307931209220e-02
-6.107388731634344481e-02
-5.343347460524938697e-02
-5.088667036821803435e-02
-4.833986613118668174e-02
-4.579306189415532913e-02
-5.343347460524938697e-02
-5.343347460524938697e-02
-5.852708307931209220e-02
-5.852708307931209220e-02
-5.852708307931209220e-02
-5.343347460524938697e-02
-4.579306189415532913e-02
-4.833986613118668174e-02
-5.088667036821803435e-02
-5.343347460524938697e-02
-5.852708307931209220e-02
-6.107388731634344481e-02
-5.088667036821803435e-02
-5.343347460524938697e-02
-4.579306189415532913e-02
-4.833986613118668174e-02
-5.343347460524938697e-02
-5.852708307931209220e-02
-6.107388731634344481e-02
-5.088667036821803435e-02
-5.343347460524938697e-02
-4.579306189415532913e-02
-4.833986613118668174e-02
-5.088667036821803435e-02
-5.343347460524938697e-02
-6.107388731634344481e-02
-6.107388731634344481e-02
-5.343347460524938697e-02
-4.324625765712397651e-02
-4.833986613118668174e-02
-5.343347460524938697e-02
-5.343347460524938697e-02
-6.107388731634344481e-02
-5.343347460524938697e-02
-5.343347460524938697e-02
-4.833986613118668174e-02
-4.579306189415532913e-02
-5.343347460524938697e-02
-5.852708307931209220e-02
-5.852708307931209220e-02
-5.852708307931209220e-02
-5.088667036821803435e-02
-4.579306189415532913e-02
-4.579306189415532913e-02
-5.088667036821803435e-02
-5.343347460524938697e-02
-5.852708307931209220e-02
-5.343347460524938697e-02
-5.343347460524938697e-02
-4.833986613118668174e-02
-4.833986613118668174e-02
-5.343347460524938697e-02
-5.343347460524938697e-02
-5.852708307931209220e-02
-5.852708307931209220e-02
-5.088667036821803435e-02
-5.088667036821803435e-02
-4.579306189415532913e-02
-5.343347460524938697e-02
-5.343347460524938697e-02
-6.107388731634344481e-02
-5.598027884228073958e-02
-5.343347460524938697e-02
-5.343347460524938697e-02
-4.579306189415532913e-02
-4.579306189415532913e-02
-4.833986613118668174e-02
-5.343347460524938697e-02
-5.852708307931209220e-02
-5.088667036821803435e-02
-5.088667036821803435e-02
-5.343347460524938697e-02
-4.833986613118668174e-02
-5.343347460524938697e-02
-5.343347460524938697e-02
-6.107388731634344481e-02
-6.107388731634344481e-02
-5.343347460524938697e-02
-5.598027884228073958e-02
-5.088667036821803435e-02
-5.343347460524938697e-02
-5.088667036821803435e-02
-5.852708307931209220e-02
-5.088667036821803435e-02
-5.088667036821803435e-02
-4.833986613118668174e-02
-4.579306189415532913e-02
-5.343347460524938697e-02
-6.107388731634344481e-02
-5.852708307931209220e-02
-5.343347460524938697e-02
-5.088667036821803435e-02
-5.088667036821803435e-02
-4.833986613118668174e-02
-5.343347460524938697e-02
-5.088667036821803435e-02
-5.852708307931209220e-02
-5.852708307931209220e-02
-5.343347460524938697e-02
-4.833986613118668174e-02
-4.833986613118668174e-02
-5.343347460524938697e-02
-5.343347460524938697e-02
-5.852708307931209220e-02
-5.852708307931209220e-02
-5.343347460524938697e-02
-5.088667036821803435e-02
-4.833986613118668174e-02
-5.343347460524938697e-02
-5.343347460524938697e-02
-5.852708307931209220e-02
-5.088667036821803435e-02
-5.343347460524938697e-02
-5.088667036821803435e-02
-4.833986613118668174e-02
-5.343347460524938697e-02
-5.343347460524938697e-02
-6.107388731634344481e-02
-6.107388731634344481e-02
-5.343347460524938697e-02
-5.343347460524938697e-02
-4.833986613118668174e-02
-4.833986613118668174e-02
-5.088667036821803435e-02
-6.107388731634344481e-02
-5.852708307931209220e-02
-6.107388731634344481e-02
-5.343347460524938697e-02
-4.579306189415532913e-02
-5.343347460524938697e-02
-5.343347460524938697e-02
-6.107388731634344481e-02
-5.852708307931209220e-02
-5.088667036821803435e-02
-4.833986613118668174e-02
-4.833986613118668174e-02
-5.343347460524938697e-02
-5.088667036821803435e-02
-5.852708307931209220e-02
-5.852708307931209220e-02
-6.107388731634344481e-02
-5.343347460524938697e-02
-4.579306189415532913e-02
-4.579306189415532913e-02
-5.088667036821803435e-02
-5.343347460524938697e-02
-5.852708307931209220e-02
-6.107388731634344481e-02
-5.598027884228073958e-02
-5.343347460524938697e-02
-4.833986613118668174e-02
-4.833986613118668174e-02
-5.343347460524938697e-02
-5.343347460524938697e-02
-5.852708307931209220e-02
-6.107388731634344481e-02
-5.343347460524938697e-02
-5.343347460524938697e-02
-4.579306189415532913e-02
-4.833986613118668174e-02
-5.343347460524938697e-02
-5.598027884228073958e-02
-5.598027884228073958e-02
-5.852708307931209220e-02
-5.343347460524938697e-02
-4.579306189415532913e-02
-4.833986613118668174e-02
-5.088667036821803435e-02
-5.343347460524938697e-02
-6.107388731634344481e-02
-6.107388731634344481e-02
-5.343347460524938697e-02
-5.343347460524938697e-02
-4.833986613118668174e-02
-4.579306189415532913e-02
-5.088667036821803435e-02
-5.343347460524938697e-02
-5.852708307931209220e-02
-5.343347460524938697e-02
-5.343347460524938697e-02
-4.833986613118668174e-02
-4.833986613118668174e-02
-5.088667036821803435e-02
-5.852708307931209220e-02
-5.598027884228073958e-02
-5.343347460524938697e-02
-4.833986613118668174e-02
-4.833986613118668174e-02
-4.833986613118668174e-02
-5.343347460524938697e-02
-5.343347460524938697e-02
-6.107388731634344481e-02
-6.107388731634344481e-02
-5.343347460524938697e-02
-4.833986613118668174e-02
-4.579306189415532913e-02
-5.343347460524938697e-02
-5.343347460524938697e-02
-6.107388731634344481e-02
-5.852708307931209220e-02
-5.343347460524938697e-02
-5.343347460524938697e-02
-4.833986613118668174e-02
-5.343347460524938697e-02
-5.343347460524938697e-02
-5.852708307931209220e-02
-6.107388731634344481e-02
-5.598027884228073958e-02
-4.579306189415532913e-02
-4.579306189415532913e-02
-5.343347460524938697e-02
-5.852708307931209220e-02
-5.852708307931209220e-02
-6.107388731634344481e-02
-5.088667036821803435e-02
-4.833986613118668174e-02
-4.833986613118668174e-02
-5.343347460524938697e-02
-5.343347460524938697e-02
-5.852708307931209220e-02
-5.852708307931209220e-02
-5.343347460524938697e-02
-4.579306189415532913e-02
-5.088667036821803435e-02
-4.833986613118668174e-02
-5.343347460524938697e-02
-5.343347460524938697e-02
-6.107388731634344481e-02
-6.107388731634344481e-02
-5.343347460524938697e-02
-5.088667036821803435e-02
-4.833986613118668174e-02
-5.343347460524938697e-02
-5.343347460524938697e-02
-5.852708307931209220e-02
-5.852708307931209220e-02
-5.343347460524938697e-02
-5.343347460524938697e-02
-4.833986613118668174e-02
-4.579306189415532913e-02
-5.343347460524938697e-02
-5.852708307931209220e-02
-5.852708307931209220e-02
-5.343347460524938697e-02
-5.343347460524938697e-02
-4.833986613118668174e-02
-4.833986613118668174e-02
-5.343347460524938697e-02
-6.107388731634344481e-02
-6.107388731634344481e-02
-5.343347460524938697e-02
-4.833986613118668174e-02
-4.579306189415532913e-02
-5.343347460524938697e-02
-5.088667036821803435e-02
-5.852708307931209220e-02
-5.343347460524938697e-02
-5.343347460524938697e-02
-4.833986613118668174e-02
-4.833986613118668174e-02
-5.343347460524938697e-02
-5.088667036821803435e-02
-5.852708307931209220e-02
-6.107388731634344481e-02
-5.343347460524938697e-02
-4.579306189415532913e-02
-4.833986613118668174e-02
-5.343347460524938697e-02
-5.343347460524938697e-02
-5.852708307931209220e-02
-6.107388731634344481e-02
-5.343347460524938697e-02
-5.343347460524938697e-02
-4.833986613118668174e-02
-5.343347460524938697e-02
-5.088667036821803435e-02
-5.852708307931209220e-02
-5.343347460524938697e-02
-5.852708307931209220e-02
-5.343347460524938697e-02
-5.343347460524938697e-02
-5.343347460524938697e-02
-5.088667036821803435e-02
-6.107388731634344481e-02
-6.107388731634344481e-02
-5.343347460524938697e-02
-5.343347460524938697e-02
-4.579306189415532913e-02
-5.852708307931209220e-02
-5.088667036821803435e-02
-5.088667036821803435e-02
-5.852708307931209220e-02
-5.343347460524938697e-02
-5.088667036821803435e-02
-4.833986613118668174e-02
-4.833986613118668174e-02
-5.088667036821803435e-02
-6.107388731634344481e-02
-6.107388731634344481e-02
-5.343347460524938697e-02
-5.343347460524938697e-02
-5.088667036821803435e-02
-4.579306189415532913e-02
-5.343347460524938697e-02
-5.343347460524938697e-02
-5.852708307931209220e-02
-5.852708307931209220e-02
-5.343347460524938697e-02
-4.833986613118668174e-02
-4.579306189415532913e-02
-5.343347460524938697e-02
-5.343347460524938697e-02
-5.343347460524938697e-02
-5.852708307931209220e-02
-5.852708307931209220e-02
-5.343347460524938697e-02
-5.088667036821803435e-02
-5.088667036821803435e-02
-5.343347460524938697e-02
-5.852708307931209220e-02
-6.107388731634344481e-02
-5.598027884228073958e-02
-5.343347460524938697e-02
-4.579306189415532913e-02
-4.833986613118668174e-02
-5.088667036821803435e-02
-5.852708307931209220e-02
-6.107388731634344481e-02
-5.852708307931209220e-02
-5.343347460524938697e-02
-5.088667036821803435e-02
-4.579306189415532913e-02
-4.833986613118668174e-02
-5.343347460524938697e-02
-5.343347460524938697e-02
-6.107388731634344481e-02
-5.088667036821803435e-02
-4.833986613118668174e-02
-4.579306189415532913e-02
-5.088667036821803435e-02
-5.343347460524938697e-02
-5.343347460524938697e-02
-6.107388731634344481e-02
-5.343347460524938697e-02
-5.343347460524938697e-02
-4.833986613118668174e-02
-4.833986613118668174e-02
-4.579306189415532913e-02
-5.343347460524938697e-02
-5.852708307931209220e-02
-5.852708307931209220e-02
-5.088667036821803435e-02
-5.088667036821803435e-02
-4.579306189415532913e-02
-5.343347460524938697e-02
-5.343347460524938697e-02
-5.852708307931209220e-02
-6.107388731634344481e-02
-5.088667036821803435e-02
-5.343347460524938697e-02
-4.579306189415532913e-02
-5.088667036821803435e-02
-5.088667036821803435e-02
-5.852708307931209220e-02
-5.852708307931209220e-02
-5.343347460524938697e-02
-4.833986613118668174e-02
-4.579306189415532913e-02
-5.088667036821803435e-02
-5.343347460524938697e-02
-5.852708307931209220e-02
-5.852708307931209220e-02
-5.852708307931209220e-02
-5.343347460524938697e-02
-5.343347460524938697e-02
-4.579306189415532913e-02
-5.343347460524938697e-02
-5.343347460524938697e-02
-5.852708307931209220e-02
-5.852708307931209220e-02
-5.088667036821803435e-02
-4.833986613118668174e-02
-4.833986613118668174e-02
-4.833986613118668174e-02
-5.343347460524938697e-02
-5.343347460524938697e-02
-6.107388731634344481e-02
-5.343347460524938697e-02
-5.343347460524938697e-02
-4.579306189415532913e-02
-4.579306189415532913e-02
-5.343347460524938697e-02
-5.343347460524938697e-02
-6.107388731634344481e-02
-5.852708307931209220e-02
-5.343347460524938697e-02
-5.088667036821803435e-02
-4.833986613118668174e-02
-5.088667036821803435e-02
-5.343347460524938697e-02
-5.852708307931209220e-02
-5.343347460524938697e-02
-5.088667036821803435e-02
-4.579306189415532913e-02
-4.833986613118668174e-02
-5.088667036821803435e-02
-5.852708307931209220e-02
-5.852708307931209220e-02
-5.343347460524938697e-02
-5.088667036821803435e-02
-4.579306189415532913e-02
-4.833986613118668174e-02
-5.088667036821803435e-02
-5.343347460524938697e-02
-5.088667036821803435e-02
-6.107388731634344481e-02
-5.343347460524938697e-02
-5.343347460524938697e-02
-4.833986613118668174e-02
-4.579306189415532913e-02
-5.343347460524938697e-02
-5.852708307931209220e-02
-5.343347460524938697e-02
-5.088667036821803435e-02
-5.343347460524938697e-02
-4.833986613118668174e-02
-4.579306189415532913e-02
-5.343347460524938697e-02
-5.343347460524938697e-02
-6.107388731634344481e-02
-5.343347460524938697e-02
-5.343347460524938697e-02
-4.833986613118668174e-02
-5.088667036821803435e-02
-5.088667036821803435e-02
-6.107388731634344481e-02
-5.852708307931209220e-02
-5.343347460524938697e-02
-5.343347460524938697e-02
-5.088667036821803435e-02
-5.343347460524938697e-02
-5.088667036821803435e-02
-6.107388731634344481e-02
-5.852708307931209220e-02
-5.343347460524938697e-02
-5.343347460524938697e-02
-4.833986613118668174e-02
-4.833986613118668174e-02
-5.343347460524938697e-02
-5.343347460524938697e-02
-5.852708307931209220e-02
-5.598027884228073958e-02
-5.343347460524938697e-02
-4.579306189415532913e-02
-4.579306189415532913e-02
-5.343347460524938697e-02
-6.107388731634344481e-02
-6.107388731634344481e-02
-6.107388731634344481e-02
-5.343347460524938697e-02
-5.343347460524938697e-02
-4.579306189415532913e-02
-4.833986613118668174e-02
-5.343347460524938697e-02
-5.852708307931209220e-02
-5.852708307931209220e-02
-5.852708307931209220e-02
-5.343347460524938697e-02
-4.579306189415532913e-02
-4.833986613118668174e-02
-5.343347460524938697e-02
-5.852708307931209220e-02
-5.852708307931209220e-02
-6.107388731634344481e-02
-5.343347460524938697e-02
-4.579306189415532913e-02
-4.833986613118668174e-02
-4.833986613118668174e-02
-5.343347460524938697e-02
-5.852708307931209220e-02
-5.852708307931209220e-02
-5.852708307931209220e-02
-5.343347460524938697e-02
-5.343347460524938697e-02
-4.833986613118668174e-02
-5.343347460524938697e-02
-5.343347460524938697e-02
-5.598027884228073958e-02
-5.852708307931209220e-02
-5.598027884228073958e-02
-5.598027884228073958e-02
-4.833986613118668174e-02
-4.833986613118668174e-02
-5.088667036821803435e-02
-5.852708307931209220e-02
-5.852708307931209220e-02
-5.598027884228073958e-02
-4.579306189415532913e-02
-4.833986613118668174e-02
-5.343347460524938697e-02
-5.343347460524938697e-02
-6.107388731634344481e-02
-5.343347460524938697e-02
-5.343347460524938697e-02
-5.598027884228073958e-02
-4.833986613118668174e-02
-5.343347460524938697e-02
-5.343347460524938697e-02
-6.107388731634344481e-02
-5.343347460524938697e-02
-5.343347460524938697e-02
-4.833986613118668174e-02
-4.579306189415532913e-02
-5.088667036821803435e-02
-5.343347460524938697e-02
-5.852708307931209220e-02
-6.107388731634344481e-02
-6.107388731634344481e-02
-5.343347460524938697e-02
-4.833986613118668174e-02
-4.579306189415532913e-02
-5.088667036821803435e-02
-5.088667036821803435e-02
-6.107388731634344481e-02
-5.852708307931209220e-02
-5.343347460524938697e-02
-5.343347460524938697e-02
-4.833986613118668174e-02
-5.343347460524938697e-02
-5.343347460524938697e-02
-5.852708307931209220e-02
-6.107388731634344481e-02
-4.833986613118668174e-02
-4.833986613118668174e-02
-4.833986613118668174e-02
-5.088667036821803435e-02
-5.852708307931209220e-02
-6.107388731634344481e-02
-5.343347460524938697e-02
-5.343347460524938697e-02
-5.088667036821803435e-02
-4.833986613118668174e-02
-5.343347460524938697e-02
-5.343347460524938697e-02
-5.852708307931209220e-02
-5.343347460524938697e-02
-5.343347460524938697e-02
-4.579306189415532913e-02
-4.833986613118668174e-02
-5.343347460524938697e-02
-5.088667036821803435e-02
-5.852708307931209220e-02
-5.088667036821803435e-02
-5.088667036821803435e-02
-5.343347460524938697e-02
-4.579306189415532913e-02
-4.833986613118668174e-02
-5.088667036821803435e-02
-5.852708307931209220e-02
-5.852708307931209220e-02
-5.343347460524938697e-02
-5.088667036821803435e-02
-4.833986613118668174e-02
-4.833986613118668174e-02
-5.088667036821803435e-02
-5.343347460524938697e-02
-6.107388731634344481e-02
-5.343347460524938697e-02
-5.343347460524938697e-02
-4.833986613118668174e-02
-4.833986613118668174e-02
-5.088667036821803435e-02
-5.088667036821803435e-02
-5.852708307931209220e-02
-5.088667036821803435e-02
-5.598027884228073958e-02
-5.088667036821803435e-02
-4.833986613118668174e-02
-4.579306189415532913e-02
-5.343347460524938697e-02
-5.088667036821803435e-02
-6.107388731634344481e-02
-6.107388731634344481e-02
-5.598027884228073958e-02
-5.343347460524938697e-02
-4.833986613118668174e-02
-4.579306189415532913e-02
-5.343347460524938697e-02
-5.598027884228073958e-02
-5.598027884228073958e-02
-5.343347460524938697e-02
-4.833986613118668174e-02
-5.343347460524938697e-02
-5.343347460524938697e-02
-5.088667036821803435e-02
-5.852708307931209220e-02
-5.343347460524938697e-02
-5.343347460524938697e-02
-5.343347460524938697e-02
-5.088667036821803435e-02
-4.833986613118668174e-02
-5.088667036821803435e-02
-5.343347460524938697e-02
-5.852708307931209220e-02
-5.343347460524938697e-02
-4.833986613118668174e-02
-4.579306189415532913e-02
-4.579306189415532913e-02
-5.343347460524938697e-02
-5.343347460524938697e-02
-5.852708307931209220e-02
-5.598027884228073958e-02
-5.598027884228073958e-02
-4.833986613118668174e-02
-4.833986613118668174e-02
-5.343347460524938697e-02
-5.343347460524938697e-02
-6.107388731634344481e-02
-5.852708307931209220e-02
-5.343347460524938697e-02
-5.088667036821803435e-02
-4.579306189415532913e-02
-5.088667036821803435e-02
-5.088667036821803435e-02
-5.852708307931209220e-02
-5.852708307931209220e-02
-5.088667036821803435e-02
-4.579306189415532913e-02
-5.088667036821803435e-02
-5.343347460524938697e-02
-5.343347460524938697e-02
-6.107388731634344481e-02
-6.107388731634344481e-02
-5.343347460524938697e-02
-5.088667036821803435e-02
-4.579306189415532913e-02
-4.833986613118668174e-02
-5.343347460524938697e-02
-5.343347460524938697e-02
-6.107388731634344481e-02
-5.343347460524938697e-02
-5.088667036821803435e-02
-5.088667036821803435e-02
-4.833986613118668174e-02
-5.343347460524938697e-02
-5.852708307931209220e-02
-5.852708307931209220e-02
-5.598027884228073958e-02
-4.833986613118668174e-02
-4.833986613118668174e-02
-5.343347460524938697e-02
-5.343347460524938697e-02
-5.343347460524938697e-02
-6.107388731634344481e-02
-5.343347460524938697e-02
-5.343347460524938697e-02
-4.833986613118668174e-02
-4.579306189415532913e-02
-5.343347460524938697e-02
-5.852708307931209220e-02
-5.852708307931209220e-02
-5.343347460524938697e-02
-5.343347460524938697e-02
-4.833986613118668174e-02
-4.579306189415532913e-02
-5.343347460524938697e-02
-5.343347460524938697e-02
-5.852708307931209220e-02
-6.107388731634344481e-02
-5.343347460524938697e-02
-5.088667036821803435e-02
-5.088667036821803435e-02
-5.343347460524938697e-02
-5.343347460524938697e-02
-6.107388731634344481e-02
-5.343347460524938697e-02
-5.343347460524938697e-02
-5.343347460524938697e-02
-4.833986613118668174e-02
-5.343347460524938697e-02
-6.107388731634344481e-02
-6.107388731634344481e-02
-5.852708307931209220e-02
-5.343347460524938697e-02
-5.088667036821803435e-02
-4.579306189415532913e-02
-4.833986613118668174e-02
-5.343347460524938697e-02
-6.107388731634344481e-02
-5.343347460524938697e-02
-5.088667036821803435e-02
-4.833986613118668174e-02
-4.579306189415532913e-02
-5.343347460524938697e-02
-5.343347460524938697e-02
-6.107388731634344481e-02
-6.107388731634344481e-02
-5.343347460524938697e-02
-4.833986613118668174e-02
-4.579306189415532913e-02
-5.088667036821803435e-02
-5.343347460524938697e-02
-5.852708307931209220e-02
-5.343347460524938697e-02
-5.088667036821803435e-02
-5.088667036821803435e-02
-4.579306189415532913e-02
-5.343347460524938697e-02
-5.852708307931209220e-02
-5.598027884228073958e-02
-5.088667036821803435e-02
-5.343347460524938697e-02
-5.343347460524938697e-02
-4.833986613118668174e-02
-5.343347460524938697e-02
-5.343347460524938697e-02
-6.107388731634344481e-02
-5.598027884228073958e-02
-5.343347460524938697e-02
-4.833986613118668174e-02
-4.833986613118668174e-02
-5.343347460524938697e-02
-5.343347460524938697e-02
-6.107388731634344481e-02
-5.852708307931209220e-02
-5.343347460524938697e-02
-4.833986613118668174e-02
-4.833986613118668174e-02
-4.833986613118668174e-02
-5.343347460524938697e-02
-5.852708307931209220e-02
-6.107388731634344481e-02
-5.088667036821803435e-02
-4.579306189415532913e-02
-4.579306189415532913e-02
-5.343347460524938697e-02
-5.343347460524938697e-02
-6.107388731634344481e-02
-5.852708307931209220e-02
-5.343347460524938697e-02
-5.343347460524938697e-02
-4.579306189415532913e-02
-4.579306189415532913e-02
-5.343347460524938697e-02
-5.852708307931209220e-02
-6.107388731634344481e-02
-5.088667036821803435e-02
-5.088667036821803435e-02
-4.579306189415532913e-02
-5.343347460524938697e-02
-5.343347460524938697e-02
-5.343347460524938697e-02
-5.852708307931209220e-02
-5.852708307931209220e-02
-5.598027884228073958e-02
-5.343347460524938697e-02
-4.324625765712397651e-02
-5.343347460524938697e-02
-5.343347460524938697e-02
-5.852708307931209220e-02
-6.107388731634344481e-02
-5.343347460524938697e-02
-5.343347460524938697e-02
-4.579306189415532913e-02
-5.598027884228073958e-02
-5.343347460524938697e-02
-6.107388731634344481e-02
-5.343347460524938697e-02
-5.343347460524938697e-02
-4.579306189415532913e-02
-5.088667036821803435e-02
-5.343347460524938697e-02
-5.343347460524938697e-02
-6.107388731634344481e-02
-5.852708307931209220e-02
-5.343347460524938697e-02
-5.343347460524938697e-02
-4.579306189415532913e-02
-4.833986613118668174e-02
-5.343347460524938697e-02
-5.343347460524938697e-02
-5.343347460524938697e-02
-5.598027884228073958e-02
-4.579306189415532913e-02
-4.833986613118668174e-02
-4.579306189415532913e-02
-5.343347460524938697e-02
-5.088667036821803435e-02
-6.107388731634344481e-02
-6.107388731634344481e-02
-5.343347460524938697e-02
-4.579306189415532913e-02
-4.579306189415532913e-02
-5.088667036821803435e-02
-5.343347460524938697e-02
-5.852708307931209220e-02
-5.852708307931209220e-02
-5.343347460524938697e-02
-4.579306189415532913e-02
-4.324625765712397651e-02
-5.598027884228073958e-02
-5.343347460524938697e-02
-5.852708307931209220e-02
-5.852708307931209220e-02
-5.343347460524938697e-02
-4.579306189415532913e-02
-4.579306189415532913e-02
-5.088667036821803435e-02
-5.343347460524938697e-02
-5.852708307931209220e-02
-5.852708307931209220e-02
-5.343347460524938697e-02
-5.088667036821803435e-02
-4.579306189415532913e-02
-5.343347460524938697e-02
-5.343347460524938697e-02
-5.852708307931209220e-02
-6.107388731634344481e-02
-5.343347460524938697e-02
-5.598027884228073958e-02
-4.833986613118668174e-02
-4.833986613118668174e-02
-5.088667036821803435e-02
-5.852708307931209220e-02
-6.107388731634344481e-02
-5.088667036821803435e-02
-5.343347460524938697e-02
-5.343347460524938697e-02
-4.579306189415532913e-02
-4.833986613118668174e-02
-5.598027884228073958e-02
-5.598027884228073958e-02
-6.107388731634344481e-02
-5.852708307931209220e-02
-5.343347460524938697e-02
-5.088667036821803435e-02
-4.833986613118668174e-02
-4.833986613118668174e-02
-5.343347460524938697e-02
-5.343347460524938697e-02
-6.107388731634344481e-02
-5.343347460524938697e-02
-5.598027884228073958e-02
-4.833986613118668174e-02
-4.833986613118668174e-02
-5.343347460524938697e-02
-5.343347460524938697e-02
-5.852708307931209220e-02
-6.107388731634344481e-02
-5.343347460524938697e-02
-5.088667036821803435e-02
-4.833986613118668174e-02
-5.343347460524938697e-02
-5.088667036821803435e-02
-6.107388731634344481e-02
-5.852708307931209220e-02
-5.343347460524938697e-02
-5.343347460524938697e-02
-4.833986613118668174e-02
-4.833986613118668174e-02
-5.088667036821803435e-02
-5.343347460524938697e-02
-6.107388731634344481e-02
-5.852708307931209220e-02
-5.343347460524938697e-02
-5.343347460524938697e-02
-4.833986613118668174e-02
-5.343347460524938697e-02
-5.343347460524938697e-02
-5.852708307931209220e-02
-5.088667036821803435e-02
-5.343347460524938697e-02
-5.343347460524938697e-02
-5.088667036821803435e-02
-5.343347460524938697e-02
-5.343347460524938697e-02
-5.343347460524938697e-02
-5.852708307931209220e-02
-5.598027884228073958e-02
-5.343347460524938697e-02
-5.343347460524938697e-02
-4.579306189415532913e-02
-4.579306189415532913e-02
-5.088667036821803435e-02
-5.852708307931209220e-02
-5.852708307931209220e-02
-5.598027884228073958e-02
-5.343347460524938697e-02
-4.833986613118668174e-02
-5.343347460524938697e-02
-5.343347460524938697e-02
-6.107388731634344481e-02
-5.088667036821803435e-02
-5.343347460524938697e-02
-5.598027884228073958e-02
-4.833986613118668174e-02
-4.579306189415532913e-02
-5.088667036821803435e-02
-5.343347460524938697e-02
-5.598027884228073958e-02
-5.852708307931209220e-02
-5.598027884228073958e-02
-5.088667036821803435e-02
-4.579306189415532913e-02
-5.343347460524938697e-02
-5.343347460524938697e-02
-5.852708307931209220e-02
-5.343347460524938697e-02
-5.088667036821803435e-02
-4.579306189415532913e-02
-4.833986613118668174e-02
-5.343347460524938697e-02
-5.088667036821803435e-02
-6.107388731634344481e-02
-6.107388731634344481e-02
-5.088667036821803435e-02
-5.343347460524938697e-02
-4.833986613118668174e-02
-4.833986613118668174e-02
-5.088667036821803435e-02
-5.343347460524938697e-02
-6.107388731634344481e-02
-5.343347460524938697e-02
-5.343347460524938697e-02
-5.088667036821803435e-02
-4.579306189415532913e-02
-4.579306189415532913e-02
-5.343347460524938697e-02
-5.343347460524938697e-02
-5.852708307931209220e-02
-5.852708307931209220e-02
-5.088667036821803435e-02
-4.833986613118668174e-02
-4.579306189415532913e-02
-5.343347460524938697e-02
-5.343347460524938697e-02
-6.107388731634344481e-02
-5.852708307931209220e-02
-5.852708307931209220e-02
-5.343347460524938697e-02
-4.833986613118668174e-02
-4.833986613118668174e-02
-5.343347460524938697e-02
-5.343347460524938697e-02
-5.852708307931209220e-02
-5.343347460524938697e-02
-5.343347460524938697e-02
-4.833986613118668174e-02
-4.579306189415532913e-02
-4.833986613118668174e-02
-5.343347460524938697e-02
-5.852708307931209220e-02
-5.852708307931209220e-02
-5.343347460524938697e-02
-4.833986613118668174e-02
-4.579306189415532913e-02
-5.343347460524938697e-02
-5.343347460524938697e-02
-5.852708307931209220e-02
-5.852708307931209220e-02
-5.343347460524938697e-02
-5.343347460524938697e-02
-4.833986613118668174e-02
-5.088667036821803435e-02
-5.088667036821803435e-02
-6.107388731634344481e-02
-5.852708307931209220e-02
-5.343347460524938697e-02
-5.343347460524938697e-02
-5.088667036821803435e-02
-4.579306189415532913e-02
-5.343347460524938697e-02
-5.088667036821803435e-02
-5.852708307931209220e-02
-5.852708307931209220e-02
-5.088667036821803435e-02
-5.088667036821803435e-02
-4.579306189415532913e-02
-5.088667036821803435e-02
-5.343347460524938697e-02
-6.107388731634344481e-02
-5.852708307931209220e-02
-5.598027884228073958e-02
-5.343347460524938697e-02
-4.833986613118668174e-02
-4.579306189415532913e-02
-5.088667036821803435e-02
-5.343347460524938697e-02
-5.852708307931209220e-02
-5.343347460524938697e-02
-5.088667036821803435e-02
-4.833986613118668174e-02
-4.579306189415532913e-02
-5.088667036821803435e-02
-6.107388731634344481e-02
-6.107388731634344481e-02
-5.598027884228073958e-02
-5.343347460524938697e-02
-4.833986613118668174e-02
-4.833986613118668174e-02
-5.088667036821803435e-02
-5.088667036821803435e-02
-5.852708307931209220e-02
-5.852708307931209220e-02
-5.088667036821803435e-02
-4.833986613118668174e-02
-4.579306189415532913e-02
-5.343347460524938697e-02
-5.343347460524938697e-02
-6.107388731634344481e-02
-6.107388731634344481e-02
-5.343347460524938697e-02
-4.833986613118668174e-02
-5.088667036821803435e-02
-5.088667036821803435e-02
-5.343347460524938697e-02
-5.852708307931209220e-02
-6.107388731634344481e-02
-5.343347460524938697e-02
-5.088667036821803435e-02
-4.833986613118668174e-02
-4.833986613118668174e-02
-5.343347460524938697e-02
-5.852708307931209220e-02
-5.852708307931209220e-02
-5.088667036821803435e-02
-5.088667036821803435e-02
-4.579306189415532913e-02
-4.833986613118668174e-02
-5.343347460524938697e-02
-5.343347460524938697e-02
-5.852708307931209220e-02
-6.107388731634344481e-02
-5.343347460524938697e-02
-5.343347460524938697e-02
-4.579306189415532913e-02
-5.598027884228073958e-02
-5.343347460524938697e-02
-5.852708307931209220e-02
-5.852708307931209220e-02
-5.088667036821803435e-02
-5.343347460524938697e-02
-5.088667036821803435e-02
-4.579306189415532913e-02
-5.343347460524938697e-02
-5.343347460524938697e-02
-6.107388731634344481e-02
-5.852708307931209220e-02
-5.343347460524938697e-02
-5.343347460524938697e-02
-4.833986613118668174e-02
-4.833986613118668174e-02
-5.088667036821803435e-02
-5.343347460524938697e-02
-5.852708307931209220e-02
-5.343347460524938697e-02
-5.343347460524938697e-02
-4.833986613118668174e-02
-4.833986613118668174e-02
-5.343347460524938697e-02
-5.852708307931209220e-02
-5.852708307931209220e-02
-5.598027884228073958e-02
-5.088667036821803435e-02
-4.579306189415532913e-02
-5.343347460524938697e-02
-5.343347460524938697e-02
-5.088667036821803435e-02
-5.852708307931209220e-02
-6.107388731634344481e-02
-5.343347460524938697e-02
-4.833986613118668174e-02
-4.833986613118668174e-02
-5.343347460524938697e-02
-5.088667036821803435e-02
-5.852708307931209220e-02
-5.852708307931209220e-02
-5.088667036821803435e-02
-5.343347460524938697e-02
-5.088667036821803435e-02
-4.579306189415532913e-02
-5.343347460524938697e-02
-6.107388731634344481e-02
-6.107388731634344481e-02
-5.343347460524938697e-02
-5.343347460524938697e-02
-4.579306189415532913e-02
-4.833986613118668174e-02
-5.088667036821803435e-02
-5.088667036821803435e-02
-5.852708307931209220e-02
-6.107388731634344481e-02
-5.343347460524938697e-02
-5.343347460524938697e-02
-4.833986613118668174e-02
-4.833986613118668174e-02
-5.343347460524938697e-02
-5.852708307931209220e-02
-6.107388731634344481e-02
-5.088667036821803435e-02
-5.598027884228073958e-02
-4.579306189415532913e-02
-5.343347460524938697e-02
-5.343347460524938697e-02
-6.107388731634344481e-02
-5.852708307931209220e-02
-5.343347460524938697e-02
-5.343347460524938697e-02
-5.088667036821803435e-02
-4.579306189415532913e-02
-4.833986613118668174e-02
-5.343347460524938697e-02
-6.107388731634344481e-02
-5.852708307931209220e-02
-5.088667036821803435e-02
-5.088667036821803435e-02
-4.579306189415532913e-02
-5.343347460524938697e-02
-5.852708307931209220e-02
-6.107388731634344481e-02
-5.343347460524938697e-02
-5.343347460524938697e-02
-4.833986613118668174e-02
-4.579306189415532913e-02
-5.343347460524938697e-02
-5.343347460524938697e-02
-6.107388731634344481e-02
-5.852708307931209220e-02
-5.343347460524938697e-02
-5.343347460524938697e-02
-4.579306189415532913e-02
-4.833986613118668174e-02
-5.088667036821803435e-02
-5.343347460524938697e-02
-5.852708307931209220e-02
-6.107388731634344481e-02
-5.343347460524938697e-02
-5.343347460524938697e-02
-4.833986613118668174e-02
-4.579306189415532913e-02
-5.088667036821803435e-02
-5.852708307931209220e-02
-5.852708307931209220e-02
-5.343347460524938697e-02
-4.833986613118668174e-02
-4.833986613118668174e-02
-5.343347460524938697e-02
-5.343347460524938697e-02
-6.107388731634344481e-02
-5.852708307931209220e-02
-5.343347460524938697e-02
-5.088667036821803435e-02
-4.579306189415532913e-02
-4.579306189415532913e-02
-5.088667036821803435e-02
-5.343347460524938697e-02
-5.852708307931209220e-02
-5.852708307931209220e-02
-5.088667036821803435e-02
-4.833986613118668174e-02
-5.343347460524938697e-02
-5.343347460524938697e-02
-5.852708307931209220e-02
-5.852708307931209220e-02
-5.343347460524938697e-02
-5.598027884228073958e-02
-4.833986613118668174e-02
-4.579306189415532913e-02
-5.088667036821803435e-02
-5.343347460524938697e-02
-5.852708307931209220e-02
-5.852708307931209220e-02
-5.343347460524938697e-02
-5.343347460524938697e-02
-4.579306189415532913e-02
-4.579306189415532913e-02
-5.343347460524938697e-02
-5.088667036821803435e-02
-5.852708307931209220e-02
-5.852708307931209220e-02
-5.343347460524938697e-02
-4.579306189415532913e-02
-4.579306189415532913e-02
-5.088667036821803435e-02
-5.343347460524938697e-02
-5.852708307931209220e-02
-5.852708307931209220e-02
-5.343347460524938697e-02
-5.088667036821803435e-02
-4.833986613118668174e-02
-4.833986613118668174e-02
-5.088667036821803435e-02
-6.107388731634344481e-02
-5.852708307931209220e-02
-5.343347460524938697e-02
-4.833986613118668174e-02
-5.088667036821803435e-02
-5.343347460524938697e-02
-5.088667036821803435e-02
-5.088667036821803435e-02
-6.107388731634344481e-02
-5.852708307931209220e-02
-5.343347460524938697e-02
-4.833986613118668174e-02
-4.579306189415532913e-02
-5.343347460524938697e-02
-5.343347460524938697e-02
-5.852708307931209220e-02
-5.852708307931209220e-02
-5.343347460524938697e-02
-5.343347460524938697e-02
-4.579306189415532913e-02
-5.343347460524938697e-02
-5.088667036821803435e-02
-5.852708307931209220e-02
-5.852708307931209220e-02
-5.343347460524938697e-02
-5.343347460524938697e-02
-4.579306189415532913e-02
-4.833986613118668174e-02
-5.343347460524938697e-02
-5.343347460524938697e-02
-5.852708307931209220e-02
-5.343347460524938697e-02
-5.343347460524938697e-02
-4.579306189415532913e-02
-4.579306189415532913e-02
-5.088667036821803435e-02
-5.343347460524938697e-02
-6.107388731634344481e-02
-5.852708307931209220e-02
-5.343347460524938697e-02
-5.088667036821803435e-02
-4.579306189415532913e-02
-5.088667036821803435e-02
-5.343347460524938697e-02
-5.852708307931209220e-02
-5.343347460524938697e-02
-5.343347460524938697e-02
-4.833986613118668174e-02
-4.579306189415532913e-02
-5.343347460524938697e-02
-5.088667036821803435e-02
-6.107388731634344481e-02
-5.852708307931209220e-02
-5.088667036821803435e-02
-5.343347460524938697e-02
-4.833986613118668174e-02
-5.088667036821803435e-02
-5.343347460524938697e-02
-5.852708307931209220e-02
-5.852708307931209220e-02
-5.598027884228073958e-02
-5.343347460524938697e-02
-4.833986613118668174e-02
-5.343347460524938697e-02
-5.343347460524938697e-02
-6.107388731634344481e-02
-5.852708307931209220e-02
-5.343347460524938697e-02
-5.343347460524938697e-02
-4.833986613118668174e-02
-4.833986613118668174e-02
-5.343347460524938697e-02
-5.343347460524938697e-02
-5.852708307931209220e-02
-5.343347460524938697e-02
-5.343347460524938697e-02
-4.579306189415532913e-02
-4.579306189415532913e-02
-5.598027884228073958e-02
-5.343347460524938697e-02
-6.107388731634344481e-02
-5.852708307931209220e-02
-5.088667036821803435e-02
-5.343347460524938697e-02
-4.579306189415532913e-02
-5.343347460524938697e-02
-5.852708307931209220e-02
-5.852708307931209220e-02
-5.598027884228073958e-02
-5.088667036821803435e-02
-4.833986613118668174e-02
-4.833986613118668174e-02
-5.598027884228073958e-02
-5.343347460524938697e-02
-5.852708307931209220e-02
-5.852708307931209220e-02
-5.088667036821803435e-02
-5.343347460524938697e-02
-4.833986613118668174e-02
-4.833986613118668174e-02
-5.343347460524938697e-02
-5.852708307931209220e-02
-5.343347460524938697e-02
-5.343347460524938697e-02
-4.833986613118668174e-02
-5.088667036821803435e-02
-5.343347460524938697e-02
-5.343347460524938697e-02
-5.852708307931209220e-02
-6.107388731634344481e-02
-5.598027884228073958e-02
-5.343347460524938697e-02
-4.833986613118668174e-02
-5.343347460524938697e-02
-5.088667036821803435e-02
-5.852708307931209220e-02
-5.852708307931209220e-02
-5.343347460524938697e-02
-5.343347460524938697e-02
-4.579306189415532913e-02
-5.343347460524938697e-02
-5.343347460524938697e-02
-6.107388731634344481e-02
-5.598027884228073958e-02
-5.343347460524938697e-02
-4.833986613118668174e-02
-4.833986613118668174e-02
-5.343347460524938697e-02
-5.343347460524938697e-02
-5.852708307931209220e-02
-5.852708307931209220e-02
-5.343347460524938697e-02
-5.088667036821803435e-02
-4.833986613118668174e-02
-4.579306189415532913e-02
-5.343347460524938697e-02
-5.852708307931209220e-02
-6.107388731634344481e-02
-5.088667036821803435e-02
-5.343347460524938697e-02
-4.833986613118668174e-02
-4.579306189415532913e-02
-5.343347460524938697e-02
-5.343347460524938697e-02
-6.107388731634344481e-02
-5.852708307931209220e-02
-5.343347460524938697e-02
-5.343347460524938697e-02
-4.579306189415532913e-02
-4.579306189415532913e-02
-5.343347460524938697e-02
-5.088667036821803435e-02
-6.107388731634344481e-02
-5.343347460524938697e-02
-5.343347460524938697e-02
-4.833986613118668174e-02
-4.833986613118668174e-02
-5.088667036821803435e-02
-5.088667036821803435e-02
-5.852708307931209220e-02
-5.852708307931209220e-02
-5.343347460524938697e-02
-5.088667036821803435e-02
-5.088667036821803435e-02
-4.833986613118668174e-02
-5.088667036821803435e-02
-5.852708307931209220e-02
-5.598027884228073958e-02
-5.088667036821803435e-02
-5.088667036821803435e-02
-4.579306189415532913e-02
-5.343347460524938697e-02
-5.088667036821803435e-02
-5.852708307931209220e-02
-6.107388731634344481e-02
-5.088667036821803435e-02
-4.833986613118668174e-02
-4.833986613118668174e-02
-5.343347460524938697e-02
-5.343347460524938697e-02
-5.852708307931209220e-02
-5.852708307931209220e-02
-5.088667036821803435e-02
-5.088667036821803435e-02
-4.579306189415532913e-02
-4.833986613118668174e-02
-5.343347460524938697e-02
-5.343347460524938697e-02
-5.852708307931209220e-02
-5.852708307931209220e-02
-5.343347460524938697e-02
-5.343347460524938697e-02
-4.579306189415532913e-02
-5.343347460524938697e-02
-5.343347460524938697e-02
-5.852708307931209220e-02
-5.852708307931209220e-02
-5.343347460524938697e-02
-4.579306189415532913e-02
-4.833986613118668174e-02
-5.343347460524938697e-02
-5.343347460524938697e-02
-6.107388731634344481e-02
-5.852708307931209220e-02
-5.343347460524938697e-02
-5.088667036821803435e-02
-5.343347460524938697e-02
-4.833986613118668174e-02
-5.343347460524938697e-02
-6.107388731634344481e-02
-5.852708307931209220e-02
-5.343347460524938697e-02
-5.088667036821803435e-02
-5.088667036821803435e-02
-4.579306189415532913e-02
-5.343347460524938697e-02
-5.343347460524938697e-02
-5.852708307931209220e-02
-5.852708307931209220e-02
-5.088667036821803435e-02
-5.343347460524938697e-02
-5.088667036821803435e-02
-4.579306189415532913e-02
-5.343347460524938697e-02
-5.343347460524938697e-02
-5.852708307931209220e-02
-5.598027884228073958e-02
-5.343347460524938697e-02
-4.579306189415532913e-02
-4.833986613118668174e-02
-5.343347460524938697e-02
-5.343347460524938697e-02
-6.107388731634344481e-02
-5.852708307931209220e-02
-5.343347460524938697e-02
-5.343347460524938697e-02
-4.579306189415532913e-02
-4.579306189415532913e-02
-5.088667036821803435e-02
-5.088667036821803435e-02
-5.852708307931209220e-02
-6.107388731634344481e-02
-5.088667036821803435e-02
-5.088667036821803435e-02
-4.833986613118668174e-02
-4.579306189415532913e-02
-5.088667036821803435e-02
-6.107388731634344481e-02
-5.343347460524938697e-02
-5.088667036821803435e-02
-5.343347460524938697e-02
-4.579306189415532913e-02
-5.343347460524938697e-02
-5.343347460524938697e-02
-5.343347460524938697e-02
-5.852708307931209220e-02
-5.852708307931209220e-02
-5.088667036821803435e-02
-5.343347460524938697e-02
-4.833986613118668174e-02
-5.343347460524938697e-02
-5.343347460524938697e-02
-5.852708307931209220e-02
-5.852708307931209220e-02
-5.343347460524938697e-02
-5.343347460524938697e-02
-4.833986613118668174e-02
-4.833986613118668174e-02
-5.343347460524938697e-02
-6.107388731634344481e-02
-5.088667036821803435e-02
-5.088667036821803435e-02
-5.343347460524938697e-02
-5.343347460524938697e-02
-4.579306189415532913e-02
-5.343347460524938697e-02
-5.088667036821803435e-02
-5.598027884228073958e-02
-6.107388731634344481e-02
-5.088667036821803435e-02
-5.343347460524938697e-02
-4.579306189415532913e-02
-5.343347460524938697e-02
-5.343347460524938697e-02
-5.852708307931209220e-02
-5.598027884228073958e-02
-5.343347460524938697e-02
-4.833986613118668174e-02
-4.833986613118668174e-02
-4.579306189415532913e-02
-5.343347460524938697e-02
-5.852708307931209220e-02
-5.852708307931209220e-02
-5.598027884228073958e-02
-5.088667036821803435e-02
-5.088667036821803435e-02
-4.579306189415532913e-02
-5.343347460524938697e-02
-5.088667036821803435e-02
-6.107388731634344481e-02
-6.107388731634344481e-02
-5.343347460524938697e-02
-5.088667036821803435e-02
-5.088667036821803435e-02
-5.088667036821803435e-02
-5.598027884228073958e-02
-5.088667036821803435e-02
-5.852708307931209220e-02
-5.852708307931209220e-02
-5.343347460524938697e-02
-5.088667036821803435e-02
-4.833986613118668174e-02
-4.324625765712397651e-02
-5.343347460524938697e-02
-5.088667036821803435e-02
-5.852708307931209220e-02
-6.107388731634344481e-02
-5.343347460524938697e-02
-5.343347460524938697e-02
-4.833986613118668174e-02
-5.088667036821803435e-02
-5.343347460524938697e-02
-5.852708307931209220e-02
-5.852708307931209220e-02
-5.343347460524938697e-02
-5.088667036821803435e-02
-4.833986613118668174e-02
-4.833986613118668174e-02
-5.343347460524938697e-02
-6.107388731634344481e-02
-6.107388731634344481e-02
-5.598027884228073958e-02
-5.343347460524938697e-02
-5.088667036821803435e-02
-4.579306189415532913e-02
-5.088667036821803435e-02
-5.343347460524938697e-02
-6.107388731634344481e-02
-5.852708307931209220e-02
-5.343347460524938697e-02
-5.088667036821803435e-02
-4.833986613118668174e-02
-4.579306189415532913e-02
-5.343347460524938697e-02
-5.343347460524938697e-02
-6.107388731634344481e-02
-5.852708307931209220e-02
-5.598027884228073958e-02
-5.088667036821803435e-02
-4.833986613118668174e-02
-5.343347460524938697e-02
-5.343347460524938697e-02
-6.107388731634344481e-02
-5.852708307931209220e-02
-5.343347460524938697e-02
-5.088667036821803435e-02
-4.579306189415532913e-02
-4.833986613118668174e-02
-5.343347460524938697e-02
-5.343347460524938697e-02
-6.107388731634344481e-02
-6.107388731634344481e-02
-5.088667036821803435e-02
-5.088667036821803435e-02
-4.579306189415532913e-02
-5.088667036821803435e-02
-5.343347460524938697e-02
-5.852708307931209220e-02
-5.852708307931209220e-02
-5.343347460524938697e-02
-5.088667036821803435e-02
-4.324625765712397651e-02
-5.088667036821803435e-02
-5.343347460524938697e-02
-6.107388731634344481e-02
-6.107388731634344481e-02
-5.343347460524938697e-02
-4.833986613118668174e-02
-4.579306189415532913e-02
-4.579306189415532913e-02
-5.343347460524938697e-02
-6.107388731634344481e-02
-5.598027884228073958e-02
-5.343347460524938697e-02
-5.343347460524938697e-02
-4.833986613118668174e-02
-4.833986613118668174e-02
-5.343347460524938697e-02
-5.088667036821803435e-02
-5.852708307931209220e-02
-5.852708307931209220e-02
-5.343347460524938697e-02
-5.343347460524938697e-02
-4.833986613118668174e-02
-5.088667036821803435e-02
-5.343347460524938697e-02
-5.852708307931209220e-02
-5.088667036821803435e-02
-5.852708307931209220e-02
-5.343347460524938697e-02
-4.833986613118668174e-02
-4.579306189415532913e-02
-5.343347460524938697e-02
-5.343347460524938697e-02
-6.107388731634344481e-02
-5.343347460524938697e-02
-5.343347460524938697e-02
-5.088667036821803435e-02
-4.579306189415532913e-02
-5.343347460524938697e-02
-5.088667036821803435e-02
-6.107388731634344481e-02
-5.852708307931209220e-02
-5.343347460524938697e-02
-4.579306189415532913e-02
-4.833986613118668174e-02
-5.343347460524938697e-02
-5.343347460524938697e-02
-6.107388731634344481e-02
-5.852708307931209220e-02
-5.343347460524938697e-02
-4.833986613118668174e-02
-4.833986613118668174e-02
-5.343347460524938697e-02
-5.343347460524938697e-02
-5.852708307931209220e-02
-5.852708307931209220e-02
-5.343347460524938697e-02
-5.088667036821803435e-02
-5.343347460524938697e-02
-4.833986613118668174e-02
-5.343347460524938697e-02
-5.852708307931209220e-02
-6.107388731634344481e-02
-5.343347460524938697e-02
-5.088667036821803435e-02
-4.833986613118668174e-02
-4.579306189415532913e-02
-5.088667036821803435e-02
-5.088667036821803435e-02
-5.852708307931209220e-02
-6.107388731634344481e-02
-5.598027884228073958e-02
-4.833986613118668174e-02
-5.088667036821803435e-02
-5.343347460524938697e-02
-5.343347460524938697e-02
-5.852708307931209220e-02
-5.852708307931209220e-02
-5.343347460524938697e-02
-5.088667036821803435e-02
-4.579306189415532913e-02
-4.579306189415532913e-02
-5.343347460524938697e-02
-5.343347460524938697e-02
-5.852708307931209220e-02
-5.852708307931209220e-02
-5.343347460524938697e-02
-5.343347460524938697e-02
-4.579306189415532913e-02
-5.343347460524938697e-02
-5.343347460524938697e-02
-5.852708307931209220e-02
-5.852708307931209220e-02
-5.343347460524938697e-02
-5.343347460524938697e-02
-5.088667036821803435e-02
-4.833986613118668174e-02
-5.088667036821803435e-02
-5.852708307931209220e-02
-5.343347460524938697e-02
-5.343347460524938697e-02
-4.579306189415532913e-02
-4.833986613118668174e-02
-4.833986613118668174e-02
-5.088667036821803435e-02
-5.343347460524938697e-02
-5.852708307931209220e-02
-5.343347460524938697e-02
-5.343347460524938697e-02
-4.833986613118668174e-02
-4.579306189415532913e-02
-5.088667036821803435e-02
-5.088667036821803435e-02
-6.107388731634344481e-02
-5.852708307931209220e-02
-5.343347460524938697e-02
-5.088667036821803435e-02
-4.579306189415532913e-02
-4.833986613118668174e-02
-5.088667036821803435e-02
-5.343347460524938697e-02
-5.852708307931209220e-02
-5.852708307931209220e-02
-5.088667036821803435e-02
-5.343347460524938697e-02
-4.833986613118668174e-02
-5.343347460524938697e-02
-5.088667036821803435e-02
-5.852708307931209220e-02
-5.852708307931209220e-02
-5.343347460524938697e-02
-5.343347460524938697e-02
-4.579306189415532913e-02
-4.579306189415532913e-02
-5.343347460524938697e-02
-5.852708307931209220e-02
-5.852708307931209220e-02
-5.343347460524938697e-02
-5.343347460524938697e-02
-4.833986613118668174e-02
-4.833986613118668174e-02
-5.598027884228073958e-02
-5.088667036821803435e-02
-5.852708307931209220e-02
-5.343347460524938697e-02
-4.579306189415532913e-02
-5.088667036821803435e-02
-4.579306189415532913e-02
-5.343347460524938697e-02
-6.107388731634344481e-02
-5.852708307931209220e-02
-5.088667036821803435e-02
-5.343347460524938697e-02
-4.579306189415532913e-02
-5.343347460524938697e-02
-5.343347460524938697e-02
-5.852708307931209220e-02
-6.107388731634344481e-02
-6.107388731634344481e-02
-5.343347460524938697e-02
-4.833986613118668174e-02
-4.579306189415532913e-02
-5.343347460524938697e-02
-5.343347460524938697e-02
-5.852708307931209220e-02
-6.107388731634344481e-02
-5.598027884228073958e-02
-5.343347460524938697e-02
-4.833986613118668174e-02
-5.343347460524938697e-02
-5.343347460524938697e-02
-5.088667036821803435e-02
-5.852708307931209220e-02
-5.852708307931209220e-02
-5.343347460524938697e-02
-5.088667036821803435e-02
-4.833986613118668174e-02
-5.343347460524938697e-02
-5.852708307931209220e-02
-5.598027884228073958e-02
-5.598027884228073958e-02
-5.343347460524938697e-02
-4.833986613118668174e-02
-4.579306189415532913e-02
-5.343347460524938697e-02
-5.088667036821803435e-02
-6.107388731634344481e-02
-5.852708307931209220e-02
-5.343347460524938697e-02
-5.343347460524938697e-02
-4.833986613118668174e-02
-4.579306189415532913e-02
-5.343347460524938697e-02
-5.343347460524938697e-02
-6.107388731634344481e-02
-6.107388731634344481e-02
-5.088667036821803435e-02
-4.833986613118668174e-02
-4.579306189415532913e-02
-5.088667036821803435e-02
-5.088667036821803435e-02
-5.343347460524938697e-02
-5.852708307931209220e-02
-5.852708307931209220e-02
-5.343347460524938697e-02
-5.088667036821803435e-02
-4.833986613118668174e-02
-5.343347460524938697e-02
-5.598027884228073958e-02
-5.852708307931209220e-02
-5.852708307931209220e-02
-5.598027884228073958e-02
-5.343347460524938697e-02
-4.579306189415532913e-02
-5.343347460524938697e-02
-5.343347460524938697e-02
-5.852708307931209220e-02
-5.088667036821803435e-02
-5.598027884228073958e-02
-4.833986613118668174e-02
-5.343347460524938697e-02
-5.088667036821803435e-02
-5.343347460524938697e-02
-5.852708307931209220e-02
-5.852708307931209220e-02
-5.343347460524938697e-02
-5.088667036821803435e-02
-4.579306189415532913e-02
-4.579306189415532913e-02
-5.343347460524938697e-02
-5.343347460524938697e-02
-5.852708307931209220e-02
-5.343347460524938697e-02
-4.579306189415532913e-02
-4.833986613118668174e-02
-5.598027884228073958e-02
-5.343347460524938697e-02
-5.852708307931209220e-02
-5.852708307931209220e-02
-5.343347460524938697e-02
-5.088667036821803435e-02
-5.088667036821803435e-02
-5.088667036821803435e-02
-5.343347460524938697e-02
-6.107388731634344481e-02
-5.852708307931209220e-02
-5.343347460524938697e-02
-5.343347460524938697e-02
-4.833986613118668174e-02
-4.833986613118668174e-02
-5.343347460524938697e-02
-5.088667036821803435e-02
-6.107388731634344481e-02
-5.343347460524938697e-02
-5.088667036821803435e-02
-4.833986613118668174e-02
-4.579306189415532913e-02
-5.343347460524938697e-02
-6.107388731634344481e-02
-5.852708307931209220e-02
-6.107388731634344481e-02
-5.088667036821803435e-02
-5.088667036821803435e-02
-5.088667036821803435e-02
-5.343347460524938697e-02
-5.088667036821803435e-02
-5.852708307931209220e-02
-5.598027884228073958e-02
-5.852708307931209220e-02
-5.343347460524938697e-02
-5.343347460524938697e-02
-4.833986613118668174e-02
-4.579306189415532913e-02
-5.343347460524938697e-02
-5.343347460524938697e-02
-5.852708307931209220e-02
-5.852708307931209220e-02
-5.088667036821803435e-02
-4.833986613118668174e-02
-4.833986613118668174e-02
-5.343347460524938697e-02
-5.343347460524938697e-02
-6.107388731634344481e-02
-5.598027884228073958e-02
-5.343347460524938697e-02
-4.579306189415532913e-02
-4.579306189415532913e-02
-5.343347460524938697e-02
-5.343347460524938697e-02
-6.107388731634344481e-02
-6.107388731634344481e-02
-5.088667036821803435e-02
-5.343347460524938697e-02
-4.579306189415532913e-02
-4.833986613118668174e-02
-5.343347460524938697e-02
-5.343347460524938697e-02
-6.107388731634344481e-02
-5.852708307931209220e-02
-5.343347460524938697e-02
-4.833986613118668174e-02
-4.833986613118668174e-02
-5.343347460524938697e-02
-6.107388731634344481e-02
-5.088667036821803435e-02
-6.107388731634344481e-02
-4.579306189415532913e-02
-4.579306189415532913e-02
-5.343347460524938697e-02
-5.343347460524938697e-02
-5.852708307931209220e-02
-5.852708307931209220e-02
-5.852708307931209220e-02
-5.088667036821803435e-02
-5.088667036821803435e-02
-4.579306189415532913e-02
-5.088667036821803435e-02
-5.088667036821803435e-02
-5.852708307931209220e-02
-5.852708307931209220e-02
-5.343347460524938697e-02
-4.579306189415532913e-02
-4.833986613118668174e-02
-4.833986613118668174e-02
-5.343347460524938697e-02
-5.343347460524938697e-02
-5.852708307931209220e-02
-5.343347460524938697e-02
-5.343347460524938697e-02
-4.833986613118668174e-02
-5.088667036821803435e-02
-5.343347460524938697e-02
-5.088667036821803435e-02
-6.107388731634344481e-02
-5.598027884228073958e-02
-5.343347460524938697e-02
-5.343347460524938697e-02
-4.833986613118668174e-02
-5.088667036821803435e-02
-5.343347460524938697e-02
-6.107388731634344481e-02
-5.852708307931209220e-02
-5.343347460524938697e-02
-5.343347460524938697e-02
-4.579306189415532913e-02
-4.579306189415532913e-02
-5.343347460524938697e-02
-5.852708307931209220e-02
-5.852708307931209220e-02
-5.343347460524938697e-02
-5.343347460524938697e-02
-4.833986613118668174e-02
-4.833986613118668174e-02
-5.343347460524938697e-02
-5.852708307931209220e-02
-5.852708307931209220e-02
-5.343347460524938697e-02
-5.088667036821803435e-02
-4.579306189415532913e-02
-4.579306189415532913e-02
-5.343347460524938697e-02
-5.852708307931209220e-02
-5.852708307931209220e-02
-5.343347460524938697e-02
-5.343347460524938697e-02
-4.324625765712397651e-02
-4.579306189415532913e-02
-5.088667036821803435e-02
-5.343347460524938697e-02
-5.852708307931209220e-02
-5.343347460524938697e-02
-5.343347460524938697e-02
-5.088667036821803435e-02
-5.088667036821803435e-02
-5.088667036821803435e-02
-5.343347460524938697e-02
-5.852708307931209220e-02
-5.088667036821803435e-02
-5.343347460524938697e-02
-4.833986613118668174e-02
-5.343347460524938697e-02
-5.343347460524938697e-02
-5.852708307931209220e-02
-5.852708307931209220e-02
-6.107388731634344481e-02
-5.343347460524938697e-02
-4.833986613118668174e-02
-4.833986613118668174e-02
-5.343347460524938697e-02
-6.107388731634344481e-02
-6.107388731634344481e-02
-6.107388731634344481e-02
-5.343347460524938697e-02
-4.833986613118668174e-02
-4.579306189415532913e-02
-5.343347460524938697e-02
-5.088667036821803435e-02
-6.107388731634344481e-02
-6.107388731634344481e-02
-5.852708307931209220e-02
-5.343347460524938697e-02
-5.088667036821803435e-02
-4.579306189415532913e-02
-5.088667036821803435e-02
-5.343347460524938697e-02
-6.107388731634344481e-02
-5.598027884228073958e-02
-5.343347460524938697e-02
-5.343347460524938697e-02
-5.088667036821803435e-02
-4.833986613118668174e-02
-5.088667036821803435e-02
-5.088667036821803435e-02
-5.852708307931209220e-02
-5.852708307931209220e-02
-5.343347460524938697e-02
-4.579306189415532913e-02
-4.579306189415532913e-02
-5.343347460524938697e-02
-5.852708307931209220e-02
-6.107388731634344481e-02
-5.088667036821803435e-02
-5.343347460524938697e-02
-5.088667036821803435e-02
-4.579306189415532913e-02
-5.343347460524938697e-02
-5.343347460524938697e-02
-5.852708307931209220e-02
-5.343347460524938697e-02
-5.088667036821803435e-02
-5.343347460524938697e-02
-4.579306189415532913e-02
-4.833986613118668174e-02
-5.088667036821803435e-02
-5.852708307931209220e-02
-5.852708307931209220e-02
-5.088667036821803435e-02
-5.598027884228073958e-02
-4.579306189415532913e-02
-4.833986613118668174e-02
-5.343347460524938697e-02
-5.088667036821803435e-02
-6.107388731634344481e-02
-5.852708307931209220e-02
-5.343347460524938697e-02
-5.343347460524938697e-02
-4.833986613118668174e-02
-5.088667036821803435e-02
-5.343347460524938697e-02
-5.343347460524938697e-02
-5.852708307931209220e-02
-5.852708307931209220e-02
-5.343347460524938697e-02
-4.579306189415532913e-02
-4.579306189415532913e-02
-5.088667036821803435e-02
-5.343347460524938697e-02
-6.107388731634344481e-02
-5.852708307931209220e-02
-5.343347460524938697e-02
-4.579306189415532913e-02
-4.579306189415532913e-02
-5.343347460524938697e-02
-6.107388731634344481e-02
-5.852708307931209220e-02
-6.107388731634344481e-02
-5.088667036821803435e-02
-5.343347460524938697e-02
-4.833986613118668174e-02
-4.833986613118668174e-02
-5.343347460524938697e-02
-5.343347460524938697e-02
-6.362069155337479742e-02
-5.343347460524938697e-02
-5.088667036821803435e-02
-4.579306189415532913e-02
-5.088667036821803435e-02
-5.343347460524938697e-02
-5.088667036821803435e-02
-5.852708307931209220e-02
-5.088667036821803435e-02
-5.088667036821803435e-02
-4.579306189415532913e-02
-5.343347460524938697e-02
-5.088667036821803435e-02
-5.852708307931209220e-02
-5.852708307931209220e-02
-5.343347460524938697e-02
-5.343347460524938697e-02
-4.833986613118668174e-02
-5.088667036821803435e-02
-5.343347460524938697e-02
-5.852708307931209220e-02
-6.107388731634344481e-02
-5.343347460524938697e-02
-5.343347460524938697e-02
-4.833986613118668174e-02
-5.088667036821803435e-02
-5.343347460524938697e-02
-5.343347460524938697e-02
-6.107388731634344481e-02
-5.088667036821803435e-02
-5.343347460524938697e-02
-4.579306189415532913e-02
-4.833986613118668174e-02
-5.343347460524938697e-02
-5.598027884228073958e-02
-5.852708307931209220e-02
-5.343347460524938697e-02
-5.343347460524938697e-02
-5.343347460524938697e-02
-5.088667036821803435e-02
-4.579306189415532913e-02
-6.107388731634344481e-02
-6.107388731634344481e-02
-6.107388731634344481e-02
-5.088667036821803435e-02
-5.343347460524938697e-02
-4.579306189415532913e-02
-4.833986613118668174e-02
-5.088667036821803435e-02
-5.852708307931209220e-02
-6.107388731634344481e-02
-5.343347460524938697e-02
-4.579306189415532913e-02
-4.579306189415532913e-02
-5.343347460524938697e-02
-5.343347460524938697e-02
-5.852708307931209220e-02
-6.107388731634344481e-02
-5.088667036821803435e-02
-5.343347460524938697e-02
-5.088667036821803435e-02
-5.088667036821803435e-02
-5.343347460524938697e-02
-5.343347460524938697e-02
-5.852708307931209220e-02
-6.107388731634344481e-02
-5.343347460524938697e-02
-5.088667036821803435e-02
-4.833986613118668174e-02
-5.343347460524938697e-02
-5.088667036821803435e-02
-5.852708307931209220e-02
-5.343347460524938697e-02
-5.343347460524938697e-02
-4.579306189415532913e-02
-4.579306189415532913e-02
-4.833986613118668174e-02
-5.343347460524938697e-02
-5.343347460524938697e-02
-6.107388731634344481e-02
-5.852708307931209220e-02
-5.343347460524938697e-02
-5.343347460524938697e-02
-4.833986613118668174e-02
-5.088667036821803435e-02
-5.343347460524938697e-02
-5.852708307931209220e-02
-5.088667036821803435e-02
-5.343347460524938697e-02
-4.579306189415532913e-02
-5.088667036821803435e-02
-5.088667036821803435e-02
-6.107388731634344481e-02
-5.852708307931209220e-02
-5.088667036821803435e-02
-5.088667036821803435e-02
-4.579306189415532913e-02
-4.579306189415532913e-02
-5.343347460524938697e-02
-5.088667036821803435e-02
-5.852708307931209220e-02
-5.343347460524938697e-02
-5.088667036821803435e-02
-4.579306189415532913e-02
-4.579306189415532913e-02
-5.343347460524938697e-02
-5.088667036821803435e-02
-6.107388731634344481e-02
-5.852708307931209220e-02
-5.088667036821803435e-02
-5.343347460524938697e-02
-4.579306189415532913e-02
-5.088667036821803435e-02
-5.088667036821803435e-02
-5.343347460524938697e-02
-5.852708307931209220e-02
-5.088667036821803435e-02
-4.833986613118668174e-02
-4.833986613118668174e-02
-4.833986613118668174e-02
-5.343347460524938697e-02
-5.343347460524938697e-02
-6.107388731634344481e-02
-5.852708307931209220e-02
-5.598027884228073958e-02
-4.833986613118668174e-02
-4.833986613118668174e-02
-5.088667036821803435e-02
-5.088667036821803435e-02
-5.852708307931209220e-02
-5.852708307931209220e-02
-5.343347460524938697e-02
-4.833986613118668174e-02
-4.579306189415532913e-02
-5.598027884228073958e-02
-5.088667036821803435e-02
-5.852708307931209220e-02
-6.107388731634344481e-02
-5.343347460524938697e-02
-4.579306189415532913e-02
-4.579306189415532913e-02
-4.579306189415532913e-02
-5.343347460524938697e-02
-5.343347460524938697e-02
-6.107388731634344481e-02
-6.107388731634344481e-02
-5.343347460524938697e-02
-5.343347460524938697e-02
-4.833986613118668174e-02
-5.343347460524938697e-02
-5.343347460524938697e-02
-6.107388731634344481e-02
-6.107388731634344481e-02
-5.343347460524938697e-02
-5.088667036821803435e-02
-4.579306189415532913e-02
-5.343347460524938697e-02
-5.343347460524938697e-02
-6.107388731634344481e-02
-5.343347460524938697e-02
-5.598027884228073958e-02
-4.833986613118668174e-02
-5.088667036821803435e-02
-5.598027884228073958e-02
-5.343347460524938697e-02
-5.852708307931209220e-02
-6.107388731634344481e-02
-5.343347460524938697e-02
-5.343347460524938697e-02
-4.833986613118668174e-02
-5.088667036821803435e-02
-5.343347460524938697e-02
-6.107388731634344481e-02
-5.343347460524938697e-02
-5.343347460524938697e-02
-4.833986613118668174e-02
-5.343347460524938697e-02
-5.343347460524938697e-02
-5.598027884228073958e-02
-5.852708307931209220e-02
-5.852708307931209220e-02
-5.598027884228073958e-02
-5.343347460524938697e-02
-4.579306189415532913e-02
-5.088667036821803435e-02
-5.088667036821803435e-02
-5.343347460524938697e-02
-5.852708307931209220e-02
-6.107388731634344481e-02
-5.598027884228073958e-02
-5.343347460524938697e-02
-4.579306189415532913e-02
-4.579306189415532913e-02
-5.343347460524938697e-02
-6.107388731634344481e-02
-5.852708307931209220e-02
-5.088667036821803435e-02
-5.598027884228073958e-02
-4.833986613118668174e-02
-4.833986613118668174e-02
-5.343347460524938697e-02
-5.598027884228073958e-02
-6.107388731634344481e-02
-6.107388731634344481e-02
-5.343347460524938697e-02
-4.833986613118668174e-02
-5.343347460524938697e-02
-5.088667036821803435e-02
-5.852708307931209220e-02
-6.107388731634344481e-02
-5.343347460524938697e-02
-5.343347460524938697e-02
-5.343347460524938697e-02
-5.088667036821803435e-02
-5.343347460524938697e-02
-5.343347460524938697e-02
-5.852708307931209220e-02
-5.852708307931209220e-02
-5.343347460524938697e-02
-5.343347460524938697e-02
-4.833986613118668174e-02
-4.833986613118668174e-02
-5.088667036821803435e-02
-6.107388731634344481e-02
-5.852708307931209220e-02
-5.343347460524938697e-02
-4.833986613118668174e-02
-4.833986613118668174e-02
-5.343347460524938697e-02
-5.343347460524938697e-02
-5.852708307931209220e-02
-6.107388731634344481e-02
-5.343347460524938697e-02
-4.579306189415532913e-02
-4.579306189415532913e-02
-4.833986613118668174e-02
-5.343347460524938697e-02
-5.852708307931209220e-02
-6.107388731634344481e-02
-5.343347460524938697e-02
-5.343347460524938697e-02
-4.579306189415532913e-02
-4.833986613118668174e-02
-5.343347460524938697e-02
-5.598027884228073958e-02
-5.852708307931209220e-02
-6.107388731634344481e-02
-5.088667036821803435e-02
-5.343347460524938697e-02
-4.579306189415532913e-02
-4.579306189415532913e-02
-5.343347460524938697e-02
-5.852708307931209220e-02
-5.852708307931209220e-02
-5.343347460524938697e-02
-5.343347460524938697e-02
-4.833986613118668174e-02
-4.579306189415532913e-02
-5.343347460524938697e-02
-5.343347460524938697e-02
-5.852708307931209220e-02
-5.343347460524938697e-02
-5.343347460524938697e-02
-4.579306189415532913e-02
-4.833986613118668174e-02
-5.343347460524938697e-02
-5.343347460524938697e-02
-5.852708307931209220e-02
-5.852708307931209220e-02
-5.343347460524938697e-02
-4.579306189415532913e-02
-4.833986613118668174e-02
-5.343347460524938697e-02
-5.343347460524938697e-02
-5.852708307931209220e-02
-6.107388731634344481e-02
-5.343347460524938697e-02
-5.343347460524938697e-02
-5.088667036821803435e-02
-5.343347460524938697e-02
-5.343347460524938697e-02
-5.852708307931209220e-02
-6.107388731634344481e-02
-5.343347460524938697e-02
-5.343347460524938697e-02
-4.833986613118668174e-02
-5.088667036821803435e-02
-5.343347460524938697e-02
-6.107388731634344481e-02
-6.107388731634344481e-02
-5.598027884228073958e-02
-4.579306189415532913e-02
-4.833986613118668174e-02
-5.088667036821803435e-02
-5.343347460524938697e-02
-6.107388731634344481e-02
-5.088667036821803435e-02
-5.343347460524938697e-02
-4.579306189415532913e-02
-4.833986613118668174e-02
-5.088667036821803435e-02
-5.852708307931209220e-02
-5.852708307931209220e-02
-5.343347460524938697e-02
-5.088667036821803435e-02
-4.833986613118668174e-02
-5.088667036821803435e-02
-5.343347460524938697e-02
-5.088667036821803435e-02
-5.343347460524938697e-02
-6.107388731634344481e-02
-5.343347460524938697e-02
-5.343347460524938697e-02
-4.579306189415532913e-02
-5.088667036821803435e-02
-5.088667036821803435e-02
-5.852708307931209220e-02
-5.852708307931209220e-02
-5.343347460524938697e-02
-4.833986613118668174e-02
-4.833986613118668174e-02
-5.343347460524938697e-02
-5.343347460524938697e-02
-6.107388731634344481e-02
-6.107388731634344481e-02
-5.343347460524938697e-02
-5.343347460524938697e-02
-4.833986613118668174e-02
-5.343347460524938697e-02
-5.343347460524938697e-02
-5.598027884228073958e-02
-6.107388731634344481e-02
-5.343347460524938697e-02
-5.343347460524938697e-02
-4.579306189415532913e-02
-5.343347460524938697e-02
-5.343347460524938697e-02
-5.852708307931209220e-02
-6.107388731634344481e-02
-5.343347460524938697e-02
-5.343347460524938697e-02
-4.833986613118668174e-02
-5.088667036821803435e-02
-5.343347460524938697e-02
-5.852708307931209220e-02
-6.107388731634344481e-02
-5.088667036821803435e-02
-4.833986613118668174e-02
-4.579306189415532913e-02
-5.088667036821803435e-02
-5.088667036821803435e-02
-5.852708307931209220e-02
-6.107388731634344481e-02
-5.088667036821803435e-02
-5.343347460524938697e-02
-4.579306189415532913e-02
-4.833986613118668174e-02
-5.088667036821803435e-02
-5.343347460524938697e-02
-5.852708307931209220e-02
-5.852708307931209220e-02
-5.343347460524938697e-02
-5.088667036821803435e-02
-5.088667036821803435e-02
-4.579306189415532913e-02
-5.343347460524938697e-02
-5.598027884228073958e-02
-5.088667036821803435e-02
-5.343347460524938697e-02
-4.579306189415532913e-02
-4.833986613118668174e-02
-5.088667036821803435e-02
-5.343347460524938697e-02
-6.107388731634344481e-02
-5.343347460524938697e-02
-5.088667036821803435e-02
-5.088667036821803435e-02
-4.579306189415532913e-02
-5.343347460524938697e-02
-5.343347460524938697e-02
-5.852708307931209220e-02
-6.107388731634344481e-02
-6.107388731634344481e-02
-5.343347460524938697e-02
-5.343347460524938697e-02
-4.833986613118668174e-02
-5.343347460524938697e-02
-5.343347460524938697e-02
-6.107388731634344481e-02
-5.852708307931209220e-02
-5.343347460524938697e-02
-4.579306189415532913e-02
-5.343347460524938697e-02
-5.088667036821803435e-02
-5.852708307931209220e-02
-5.852708307931209220e-02
-6.107388731634344481e-02
-5.088667036821803435e-02
-4.579306189415532913e-02
-4.833986613118668174e-02
-5.343347460524938697e-02
-5.852708307931209220e-02
-5.852708307931209220e-02
-5.343347460524938697e-02
-5.088667036821803435e-02
-4.579306189415532913e-02
-5.343347460524938697e-02
-5.088667036821803435e-02
-5.343347460524938697e-02
-5.852708307931209220e-02
-5.343347460524938697e-02
-5.088667036821803435e-02
-4.833986613118668174e-02
-4.579306189415532913e-02
-5.088667036821803435e-02
-5.343347460524938697e-02
-5.852708307931209220e-02
-5.852708307931209220e-02
-5.343347460524938697e-02
-4.579306189415532913e-02
-4.579306189415532913e-02
-4.833986613118668174e-02
-5.343347460524938697e-02
-5.852708307931209220e-02
-6.107388731634344481e-02
-5.088667036821803435e-02
-5.088667036821803435e-02
-4.579306189415532913e-02
-4.833986613118668174e-02
-5.343347460524938697e-02
-5.598027884228073958e-02
-5.343347460524938697e-02
-6.107388731634344481e-02
-5.852708307931209220e-02
-5.343347460524938697e-02
-5.088667036821803435e-02
-4.833986613118668174e-02
-5.343347460524938697e-02
-5.598027884228073958e-02
-5.852708307931209220e-02
-5.852708307931209220e-02
-5.343347460524938697e-02
-5.343347460524938697e-02
-4.579306189415532913e-02
-5.088667036821803435e-02
-5.343347460524938697e-02
-5.852708307931209220e-02
-6.107388731634344481e-02
-5.343347460524938697e-02
-5.343347460524938697e-02
-5.088667036821803435e-02
-5.088667036821803435e-02
-5.343347460524938697e-02
-5.343347460524938697e-02
-6.107388731634344481e-02
-5.852708307931209220e-02
-5.343347460524938697e-02
-4.579306189415532913e-02
-4.579306189415532913e-02
-5.343347460524938697e-02
-5.598027884228073958e-02
-5.852708307931209220e-02
-6.107388731634344481e-02
-5.343347460524938697e-02
-5.343347460524938697e-02
-4.833986613118668174e-02
-5.343347460524938697e-02
-5.343347460524938697e-02
-5.852708307931209220e-02
-5.088667036821803435e-02
-5.343347460524938697e-02
-4.833986613118668174e-02
-4.579306189415532913e-02
-5.088667036821803435e-02
-5.343347460524938697e-02
-5.852708307931209220e-02
-6.107388731634344481e-02
-5.343347460524938697e-02
-5.343347460524938697e-02
-4.579306189415532913e-02
-4.833986613118668174e-02
-5.088667036821803435e-02
-5.343347460524938697e-02
-5.598027884228073958e-02
-5.088667036821803435e-02
-5.343347460524938697e-02
-5.598027884228073958e-02
-4.833986613118668174e-02
-4.833986613118668174e-02
-5.343347460524938697e-02
-5.852708307931209220e-02
-6.107388731634344481e-02
-5.088667036821803435e-02
-5.343347460524938697e-02
-5.343347460524938697e-02
-4.833986613118668174e-02
-4.833986613118668174e-02
-5.598027884228073958e-02
-5.343347460524938697e-02
-6.107388731634344481e-02
-5.343347460524938697e-02
-5.088667036821803435e-02
-4.579306189415532913e-02
-4.579306189415532913e-02
-5.343347460524938697e-02
-5.343347460524938697e-02
-5.852708307931209220e-02
-5.852708307931209220e-02
-5.598027884228073958e-02
-4.833986613118668174e-02
-5.088667036821803435e-02
-5.343347460524938697e-02
-6.107388731634344481e-02
-6.107388731634344481e-02
-6.107388731634344481e-02
-5.088667036821803435e-02
-5.343347460524938697e-02
-4.833986613118668174e-02
-4.833986613118668174e-02
-5.343347460524938697e-02
-5.343347460524938697e-02
-5.852708307931209220e-02
-5.598027884228073958e-02
-4.579306189415532913e-02
-5.088667036821803435e-02
-5.088667036821803435e-02
-5.343347460524938697e-02
-6.107388731634344481e-02
-6.107388731634344481e-02
-5.088667036821803435e-02
-5.343347460524938697e-02
-5.088667036821803435e-02
-4.833986613118668174e-02
-5.088667036821803435e-02
-5.852708307931209220e-02
-5.852708307931209220e-02
-5.343347460524938697e-02
-5.343347460524938697e-02
-4.579306189415532913e-02
-4.833986613118668174e-02
-4.833986613118668174e-02
-5.343347460524938697e-02
-5.088667036821803435e-02
-5.598027884228073958e-02
-5.343347460524938697e-02
-5.343347460524938697e-02
-5.088667036821803435e-02
-4.833986613118668174e-02
-5.088667036821803435e-02
-6.107388731634344481e-02
-6.107388731634344481e-02
-5.088667036821803435e-02
-5.343347460524938697e-02
-4.833986613118668174e-02
-4.579306189415532913e-02
-5.343347460524938697e-02
-5.343347460524938697e-02
-5.852708307931209220e-02
-5.852708307931209220e-02
-5.343347460524938697e-02
-5.343347460524938697e-02
-4.833986613118668174e-02
-5.088667036821803435e-02
-5.343347460524938697e-02
-5.343347460524938697e-02
-5.852708307931209220e-02
-5.343347460524938697e-02
-5.343347460524938697e-02
-4.579306189415532913e-02
-4.579306189415532913e-02
-5.088667036821803435e-02
-5.598027884228073958e-02
-5.343347460524938697e-02
-6.107388731634344481e-02
-5.343347460524938697e-02
-5.343347460524938697e-02
-4.833986613118668174e-02
-5.088667036821803435e-02
-5.088667036821803435e-02
-5.343347460524938697e-02
-6.107388731634344481e-02
-5.088667036821803435e-02
-5.088667036821803435e-02
-5.343347460524938697e-02
-4.833986613118668174e-02
-4.833986613118668174e-02
-5.343347460524938697e-02
-5.343347460524938697e-02
-6.107388731634344481e-02
-5.343347460524938697e-02
-5.598027884228073958e-02
-4.579306189415532913e-02
-4.579306189415532913e-02
-5.343347460524938697e-02
-5.343347460524938697e-02
-5.852708307931209220e-02
-6.107388731634344481e-02
-5.343347460524938697e-02
-4.833986613118668174e-02
-4.833986613118668174e-02
-5.343347460524938697e-02
-6.107388731634344481e-02
-6.107388731634344481e-02
-6.107388731634344481e-02
-5.088667036821803435e-02
-4.833986613118668174e-02
-4.833986613118668174e-02
-5.088667036821803435e-02
-5.088667036821803435e-02
-5.852708307931209220e-02
-6.107388731634344481e-02
-5.343347460524938697e-02
-5.343347460524938697e-02
-4.833986613118668174e-02
-4.833986613118668174e-02
-5.088667036821803435e-02
-5.343347460524938697e-02
-6.107388731634344481e-02
-5.852708307931209220e-02
-5.088667036821803435e-02
-4.579306189415532913e-02
-4.579306189415532913e-02
-5.343347460524938697e-02
-5.343347460524938697e-02
-5.852708307931209220e-02
-5.852708307931209220e-02
-5.343347460524938697e-02
-5.088667036821803435e-02
-4.579306189415532913e-02
-4.833986613118668174e-02
-5.343347460524938697e-02
-5.343347460524938697e-02
-5.852708307931209220e-02
-5.343347460524938697e-02
-5.088667036821803435e-02
-4.579306189415532913e-02
-4.833986613118668174e-02
-5.088667036821803435e-02
-5.088667036821803435e-02
-5.598027884228073958e-02
-6.107388731634344481e-02
-5.088667036821803435e-02
-4.579306189415532913e-02
-4.324625765712397651e-02
-5.343347460524938697e-02
-5.088667036821803435e-02
-5.852708307931209220e-02
-6.107388731634344481e-02
-5.088667036821803435e-02
-5.343347460524938697e-02
-4.833986613118668174e-02
-4.833986613118668174e-02
-5.088667036821803435e-02
-5.343347460524938697e-02
-5.852708307931209220e-02
-5.852708307931209220e-02
-5.343347460524938697e-02
-4.579306189415532913e-02
-5.343347460524938697e-02
-5.343347460524938697e-02
-5.343347460524938697e-02
-6.107388731634344481e-02
-6.107388731634344481e-02
-5.343347460524938697e-02
-4.833986613118668174e-02
-4.833986613118668174e-02
-4.833986613118668174e-02
-5.088667036821803435e-02
-5.088667036821803435e-02
-5.852708307931209220e-02
-5.598027884228073958e-02
-4.579306189415532913e-02
-4.833986613118668174e-02
-5.343347460524938697e-02
-5.088667036821803435e-02
-5.343347460524938697e-02
-5.852708307931209220e-02
-5.852708307931209220e-02
-5.598027884228073958e-02
-4.579306189415532913e-02
-4.833986613118668174e-02
-5.343347460524938697e-02
-5.598027884228073958e-02
-5.852708307931209220e-02
-5.852708307931209220e-02
-5.343347460524938697e-02
-5.343347460524938697e-02
-4.833986613118668174e-02
-4.579306189415532913e-02
-5.343347460524938697e-02
-5.852708307931209220e-02
-5.852708307931209220e-02
-5.343347460524938697e-02
-5.343347460524938697e-02
-4.833986613118668174e-02
-4.833986613118668174e-02
-5.343347460524938697e-02
-5.343347460524938697e-02
-6.107388731634344481e-02
-5.852708307931209220e-02
-5.088667036821803435e-02
-5.343347460524938697e-02
-4.833986613118668174e-02
-4.833986613118668174e-02
-5.343347460524938697e-02
-5.852708307931209220e-02
-5.343347460524938697e-02
-5.343347460524938697e-02
-4.579306189415532913e-02
-4.579306189415532913e-02
-4.833986613118668174e-02
-5.088667036821803435e-02
-5.343347460524938697e-02
-6.107388731634344481e-02
-6.107388731634344481e-02
-5.343347460524938697e-02
-5.088667036821803435e-02
-4.833986613118668174e-02
-4.833986613118668174e-02
-5.343347460524938697e-02
-5.343347460524938697e-02
-6.107388731634344481e-02
-5.088667036821803435e-02
-5.598027884228073958e-02
-4.579306189415532913e-02
-4.579306189415532913e-02
-5.343347460524938697e-02
-5.343347460524938697e-02
-5.852708307931209220e-02
-5.343347460524938697e-02
-5.343347460524938697e-02
-5.088667036821803435e-02
-4.579306189415532913e-02
-5.088667036821803435e-02
-5.598027884228073958e-02
-5.343347460524938697e-02
-5.852708307931209220e-02
-5.343347460524938697e-02
-4.833986613118668174e-02
-4.833986613118668174e-02
-4.579306189415532913e-02
-5.343347460524938697e-02
-6.107388731634344481e-02
-6.107388731634344481e-02
-5.343347460524938697e-02
-5.088667036821803435e-02
-4.579306189415532913e-02
-4.579306189415532913e-02
-5.343347460524938697e-02
-5.343347460524938697e-02
-6.107388731634344481e-02
-5.088667036821803435e-02
-5.343347460524938697e-02
-5.343347460524938697e-02
-5.088667036821803435e-02
-4.833986613118668174e-02
-5.343347460524938697e-02
-5.088667036821803435e-02
-5.598027884228073958e-02
-6.107388731634344481e-02
-5.088667036821803435e-02
-5.088667036821803435e-02
-4.579306189415532913e-02
-5.343347460524938697e-02
-5.343347460524938697e-02
-5.852708307931209220e-02
-6.107388731634344481e-02
-5.343347460524938697e-02
-5.343347460524938697e-02
-4.833986613118668174e-02
-4.579306189415532913e-02
-5.088667036821803435e-02
-5.852708307931209220e-02
-5.852708307931209220e-02
-5.343347460524938697e-02
-5.088667036821803435e-02
-5.343347460524938697e-02
-5.343347460524938697e-02
-5.343347460524938697e-02
-5.598027884228073958e-02
-5.852708307931209220e-02
-5.343347460524938697e-02
-4.579306189415532913e-02
-4.579306189415532913e-02
-5.343347460524938697e-02
-5.343347460524938697e-02
-5.852708307931209220e-02
-5.852708307931209220e-02
-5.343347460524938697e-02
-5.088667036821803435e-02
-4.833986613118668174e-02
-4.833986613118668174e-02
-5.343347460524938697e-02
-5.852708307931209220e-02
-5.852708307931209220e-02
-5.088667036821803435e-02
-5.343347460524938697e-02
-4.579306189415532913e-02
-4.579306189415532913e-02
-5.343347460524938697e-02
-5.343347460524938697e-02
-5.343347460524938697e-02
-5.852708307931209220e-02
-6.107388731634344481e-02
-5.343347460524938697e-02
-4.833986613118668174e-02
-4.833986613118668174e-02
-5.088667036821803435e-02
-5.343347460524938697e-02
-5.852708307931209220e-02
-6.107388731634344481e-02
-5.343347460524938697e-02
-4.579306189415532913e-02
-4.833986613118668174e-02
-5.343347460524938697e-02
-5.343347460524938697e-02
-5.852708307931209220e-02
-5.852708307931209220e-02
-5.343347460524938697e-02
-5.343347460524938697e-02
-4.579306189415532913e-02
-4.833986613118668174e-02
-5.343347460524938697e-02
-5.852708307931209220e-02
-5.088667036821803435e-02
-5.088667036821803435e-02
-5.343347460524938697e-02
-4.833986613118668174e-02
-5.088667036821803435e-02
-5.343347460524938697e-02
-5.343347460524938697e-02
-5.852708307931209220e-02
-5.852708307931209220e-02
-5.343347460524938697e-02
-4.579306189415532913e-02
-4.579306189415532913e-02
-5.343347460524938697e-02
-5.088667036821803435e-02
-6.107388731634344481e-02
-5.343347460524938697e-02
-5.343347460524938697e-02
-4.833986613118668174e-02
-4.579306189415532913e-02
-5.343347460524938697e-02
-5.088667036821803435e-02
-6.107388731634344481e-02
-6.107388731634344481e-02
-5.088667036821803435e-02
-5.088667036821803435e-02
-4.579306189415532913e-02
-4.579306189415532913e-02
-5.088667036821803435e-02
-5.343347460524938697e-02
-5.852708307931209220e-02
-5.852708307931209220e-02
-5.343347460524938697e-02
-4.579306189415532913e-02
-4.579306189415532913e-02
-5.088667036821803435e-02
-5.343347460524938697e-02
-6.107388731634344481e-02
-5.088667036821803435e-02
-5.343347460524938697e-02
-5.088667036821803435e-02
-4.579306189415532913e-02
-5.088667036821803435e-02
-5.343347460524938697e-02
-6.107388731634344481e-02
-5.852708307931209220e-02
-5.088667036821803435e-02
-5.088667036821803435e-02
-5.343347460524938697e-02
-4.579306189415532913e-02
-4.833986613118668174e-02
-5.088667036821803435e-02
-5.343347460524938697e-02
-5.852708307931209220e-02
-5.343347460524938697e-02
-5.343347460524938697e-02
-4.579306189415532913e-02
-5.343347460524938697e-02
-5.598027884228073958e-02
-5.852708307931209220e-02
-5.852708307931209220e-02
-5.343347460524938697e-02
-4.579306189415532913e-02
-4.579306189415532913e-02
-4.579306189415532913e-02
-5.343347460524938697e-02
-5.343347460524938697e-02
-6.107388731634344481e-02
-5.598027884228073958e-02
-5.088667036821803435e-02
-5.088667036821803435e-02
-4.579306189415532913e-02
-5.343347460524938697e-02
-5.088667036821803435e-02
-5.852708307931209220e-02
-5.852708307931209220e-02
-5.088667036821803435e-02
-5.343347460524938697e-02
-4.579306189415532913e-02
-4.833986613118668174e-02
-5.343347460524938697e-02
-5.852708307931209220e-02
-6.107388731634344481e-02
-5.343347460524938697e-02
-5.343347460524938697e-02
-4.833986613118668174e-02
-4.833986613118668174e-02
-5.343347460524938697e-02
-5.343347460524938697e-02
-5.852708307931209220e-02
-5.088667036821803435e-02
-5.343347460524938697e-02
-4.833986613118668174e-02
-4.833986613118668174e-02
-5.343347460524938697e-02
-5.343347460524938697e-02
-5.852708307931209220e-02
-6.107388731634344481e-02
-5.343347460524938697e-02
-4.579306189415532913e-02
-4.833986613118668174e-02
-5.088667036821803435e-02
-5.343347460524938697e-02
-6.107388731634344481e-02
-5.088667036821803435e-02
-4.833986613118668174e-02
-4.579306189415532913e-02
-5.343347460524938697e-02
-5.088667036821803435e-02
-6.107388731634344481e-02
-5.852708307931209220e-02
-5.852708307931209220e-02
-5.088667036821803435e-02
-5.343347460524938697e-02
-4.833986613118668174e-02
-5.088667036821803435e-02
-5.088667036821803435e-02
-5.852708307931209220e-02
-5.598027884228073958e-02
-5.343347460524938697e-02
-5.343347460524938697e-02
-4.579306189415532913e-02
-4.833986613118668174e-02
-5.088667036821803435e-02
-5.343347460524938697e-02
-5.852708307931209220e-02
-5.088667036821803435e-02
-5.343347460524938697e-02
-4.579306189415532913e-02
-4.833986613118668174e-02
-5.088667036821803435e-02
-5.343347460524938697e-02
-6.107388731634344481e-02
-5.852708307931209220e-02
-5.343347460524938697e-02
-4.833986613118668174e-02
-5.343347460524938697e-02
-5.088667036821803435e-02
-6.107388731634344481e-02
-6.107388731634344481e-02
-5.852708307931209220e-02
-5.088667036821803435e-02
-5.343347460524938697e-02
-4.833986613118668174e-02
-5.343347460524938697e-02
-6.107388731634344481e-02
-5.852708307931209220e-02
-6.107388731634344481e-02
-5.343347460524938697e-02
-5.343347460524938697e-02
-4.833986613118668174e-02
-5.343347460524938697e-02
-5.088667036821803435e-02
-5.598027884228073958e-02
-5.852708307931209220e-02
-5.088667036821803435e-02
-4.833986613118668174e-02
-5.088667036821803435e-02
-5.343347460524938697e-02
-5.343347460524938697e-02
-5.852708307931209220e-02
-5.852708307931209220e-02
-5.343347460524938697e-02
-5.088667036821803435e-02
-4.579306189415532913e-02
-5.343347460524938697e-02
-5.343347460524938697e-02
-5.852708307931209220e-02
-5.852708307931209220e-02
-5.088667036821803435e-02
-5.088667036821803435e-02
-4.833986613118668174e-02
-5.343347460524938697e-02
-5.343347460524938697e-02
-5.852708307931209220e-02
-5.852708307931209220e-02
-5.343347460524938697e-02
-5.343347460524938697e-02
-4.579306189415532913e-02
-4.579306189415532913e-02
-5.343347460524938697e-02
-5.343347460524938697e-02
-5.852708307931209220e-02
-5.852708307931209220e-02
-5.343347460524938697e-02
-4.833986613118668174e-02
-4.579306189415532913e-02
-5.088667036821803435e-02
-5.343347460524938697e-02
-6.107388731634344481e-02
-5.852708307931209220e-02
-5.343347460524938697e-02
-5.598027884228073958e-02
-4.579306189415532913e-02
-4.833986613118668174e-02
-5.343347460524938697e-02
-5.088667036821803435e-02
-6.107388731634344481e-02
-5.852708307931209220e-02
-5.088667036821803435e-02
-4.833986613118668174e-02
-4.579306189415532913e-02
-5.343347460524938697e-02
-5.343347460524938697e-02
-5.852708307931209220e-02
-5.852708307931209220e-02
-5.343347460524938697e-02
-5.343347460524938697e-02
-4.833986613118668174e-02
-4.833986613118668174e-02
-5.343347460524938697e-02
-5.852708307931209220e-02
-5.852708307931209220e-02
-5.343347460524938697e-02
-5.343347460524938697e-02
-4.579306189415532913e-02
-4.833986613118668174e-02
-5.343347460524938697e-02
-5.598027884228073958e-02
-5.852708307931209220e-02
-5.598027884228073958e-02
-5.343347460524938697e-02
-4.579306189415532913e-02
-4.579306189415532913e-02
-5.088667036821803435e-02
-5.343347460524938697e-02
-6.107388731634344481e-02
-5.852708307931209220e-02
-5.343347460524938697e-02
-4.579306189415532913e-02
-4.833986613118668174e-02
-5.343347460524938697e-02
-6.107388731634344481e-02
-5.852708307931209220e-02
-5.852708307931209220e-02
-5.343347460524938697e-02
-5.343347460524938697e-02
-4.579306189415532913e-02
-5.343347460524938697e-02
-5.343347460524938697e-02
-5.852708307931209220e-02
-5.852708307931209220e-02
-5.088667036821803435e-02
-5.343347460524938697e-02
-4.579306189415532913e-02
-4.833986613118668174e-02
-5.088667036821803435e-02
-6.107388731634344481e-02
-5.852708307931209220e-02
-5.343347460524938697e-02
-5.088667036821803435e-02
-4.579306189415532913e-02
-4.833986613118668174e-02
-5.343347460524938697e-02
-5.852708307931209220e-02
-5.343347460524938697e-02
-5.088667036821803435e-02
-4.833986613118668174e-02
-5.088667036821803435e-02
-5.343347460524938697e-02
-5.343347460524938697e-02
-6.107388731634344481e-02
-6.107388731634344481e-02
-5.343347460524938697e-02
-5.088667036821803435e-02
-4.833986613118668174e-02
-5.088667036821803435e-02
-5.088667036821803435e-02
-5.343347460524938697e-02
-5.852708307931209220e-02
-5.852708307931209220e-02
-5.343347460524938697e-02
-5.343347460524938697e-02
-4.579306189415532913e-02
-4.324625765712397651e-02
-5.088667036821803435e-02
-5.852708307931209220e-02
-5.598027884228073958e-02
-5.088667036821803435e-02
-5.343347460524938697e-02
-4.579306189415532913e-02
-4.579306189415532913e-02
-5.343347460524938697e-02
-5.343347460524938697e-02
-5.852708307931209220e-02
-5.852708307931209220e-02
-5.343347460524938697e-02
-4.833986613118668174e-02
-4.324625765712397651e-02
-5.088667036821803435e-02
-5.088667036821803435e-02
-5.852708307931209220e-02
-5.852708307931209220e-02
-5.343347460524938697e-02
-5.088667036821803435e-02
-4.833986613118668174e-02
-5.088667036821803435e-02
-5.343347460524938697e-02
-5.852708307931209220e-02
-6.107388731634344481e-02
-5.343347460524938697e-02
-5.598027884228073958e-02
-4.579306189415532913e-02
-5.088667036821803435e-02
-5.343347460524938697e-02
-5.852708307931209220e-02
-5.088667036821803435e-02
-5.088667036821803435e-02
-5.088667036821803435e-02
-4.833986613118668174e-02
-4.579306189415532913e-02
-5.088667036821803435e-02
-5.852708307931209220e-02
-5.852708307931209220e-02
-5.343347460524938697e-02
-5.343347460524938697e-02
-4.833986613118668174e-02
-4.833986613118668174e-02
-5.088667036821803435e-02
-6.107388731634344481e-02
-5.598027884228073958e-02
-5.343347460524938697e-02
-5.343347460524938697e-02
-4.833986613118668174e-02
-4.579306189415532913e-02
-5.343347460524938697e-02
-5.343347460524938697e-02
-5.852708307931209220e-02
-5.852708307931209220e-02
-5.343347460524938697e-02
-4.833986613118668174e-02
-4.833986613118668174e-02
-5.343347460524938697e-02
-5.088667036821803435e-02
-6.107388731634344481e-02
-5.343347460524938697e-02
-5.343347460524938697e-02
-4.833986613118668174e-02
-4.833986613118668174e-02
-5.088667036821803435e-02
-5.343347460524938697e-02
-5.852708307931209220e-02
-5.852708307931209220e-02
-5.088667036821803435e-02
-4.833986613118668174e-02
-4.579306189415532913e-02
-5.343347460524938697e-02
-5.088667036821803435e-02
-5.852708307931209220e-02
-5.598027884228073958e-02
-5.343347460524938697e-02
-4.833986613118668174e-02
-4.579306189415532913e-02
-5.343347460524938697e-02
-5.343347460524938697e-02
-6.107388731634344481e-02
-5.088667036821803435e-02
-5.088667036821803435e-02
-4.833986613118668174e-02
-4.579306189415532913e-02
-5.343347460524938697e-02
-5.343347460524938697e-02
-5.852708307931209220e-02
-5.343347460524938697e-02
-5.088667036821803435e-02
-4.833986613118668174e-02
-4.833986613118668174e-02
-4.579306189415532913e-02
-5.088667036821803435e-02
-5.343347460524938697e-02
-6.107388731634344481e-02
-6.107388731634344481e-02
-5.343347460524938697e-02
-4.579306189415532913e-02
-4.579306189415532913e-02
-5.343347460524938697e-02
-5.343347460524938697e-02
-5.852708307931209220e-02
-5.852708307931209220e-02
-4.833986613118668174e-02
-5.088667036821803435e-02
-5.343347460524938697e-02
-5.852708307931209220e-02
-6.107388731634344481e-02
-6.107388731634344481e-02
-5.343347460524938697e-02
-5.088667036821803435e-02
-4.833986613118668174e-02
-4.579306189415532913e-02
-5.343347460524938697e-02
-5.343347460524938697e-02
-5.852708307931209220e-02
-5.852708307931209220e-02
-5.088667036821803435e-02
-4.833986613118668174e-02
-4.579306189415532913e-02
-5.088667036821803435e-02
-5.852708307931209220e-02
-5.852708307931209220e-02
-5.343347460524938697e-02
-5.088667036821803435e-02
-4.833986613118668174e-02
-5.343347460524938697e-02
-5.343347460524938697e-02
-6.107388731634344481e-02
-5.852708307931209220e-02
-5.343347460524938697e-02
-5.343347460524938697e-02
-4.579306189415532913e-02
-4.579306189415532913e-02
-5.343347460524938697e-02
-6.107388731634344481e-02
-5.852708307931209220e-02
-5.598027884228073958e-02
-5.088667036821803435e-02
-5.088667036821803435e-02
-4.833986613118668174e-02
-5.343347460524938697e-02
-5.088667036821803435e-02
-5.852708307931209220e-02
-6.107388731634344481e-02
-5.343347460524938697e-02
-5.088667036821803435e-02
-4.833986613118668174e-02
-5.088667036821803435e-02
-5.343347460524938697e-02
-5.852708307931209220e-02
-5.088667036821803435e-02
-5.343347460524938697e-02
-5.343347460524938697e-02
-4.833986613118668174e-02
-5.343347460524938697e-02
-5.343347460524938697e-02
-6.107388731634344481e-02
-5.852708307931209220e-02
-5.088667036821803435e-02
-4.579306189415532913e-02
-4.833986613118668174e-02
-5.598027884228073958e-02
-5.343347460524938697e-02
-6.107388731634344481e-02
-5.852708307931209220e-02
-5.343347460524938697e-02
-5.343347460524938697e-02
-4.833986613118668174e-02
-4.833986613118668174e-02
-5.343347460524938697e-02
-5.343347460524938697e-02
-5.852708307931209220e-02
-5.598027884228073958e-02
-5.088667036821803435e-02
-4.579306189415532913e-02
-5.088667036821803435e-02
-5.343347460524938697e-02
-6.107388731634344481e-02
-6.107388731634344481e-02
-5.852708307931209220e-02
-5.088667036821803435e-02
-4.833986613118668174e-02
-4.833986613118668174e-02
-5.343347460524938697e-02
-5.343347460524938697e-02
-5.852708307931209220e-02
-5.852708307931209220e-02
-5.343347460524938697e-02
-5.343347460524938697e-02
-4.833986613118668174e-02
-4.579306189415532913e-02
-5.343347460524938697e-02
-5.343347460524938697e-02
-5.852708307931209220e-02
-5.343347460524938697e-02
-5.088667036821803435e-02
-4.833986613118668174e-02
-4.833986613118668174e-02
-5.343347460524938697e-02
-5.343347460524938697e-02
-5.852708307931209220e-02
-5.852708307931209220e-02
-5.088667036821803435e-02
-4.579306189415532913e-02
-5.343347460524938697e-02
-5.088667036821803435e-02
-6.107388731634344481e-02
-6.107388731634344481e-02
-5.852708307931209220e-02
-5.343347460524938697e-02
-5.343347460524938697e-02
-4.833986613118668174e-02
-4.833986613118668174e-02
-5.088667036821803435e-02
-6.107388731634344481e-02
-5.852708307931209220e-02
-5.088667036821803435e-02
-5.088667036821803435e-02
-4.579306189415532913e-02
-4.579306189415532913e-02
-5.088667036821803435e-02
-5.088667036821803435e-02
-6.107388731634344481e-02
-5.598027884228073958e-02
-5.088667036821803435e-02
-4.833986613118668174e-02
-4.579306189415532913e-02
-5.088667036821803435e-02
-5.852708307931209220e-02
-5.852708307931209220e-02
-5.343347460524938697e-02
-5.088667036821803435e-02
-4.833986613118668174e-02
-5.343347460524938697e-02
-5.088667036821803435e-02
-6.107388731634344481e-02
-5.598027884228073958e-02
-5.343347460524938697e-02
-5.343347460524938697e-02
-4.833986613118668174e-02
-4.833986613118668174e-02
-5.088667036821803435e-02
-5.088667036821803435e-02
-6.107388731634344481e-02
-5.852708307931209220e-02
-5.088667036821803435e-02
-4.579306189415532913e-02
-4.579306189415532913e-02
-5.088667036821803435e-02
-5.343347460524938697e-02
-5.852708307931209220e-02
-5.852708307931209220e-02
-5.088667036821803435e-02
-5.343347460524938697e-02
-4.579306189415532913e-02
-4.833986613118668174e-02
-5.343347460524938697e-02
-5.852708307931209220e-02
-5.598027884228073958e-02
-5.343347460524938697e-02
-5.343347460524938697e-02
-4.833986613118668174e-02
-4.833986613118668174e-02
-5.088667036821803435e-02
-5.088667036821803435e-02
-5.852708307931209220e-02
-5.852708307931209220e-02
-5.343347460524938697e-02
-5.343347460524938697e-02
-4.579306189415532913e-02
-4.579306189415532913e-02
-5.088667036821803435e-02
-6.362069155337479742e-02
-5.852708307931209220e-02
-5.343347460524938697e-02
-5.343347460524938697e-02
-4.579306189415532913e-02
-4.579306189415532913e-02
-5.343347460524938697e-02
-5.343347460524938697e-02
-5.852708307931209220e-02
-5.343347460524938697e-02
-4.833986613118668174e-02
-4.833986613118668174e-02
-5.343347460524938697e-02
-5.088667036821803435e-02
-6.107388731634344481e-02
-5.598027884228073958e-02
-5.343347460524938697e-02
-5.088667036821803435e-02
-4.833986613118668174e-02
-4.833986613118668174e-02
-5.343347460524938697e-02
-5.343347460524938697e-02
-5.852708307931209220e-02
-5.852708307931209220e-02
-5.852708307931209220e-02
-5.343347460524938697e-02
-4.833986613118668174e-02
-4.833986613118668174e-02
-5.343347460524938697e-02
-5.088667036821803435e-02
-6.107388731634344481e-02
-5.852708307931209220e-02
-5.343347460524938697e-02
-5.088667036821803435e-02
-4.833986613118668174e-02
-5.343347460524938697e-02
-6.107388731634344481e-02
-5.852708307931209220e-02
-5.343347460524938697e-02
-5.343347460524938697e-02
-4.833986613118668174e-02
-4.579306189415532913e-02
-5.343347460524938697e-02
-5.088667036821803435e-02
-6.107388731634344481e-02
-5.343347460524938697e-02
-5.343347460524938697e-02
-4.833986613118668174e-02
-4.833986613118668174e-02
-5.343347460524938697e-02
-5.343347460524938697e-02
-6.107388731634344481e-02
-5.852708307931209220e-02
-5.343347460524938697e-02
-5.343347460524938697e-02
-5.343347460524938697e-02
-4.833986613118668174e-02
-4.833986613118668174e-02
-5.343347460524938697e-02
-6.107388731634344481e-02
-5.852708307931209220e-02
-5.343347460524938697e-02
-5.343347460524938697e-02
-4.833986613118668174e-02
-4.579306189415532913e-02
-5.343347460524938697e-02
-5.088667036821803435e-02
-5.852708307931209220e-02
-5.852708307931209220e-02
-5.343347460524938697e-02
-5.088667036821803435e-02
-4.579306189415532913e-02
-4.833986613118668174e-02
-5.088667036821803435e-02
-5.852708307931209220e-02
-6.107388731634344481e-02
-5.343347460524938697e-02
-5.343347460524938697e-02
-4.579306189415532913e-02
-4.579306189415532913e-02
-5.343347460524938697e-02
-5.088667036821803435e-02
-5.852708307931209220e-02
-6.107388731634344481e-02
-5.343347460524938697e-02
-5.088667036821803435e-02
-4.833986613118668174e-02
-5.343347460524938697e-02
-5.088667036821803435e-02
-5.852708307931209220e-02
-5.852708307931209220e-02
-5.088667036821803435e-02
-5.343347460524938697e-02
-4.579306189415532913e-02
-5.343347460524938697e-02
-5.343347460524938697e-02
-5.852708307931209220e-02
-5.852708307931209220e-02
-5.088667036821803435e-02
-5.343347460524938697e-02
-4.833986613118668174e-02
-4.833986613118668174e-02
-5.343347460524938697e-02
-5.852708307931209220e-02
-5.598027884228073958e-02
-5.343347460524938697e-02
-5.088667036821803435e-02
-4.579306189415532913e-02
-4.833986613118668174e-02
-5.088667036821803435e-02
-5.343347460524938697e-02
-5.852708307931209220e-02
-5.852708307931209220e-02
-5.343347460524938697e-02
-4.833986613118668174e-02
-4.579306189415532913e-02
-5.343347460524938697e-02
-6.362069155337479742e-02
-6.107388731634344481e-02
-6.107388731634344481e-02
-5.343347460524938697e-02
-5.088667036821803435e-02
-4.579306189415532913e-02
-4.579306189415532913e-02
-5.088667036821803435e-02
-6.107388731634344481e-02
-5.852708307931209220e-02
-5.343347460524938697e-02
-5.088667036821803435e-02
-4.579306189415532913e-02
-4.833986613118668174e-02
-5.088667036821803435e-02
-5.088667036821803435e-02
-5.852708307931209220e-02
-5.852708307931209220e-02
-5.343347460524938697e-02
-4.833986613118668174e-02
-5.343347460524938697e-02
-5.343347460524938697e-02
-5.088667036821803435e-02
-5.852708307931209220e-02
-5.852708307931209220e-02
-5.598027884228073958e-02
-5.343347460524938697e-02
-4.579306189415532913e-02
-4.833986613118668174e-02
-5.343347460524938697e-02
-5.343347460524938697e-02
-5.852708307931209220e-02
-5.343347460524938697e-02
-5.088667036821803435e-02
-4.833986613118668174e-02
-4.579306189415532913e-02
-5.088667036821803435e-02
-5.343347460524938697e-02
-5.852708307931209220e-02
-5.852708307931209220e-02
-5.343347460524938697e-02
-5.343347460524938697e-02
-4.833986613118668174e-02
-5.343347460524938697e-02
-5.852708307931209220e-02
-5.852708307931209220e-02
-5.852708307931209220e-02
-5.343347460524938697e-02
-5.343347460524938697e-02
-4.579306189415532913e-02
-4.833986613118668174e-02
-5.343347460524938697e-02
-5.088667036821803435e-02
-5.852708307931209220e-02
-5.343347460524938697e-02
-5.343347460524938697e-02
-4.579306189415532913e-02
-4.833986613118668174e-02
-5.343347460524938697e-02
-5.343347460524938697e-02
-5.852708307931209220e-02
-5.852708307931209220e-02
-5.598027884228073958e-02
-4.833986613118668174e-02
-5.343347460524938697e-02
-5.343347460524938697e-02
-6.107388731634344481e-02
-5.852708307931209220e-02
-5.343347460524938697e-02
-5.343347460524938697e-02
-4.833986613118668174e-02
-4.833986613118668174e-02
-5.343347460524938697e-02
-5.852708307931209220e-02
-5.598027884228073958e-02
-5.343347460524938697e-02
-5.088667036821803435e-02
-4.579306189415532913e-02
-4.833986613118668174e-02
-5.088667036821803435e-02
-5.088667036821803435e-02
-5.343347460524938697e-02
-5.852708307931209220e-02
-5.343347460524938697e-02
-5.343347460524938697e-02
-4.833986613118668174e-02
-4.833986613118668174e-02
-5.343347460524938697e-02
-5.088667036821803435e-02
-6.107388731634344481e-02
-6.107388731634344481e-02
-5.343347460524938697e-02
-4.833986613118668174e-02
-4.833986613118668174e-02
-5.343347460524938697e-02
-6.107388731634344481e-02
-5.852708307931209220e-02
-5.343347460524938697e-02
-4.579306189415532913e-02
-4.833986613118668174e-02
-4.833986613118668174e-02
-5.343347460524938697e-02
-5.852708307931209220e-02
-6.107388731634344481e-02
-5.852708307931209220e-02
-5.343347460524938697e-02
-5.088667036821803435e-02
-4.833986613118668174e-02
-5.343347460524938697e-02
-5.343347460524938697e-02
-5.852708307931209220e-02
-5.852708307931209220e-02
-5.343347460524938697e-02
-5.343347460524938697e-02
-4.579306189415532913e-02
-4.833986613118668174e-02
-5.088667036821803435e-02
-6.107388731634344481e-02
-5.598027884228073958e-02
-5.598027884228073958e-02
-4.833986613118668174e-02
-4.833986613118668174e-02
-4.579306189415532913e-02
-5.343347460524938697e-02
-5.343347460524938697e-02
-6.107388731634344481e-02
-5.852708307931209220e-02
-5.088667036821803435e-02
-5.088667036821803435e-02
-4.579306189415532913e-02
-4.579306189415532913e-02
-5.343347460524938697e-02
-5.343347460524938697e-02
-5.852708307931209220e-02
-5.343347460524938697e-02
-5.088667036821803435e-02
-5.088667036821803435e-02
-5.343347460524938697e-02
-5.088667036821803435e-02
-5.852708307931209220e-02
-5.852708307931209220e-02
-5.852708307931209220e-02
-5.088667036821803435e-02
-4.833986613118668174e-02
-4.833986613118668174e-02
-5.343347460524938697e-02
-5.343347460524938697e-02
-6.107388731634344481e-02
-5.852708307931209220e-02
-5.343347460524938697e-02
-5.343347460524938697e-02
-5.088667036821803435e-02
-4.833986613118668174e-02
-5.598027884228073958e-02
-6.107388731634344481e-02
-6.107388731634344481e-02
-5.343347460524938697e-02
-5.343347460524938697e-02
-4.833986613118668174e-02
-5.088667036821803435e-02
-5.343347460524938697e-02
-6.107388731634344481e-02
-6.107388731634344481e-02
-5.343347460524938697e-02
-5.088667036821803435e-02
-5.088667036821803435e-02
-4.579306189415532913e-02
-5.343347460524938697e-02
-5.343347460524938697e-02
-6.107388731634344481e-02
-5.852708307931209220e-02
-5.343347460524938697e-02
-5.343347460524938697e-02
-4.833986613118668174e-02
-5.343347460524938697e-02
-5.598027884228073958e-02
-5.088667036821803435e-02
-5.852708307931209220e-02
-5.852708307931209220e-02
-5.343347460524938697e-02
-5.343347460524938697e-02
-4.579306189415532913e-02
-5.343347460524938697e-02
-5.343347460524938697e-02
-5.852708307931209220e-02
-5.343347460524938697e-02
-5.343347460524938697e-02
-4.833986613118668174e-02
-4.833986613118668174e-02
-5.088667036821803435e-02
-5.343347460524938697e-02
-5.343347460524938697e-02
-5.852708307931209220e-02
-5.852708307931209220e-02
-5.343347460524938697e-02
-4.833986613118668174e-02
-4.833986613118668174e-02
-5.343347460524938697e-02
-5.343347460524938697e-02
-6.107388731634344481e-02
-5.852708307931209220e-02
-5.343347460524938697e-02
-5.088667036821803435e-02
-4.833986613118668174e-02
-4.324625765712397651e-02
-5.088667036821803435e-02
-6.107388731634344481e-02
-5.852708307931209220e-02
-5.343347460524938697e-02
-5.343347460524938697e-02
-4.833986613118668174e-02
-4.579306189415532913e-02
-5.343347460524938697e-02
-5.343347460524938697e-02
-5.598027884228073958e-02
-5.343347460524938697e-02
-5.343347460524938697e-02
-4.579306189415532913e-02
-4.579306189415532913e-02
-5.088667036821803435e-02
-5.088667036821803435e-02
-5.852708307931209220e-02
-5.852708307931209220e-02
-5.343347460524938697e-02
-5.343347460524938697e-02
-4.833986613118668174e-02
-4.833986613118668174e-02
-5.343347460524938697e-02
-5.343347460524938697e-02
-5.852708307931209220e-02
-5.852708307931209220e-02
-5.343347460524938697e-02
-4.833986613118668174e-02
-4.833986613118668174e-02
-5.343347460524938697e-02
-5.088667036821803435e-02
-5.852708307931209220e-02
-5.088667036821803435e-02
-5.343347460524938697e-02
-5.088667036821803435e-02
-4.833986613118668174e-02
-5.088667036821803435e-02
-5.343347460524938697e-02
-5.852708307931209220e-02
-6.107388731634344481e-02
-5.343347460524938697e-02
-4.833986613118668174e-02
-4.579306189415532913e-02
-5.343347460524938697e-02
-5.343347460524938697e-02
-5.852708307931209220e-02
-5.343347460524938697e-02
-5.343347460524938697e-02
-4.833986613118668174e-02
-4.579306189415532913e-02
-4.833986613118668174e-02
-5.343347460524938697e-02
-5.852708307931209220e-02
-6.107388731634344481e-02
-5.088667036821803435e-02
-5.088667036821803435e-02
-4.833986613118668174e-02
-4.579306189415532913e-02
-5.343347460524938697e-02
-5.343347460524938697e-02
-6.107388731634344481e-02
-6.107388731634344481e-02
-5.598027884228073958e-02
-4.833986613118668174e-02
-4.833986613118668174e-02
-5.343347460524938697e-02
-5.343347460524938697e-02
-5.598027884228073958e-02
-5.598027884228073958e-02
-5.343347460524938697e-02
-4.833986613118668174e-02
-4.833986613118668174e-02
-5.088667036821803435e-02
-5.343347460524938697e-02
-6.107388731634344481e-02
-5.852708307931209220e-02
-5.343347460524938697e-02
-5.088667036821803435e-02
-4.579306189415532913e-02
-4.579306189415532913e-02
-5.088667036821803435e-02
-5.343347460524938697e-02
-5.852708307931209220e-02
-5.343347460524938697e-02
-5.598027884228073958e-02
-4.579306189415532913e-02
-5.088667036821803435e-02
-5.088667036821803435e-02
-5.852708307931209220e-02
-6.107388731634344481e-02
-5.343347460524938697e-02
-4.579306189415532913e-02
-4.833986613118668174e-02
-5.343347460524938697e-02
-5.343347460524938697e-02
-6.107388731634344481e-02
-5.852708307931209220e-02
-5.088667036821803435e-02
-5.343347460524938697e-02
-5.598027884228073958e-02
-4.579306189415532913e-02
-4.833986613118668174e-02
-5.088667036821803435e-02
-5.343347460524938697e-02
-6.107388731634344481e-02
-6.107388731634344481e-02
-5.088667036821803435e-02
-5.343347460524938697e-02
-4.833986613118668174e-02
-4.579306189415532913e-02
-5.343347460524938697e-02
-5.852708307931209220e-02
-6.107388731634344481e-02
-5.343347460524938697e-02
-5.343347460524938697e-02
-4.833986613118668174e-02
-5.343347460524938697e-02
-5.343347460524938697e-02
-6.107388731634344481e-02
-5.852708307931209220e-02
-5.852708307931209220e-02
-5.343347460524938697e-02
-5.598027884228073958e-02
-4.579306189415532913e-02
-5.088667036821803435e-02
-5.343347460524938697e-02
-5.343347460524938697e-02
-5.852708307931209220e-02
-5.598027884228073958e-02
-5.343347460524938697e-02
-4.833986613118668174e-02
-4.833986613118668174e-02
-5.088667036821803435e-02
-5.343347460524938697e-02
-6.107388731634344481e-02
-5.852708307931209220e-02
-5.088667036821803435e-02
-4.833986613118668174e-02
-5.343347460524938697e-02
-5.088667036821803435e-02
-5.852708307931209220e-02
-5.852708307931209220e-02
-5.343347460524938697e-02
-5.343347460524938697e-02
-4.833986613118668174e-02
-4.833986613118668174e-02
-5.343347460524938697e-02
-5.343347460524938697e-02
-5.852708307931209220e-02
-6.107388731634344481e-02
-5.343347460524938697e-02
-5.343347460524938697e-02
-4.833986613118668174e-02
-5.088667036821803435e-02
-5.343347460524938697e-02
-5.343347460524938697e-02
-5.852708307931209220e-02
-5.343347460524938697e-02
-5.343347460524938697e-02
-4.833986613118668174e-02
-4.833986613118668174e-02
-4.579306189415532913e-02
-5.343347460524938697e-02
-5.343347460524938697e-02
-6.107388731634344481e-02
-6.107388731634344481e-02
-5.343347460524938697e-02
-5.343347460524938697e-02
-4.833986613118668174e-02
-5.343347460524938697e-02
-5.343347460524938697e-02
-5.852708307931209220e-02
-6.107388731634344481e-02
-5.088667036821803435e-02
-5.088667036821803435e-02
-4.833986613118668174e-02
-4.833986613118668174e-02
-5.343347460524938697e-02
-5.343347460524938697e-02
-5.852708307931209220e-02
-5.343347460524938697e-02
-4.579306189415532913e-02
-4.833986613118668174e-02
-4.833986613118668174e-02
-5.343347460524938697e-02
-5.343347460524938697e-02
-6.107388731634344481e-02
-5.598027884228073958e-02
-5.343347460524938697e-02
-5.343347460524938697e-02
-4.833986613118668174e-02
-4.833986613118668174e-02
-5.343347460524938697e-02
-5.852708307931209220e-02
-6.107388731634344481e-02
-5.598027884228073958e-02
-4.833986613118668174e-02
-5.088667036821803435e-02
-4.579306189415532913e-02
-5.088667036821803435e-02
-6.107388731634344481e-02
-6.107388731634344481e-02
-5.088667036821803435e-02
-5.343347460524938697e-02
-4.579306189415532913e-02
-5.088667036821803435e-02
-5.343347460524938697e-02
-5.343347460524938697e-02
-5.852708307931209220e-02
-5.343347460524938697e-02
-5.088667036821803435e-02
-4.833986613118668174e-02
-5.088667036821803435e-02
-5.343347460524938697e-02
-5.088667036821803435e-02
-5.852708307931209220e-02
-5.343347460524938697e-02
-5.088667036821803435e-02
-4.833986613118668174e-02
-4.833986613118668174e-02
-5.343347460524938697e-02
-5.343347460524938697e-02
-5.598027884228073958e-02
-5.852708307931209220e-02
-5.343347460524938697e-02
-5.088667036821803435e-02
-4.579306189415532913e-02
-5.343347460524938697e-02
-5.343347460524938697e-02
-6.107388731634344481e-02
-6.107388731634344481e-02
-5.088667036821803435e-02
-4.833986613118668174e-02
-4.833986613118668174e-02
-5.343347460524938697e-02
-5.343347460524938697e-02
-5.343347460524938697e-02
-5.852708307931209220e-02
-5.088667036821803435e-02
-5.088667036821803435e-02
-4.579306189415532913e-02
-5.088667036821803435e-02
-5.343347460524938697e-02
-5.088667036821803435e-02
-5.852708307931209220e-02
-6.107388731634344481e-02
-5.343347460524938697e-02
-5.088667036821803435e-02
-4.833986613118668174e-02
-4.833986613118668174e-02
-5.343347460524938697e-02
-5.343347460524938697e-02
-5.852708307931209220e-02
-5.598027884228073958e-02
-5.088667036821803435e-02
-4.579306189415532913e-02
-4.833986613118668174e-02
-5.343347460524938697e-02
-5.343347460524938697e-02
-5.852708307931209220e-02
-6.107388731634344481e-02
-5.343347460524938697e-02
-5.598027884228073958e-02
-4.833986613118668174e-02
-5.343347460524938697e-02
-5.343347460524938697e-02
-5.852708307931209220e-02
-6.107388731634344481e-02
-5.343347460524938697e-02
-5.343347460524938697e-02
-4.833986613118668174e-02
-5.088667036821803435e-02
-5.088667036821803435e-02
-6.107388731634344481e-02
-6.107388731634344481e-02
-5.088667036821803435e-02
-5.343347460524938697e-02
-5.088667036821803435e-02
-4.833986613118668174e-02
-5.343347460524938697e-02
-5.852708307931209220e-02
-6.107388731634344481e-02
-6.107388731634344481e-02
-5.088667036821803435e-02
-5.343347460524938697e-02
-4.579306189415532913e-02
-4.833986613118668174e-02
-5.343347460524938697e-02
-5.343347460524938697e-02
-5.852708307931209220e-02
-5.343347460524938697e-02
-5.088667036821803435e-02
-4.833986613118668174e-02
-4.833986613118668174e-02
-5.343347460524938697e-02
-5.343347460524938697e-02
-6.107388731634344481e-02
-5.852708307931209220e-02
-5.343347460524938697e-02
-4.833986613118668174e-02
-4.833986613118668174e-02
-5.343347460524938697e-02
-5.343347460524938697e-02
-5.852708307931209220e-02
-5.852708307931209220e-02
-5.343347460524938697e-02
-4.833986613118668174e-02
-5.088667036821803435e-02
-5.343347460524938697e-02
-5.852708307931209220e-02
-6.107388731634344481e-02
-5.598027884228073958e-02
-5.343347460524938697e-02
-4.579306189415532913e-02
-5.343347460524938697e-02
-5.343347460524938697e-02
-5.343347460524938697e-02
-5.852708307931209220e-02
-5.088667036821803435e-02
-5.343347460524938697e-02
-4.833986613118668174e-02
-4.833986613118668174e-02
-4.579306189415532913e-02
-5.343347460524938697e-02
-5.852708307931209220e-02
-5.598027884228073958e-02
-5.343347460524938697e-02
-5.343347460524938697e-02
-4.833986613118668174e-02
-5.088667036821803435e-02
-5.343347460524938697e-02
-5.852708307931209220e-02
-5.598027884228073958e-02
-5.343347460524938697e-02
-5.343347460524938697e-02
-4.579306189415532913e-02
-4.579306189415532913e-02
-5.088667036821803435e-02
-5.343347460524938697e-02
-6.107388731634344481e-02
-5.088667036821803435e-02
-5.088667036821803435e-02
-4.579306189415532913e-02
-4.833986613118668174e-02
-5.343347460524938697e-02
-5.343347460524938697e-02
-5.852708307931209220e-02
-5.852708307931209220e-02
-5.343347460524938697e-02
-5.343347460524938697e-02
-5.088667036821803435e-02
-5.343347460524938697e-02
-5.343347460524938697e-02
-5.852708307931209220e-02
-5.852708307931209220e-02
-5.343347460524938697e-02
-5.343347460524938697e-02
-4.833986613118668174e-02
-4.833986613118668174e-02
-5.343347460524938697e-02
-5.343347460524938697e-02
-6.107388731634344481e-02
-5.852708307931209220e-02
-5.343347460524938697e-02
-5.343347460524938697e-02
-4.579306189415532913e-02
-4.833986613118668174e-02
-5.343347460524938697e-02
-6.107388731634344481e-02
-5.852708307931209220e-02
-5.343347460524938697e-02
-5.343347460524938697e-02
-4.833986613118668174e-02
-4.579306189415532913e-02
-5.343347460524938697e-02
-5.343347460524938697e-02
-5.852708307931209220e-02
-5.088667036821803435e-02
-5.343347460524938697e-02
-4.833986613118668174e-02
-4.833986613118668174e-02
-5.343347460524938697e-02
-5.343347460524938697e-02
-6.107388731634344481e-02
-5.852708307931209220e-02
-5.343347460524938697e-02
-4.833986613118668174e-02
-4.833986613118668174e-02
-5.343347460524938697e-02
-5.343347460524938697e-02
-5.852708307931209220e-02
-5.852708307931209220e-02
-5.343347460524938697e-02
-5.088667036821803435e-02
-4.833986613118668174e-02
-5.343347460524938697e-02
-5.343347460524938697e-02
-6.107388731634344481e-02
-6.107388731634344481e-02
-5.343347460524938697e-02
-5.598027884228073958e-02
-4.833986613118668174e-02
-4.579306189415532913e-02
-5.343347460524938697e-02
-5.343347460524938697e-02
-5.852708307931209220e-02
-5.343347460524938697e-02
-5.088667036821803435e-02
-5.343347460524938697e-02
-4.833986613118668174e-02
-4.833986613118668174e-02
-5.343347460524938697e-02
-5.343347460524938697e-02
-5.852708307931209220e-02
-5.088667036821803435e-02
-5.343347460524938697e-02
-4.833986613118668174e-02
-4.833986613118668174e-02
-5.343347460524938697e-02
-5.343347460524938697e-02
-5.852708307931209220e-02
-6.107388731634344481e-02
-5.343347460524938697e-02
-5.343347460524938697e-02
-4.833986613118668174e-02
-4.579306189415532913e-02
-5.343347460524938697e-02
-5.343347460524938697e-02
-5.852708307931209220e-02
-5.343347460524938697e-02
-5.343347460524938697e-02
-4.833986613118668174e-02
-4.833986613118668174e-02
-5.343347460524938697e-02
-5.343347460524938697e-02
-5.852708307931209220e-02
-5.852708307931209220e-02
-5.088667036821803435e-02
-5.343347460524938697e-02
-4.579306189415532913e-02
-4.833986613118668174e-02
-5.343347460524938697e-02
-5.343347460524938697e-02
-5.852708307931209220e-02
-5.343347460524938697e-02
-5.343347460524938697e-02
-4.833986613118668174e-02
-4.833986613118668174e-02
-5.343347460524938697e-02
-5.343347460524938697e-02
-5.852708307931209220e-02
-6.107388731634344481e-02
-5.088667036821803435e-02
-5.088667036821803435e-02
-4.833986613118668174e-02
-4.833986613118668174e-02
-5.343347460524938697e-02
-5.343347460524938697e-02
-6.107388731634344481e-02
-6.107388731634344481e-02
-5.343347460524938697e-02
-5.343347460524938697e-02
-4.833986613118668174e-02
-4.833986613118668174e-02
-5.598027884228073958e-02
-6.107388731634344481e-02
-5.852708307931209220e-02
-5.088667036821803435e-02
-5.598027884228073958e-02
-4.579306189415532913e-02
-4.579306189415532913e-02
-5.343347460524938697e-02
-5.343347460524938697e-02
-5.598027884228073958e-02
-5.852708307931209220e-02
-5.343347460524938697e-02
-5.343347460524938697e-02
-4.579306189415532913e-02
-5.343347460524938697e-02
-5.343347460524938697e-02
-5.343347460524938697e-02
-5.852708307931209220e-02
-5.852708307931209220e-02
-5.598027884228073958e-02
-4.579306189415532913e-02
-4.833986613118668174e-02
-5.343347460524938697e-02
-5.343347460524938697e-02
-5.852708307931209220e-02
-6.107388731634344481e-02
-5.343347460524938697e-02
-5.343347460524938697e-02
-4.579306189415532913e-02
-4.833986613118668174e-02
-5.343347460524938697e-02
-5.852708307931209220e-02
-5.088667036821803435e-02
-5.343347460524938697e-02
-5.343347460524938697e-02
-4.579306189415532913e-02
-4.833986613118668174e-02
-5.088667036821803435e-02
-5.343347460524938697e-02
-5.852708307931209220e-02
-5.088667036821803435e-02
-5.343347460524938697e-02
-4.579306189415532913e-02
-5.088667036821803435e-02
-5.343347460524938697e-02
-5.852708307931209220e-02
-6.107388731634344481e-02
-6.107388731634344481e-02
-5.343347460524938697e-02
-4.579306189415532913e-02
-4.833986613118668174e-02
-5.343347460524938697e-02
-5.343347460524938697e-02
-5.852708307931209220e-02
-5.852708307931209220e-02
-5.852708307931209220e-02
-5.598027884228073958e-02
-5.343347460524938697e-02
-4.833986613118668174e-02
-5.343347460524938697e-02
-5.343347460524938697e-02
-5.852708307931209220e-02
-6.107388731634344481e-02
-5.343347460524938697e-02
-5.343347460524938697e-02
-4.833986613118668174e-02
-4.833986613118668174e-02
-5.343347460524938697e-02
-5.343347460524938697e-02
-5.852708307931209220e-02
-5.852708307931209220e-02
-5.088667036821803435e-02
-5.343347460524938697e-02
-4.833986613118668174e-02
-5.088667036821803435e-02
-5.343347460524938697e-02
-5.852708307931209220e-02
-5.852708307931209220e-02
-5.343347460524938697e-02
-5.343347460524938697e-02
-4.833986613118668174e-02
-4.833986613118668174e-02
-5.343347460524938697e-02
-5.343347460524938697e-02
-5.852708307931209220e-02
-5.343347460524938697e-02
-5.343347460524938697e-02
-4.579306189415532913e-02
-5.343347460524938697e-02
-5.088667036821803435e-02
-5.598027884228073958e-02
-6.107388731634344481e-02
-5.343347460524938697e-02
-5.598027884228073958e-02
-4.579306189415532913e-02
-4.833986613118668174e-02
-5.088667036821803435e-02
-5.852708307931209220e-02
-5.852708307931209220e-02
-6.107388731634344481e-02
-5.088667036821803435e-02
-5.343347460524938697e-02
-4.579306189415532913e-02
-5.088667036821803435e-02
-5.343347460524938697e-02
-6.107388731634344481e-02
-6.107388731634344481e-02
-5.088667036821803435e-02
-5.343347460524938697e-02
-4.833986613118668174e-02
-4.833986613118668174e-02
-5.343347460524938697e-02
-5.343347460524938697e-02
-5.852708307931209220e-02
-6.107388731634344481e-02
-5.343347460524938697e-02
-5.343347460524938697e-02
-4.833986613118668174e-02
-4.833986613118668174e-02
-5.343347460524938697e-02
-5.343347460524938697e-02
-5.852708307931209220e-02
-5.088667036821803435e-02
-5.343347460524938697e-02
-4.579306189415532913e-02
-5.088667036821803435e-02
-5.343347460524938697e-02
-5.852708307931209220e-02
-5.343347460524938697e-02
-5.343347460524938697e-02
-5.343347460524938697e-02
-4.579306189415532913e-02
-4.833986613118668174e-02
-5.088667036821803435e-02
-5.343347460524938697e-02
-5.852708307931209220e-02
-6.107388731634344481e-02
-5.343347460524938697e-02
-4.579306189415532913e-02
-4.833986613118668174e-02
-5.343347460524938697e-02
-5.343347460524938697e-02
-5.852708307931209220e-02
-6.107388731634344481e-02
-5.343347460524938697e-02
-5.343347460524938697e-02
-4.833986613118668174e-02
-5.343347460524938697e-02
-5.088667036821803435e-02
-5.852708307931209220e-02
-5.852708307931209220e-02
-5.852708307931209220e-02
-5.088667036821803435e-02
-5.343347460524938697e-02
-4.833986613118668174e-02
-4.833986613118668174e-02
-5.343347460524938697e-02
-5.852708307931209220e-02
-5.852708307931209220e-02
-5.343347460524938697e-02
-5.343347460524938697e-02
-4.833986613118668174e-02
-4.579306189415532913e-02
-5.088667036821803435e-02
-5.852708307931209220e-02
-6.107388731634344481e-02
-5.088667036821803435e-02
-5.088667036821803435e-02
-4.579306189415532913e-02
-4.833986613118668174e-02
-5.343347460524938697e-02
-5.598027884228073958e-02
-5.852708307931209220e-02
-6.107388731634344481e-02
-5.343347460524938697e-02
-4.833986613118668174e-02
-4.579306189415532913e-02
-5.088667036821803435e-02
-5.343347460524938697e-02
-5.852708307931209220e-02
-5.088667036821803435e-02
-5.088667036821803435e-02
-4.579306189415532913e-02
-4.833986613118668174e-02
-5.088667036821803435e-02
-5.343347460524938697e-02
-5.343347460524938697e-02
-6.107388731634344481e-02
-6.107388731634344481e-02
-5.343347460524938697e-02
-4.833986613118668174e-02
-5.343347460524938697e-02
-5.088667036821803435e-02
-5.852708307931209220e-02
-5.852708307931209220e-02
-5.343347460524938697e-02
-5.852708307931209220e-02
-4.833986613118668174e-02
-5.343347460524938697e-02
-5.343347460524938697e-02
-5.343347460524938697e-02
-5.852708307931209220e-02
-5.852708307931209220e-02
-5.088667036821803435e-02
-5.598027884228073958e-02
-4.579306189415532913e-02
-5.343347460524938697e-02
-5.343347460524938697e-02
-6.107388731634344481e-02
-6.107388731634344481e-02
-5.088667036821803435e-02
-5.343347460524938697e-02
-4.579306189415532913e-02
-4.579306189415532913e-02
-5.088667036821803435e-02
-5.852708307931209220e-02
-5.598027884228073958e-02
-5.088667036821803435e-02
-5.088667036821803435e-02
-4.833986613118668174e-02
-5.088667036821803435e-02
-5.343347460524938697e-02
-6.107388731634344481e-02
-5.852708307931209220e-02
-5.598027884228073958e-02
-5.343347460524938697e-02
-4.579306189415532913e-02
-4.833986613118668174e-02
-5.343347460524938697e-02
-5.088667036821803435e-02
-5.343347460524938697e-02
-6.107388731634344481e-02
-5.852708307931209220e-02
-5.343347460524938697e-02
-4.833986613118668174e-02
-4.833986613118668174e-02
-5.088667036821803435e-02
-5.343347460524938697e-02
-6.107388731634344481e-02
-5.852708307931209220e-02
-5.343347460524938697e-02
-4.833986613118668174e-02
-4.833986613118668174e-02
-5.343347460524938697e-02
-5.343347460524938697e-02
-6.107388731634344481e-02
-6.107388731634344481e-02
-5.343347460524938697e-02
-4.579306189415532913e-02
-4.579306189415532913e-02
-5.343347460524938697e-02
-5.343347460524938697e-02
-5.343347460524938697e-02
-6.107388731634344481e-02
-6.107388731634344481e-02
-5.598027884228073958e-02
-5.343347460524938697e-02
-4.833986613118668174e-02
-4.833986613118668174e-02
-5.343347460524938697e-02
-5.343347460524938697e-02
-6.107388731634344481e-02
-5.343347460524938697e-02
-5.598027884228073958e-02
-4.579306189415532913e-02
-4.833986613118668174e-02
-5.598027884228073958e-02
-5.343347460524938697e-02
-6.107388731634344481e-02
-6.107388731634344481e-02
-5.343347460524938697e-02
-5.598027884228073958e-02
-4.833986613118668174e-02
-5.343347460524938697e-02
-6.107388731634344481e-02
-5.852708307931209220e-02
-6.107388731634344481e-02
-5.088667036821803435e-02
-5.598027884228073958e-02
-4.833986613118668174e-02
-4.833986613118668174e-02
-5.343347460524938697e-02
-5.343347460524938697e-02
-5.598027884228073958e-02
-5.852708307931209220e-02
-5.088667036821803435e-02
-5.343347460524938697e-02
-4.579306189415532913e-02
-4.833986613118668174e-02
-5.343347460524938697e-02
-5.088667036821803435e-02
-5.852708307931209220e-02
-5.852708307931209220e-02
-5.343347460524938697e-02
-5.343347460524938697e-02
-4.833986613118668174e-02
-4.579306189415532913e-02
-5.343347460524938697e-02
-5.343347460524938697e-02
-6.107388731634344481e-02
-5.343347460524938697e-02
-5.598027884228073958e-02
-4.833986613118668174e-02
-4.833986613118668174e-02
-5.343347460524938697e-02
-5.343347460524938697e-02
-5.852708307931209220e-02
-6.107388731634344481e-02
-5.343347460524938697e-02
-5.343347460524938697e-02
-4.833986613118668174e-02
-4.579306189415532913e-02
-5.343347460524938697e-02
-5.343347460524938697e-02
-5.852708307931209220e-02
-6.107388731634344481e-02
-5.343347460524938697e-02
-5.343347460524938697e-02
-5.343347460524938697e-02
-5.343347460524938697e-02
-5.343347460524938697e-02
-5.852708307931209220e-02
-6.107388731634344481e-02
-5.343347460524938697e-02
-5.343347460524938697e-02
-4.833986613118668174e-02
-5.088667036821803435e-02
-5.343347460524938697e-02
-5.852708307931209220e-02
-6.107388731634344481e-02
-5.343347460524938697e-02
-5.343347460524938697e-02
-4.579306189415532913e-02
-4.833986613118668174e-02
-5.088667036821803435e-02
-5.343347460524938697e-02
-5.852708307931209220e-02
-5.852708307931209220e-02
-5.088667036821803435e-02
-4.579306189415532913e-02
-4.579306189415532913e-02
-5.343347460524938697e-02
-5.343347460524938697e-02
-5.343347460524938697e-02
-6.107388731634344481e-02
-6.107388731634344481e-02
-5.088667036821803435e-02
-5.343347460524938697e-02
-5.088667036821803435e-02
-5.088667036821803435e-02
-5.852708307931209220e-02
-6.107388731634344481e-02
-5.343347460524938697e-02
-5.343347460524938697e-02
-4.579306189415532913e-02
-4.833986613118668174e-02
-5.343347460524938697e-02
-6.107388731634344481e-02
-6.107388731634344481e-02
-5.343347460524938697e-02
-5.088667036821803435e-02
-5.343347460524938697e-02
-4.833986613118668174e-02
-5.343347460524938697e-02
-5.088667036821803435e-02
-5.852708307931209220e-02
-5.852708307931209220e-02
-5.088667036821803435e-02
-5.343347460524938697e-02
-4.833986613118668174e-02
-4.833986613118668174e-02
-5.088667036821803435e-02
-5.343347460524938697e-02
-6.107388731634344481e-02
-6.107388731634344481e-02
-5.088667036821803435e-02
-5.343347460524938697e-02
-4.833986613118668174e-02
-4.833986613118668174e-02
-5.088667036821803435e-02
-6.107388731634344481e-02
-5.852708307931209220e-02
-5.598027884228073958e-02
-5.343347460524938697e-02
-4.833986613118668174e-02
-4.833986613118668174e-02
-4.833986613118668174e-02
-5.343347460524938697e-02
-5.852708307931209220e-02
-5.852708307931209220e-02
-5.088667036821803435e-02
-5.343347460524938697e-02
-4.579306189415532913e-02
-4.833986613118668174e-02
-5.088667036821803435e-02
-5.343347460524938697e-02
-5.852708307931209220e-02
-5.852708307931209220e-02
-5.088667036821803435e-02
-4.579306189415532913e-02
-5.343347460524938697e-02
-5.088667036821803435e-02
-5.852708307931209220e-02
-5.852708307931209220e-02
-5.852708307931209220e-02
-5.343347460524938697e-02
-4.579306189415532913e-02
-4.833986613118668174e-02
-5.343347460524938697e-02
-5.343347460524938697e-02
-5.343347460524938697e-02
-5.852708307931209220e-02
-5.852708307931209220e-02
-5.343347460524938697e-02
-4.833986613118668174e-02
-4.579306189415532913e-02
-5.088667036821803435e-02
-5.343347460524938697e-02
-5.852708307931209220e-02
-6.107388731634344481e-02
-5.343347460524938697e-02
-5.343347460524938697e-02
-4.833986613118668174e-02
-5.343347460524938697e-02
-5.343347460524938697e-02
-5.852708307931209220e-02
-6.107388731634344481e-02
-5.343347460524938697e-02
-4.833986613118668174e-02
-4.579306189415532913e-02
-5.088667036821803435e-02
-5.343347460524938697e-02
-5.343347460524938697e-02
-6.107388731634344481e-02
-5.343347460524938697e-02
-5.343347460524938697e-02
-4.579306189415532913e-02
-4.579306189415532913e-02
-5.088667036821803435e-02
-5.343347460524938697e-02
-6.107388731634344481e-02
-6.107388731634344481e-02
-5.343347460524938697e-02
-4.579306189415532913e-02
-4.833986613118668174e-02
-5.598027884228073958e-02
-5.343347460524938697e-02
-5.852708307931209220e-02
-6.107388731634344481e-02
-5.088667036821803435e-02
-4.833986613118668174e-02
-4.579306189415532913e-02
-5.343347460524938697e-02
-5.088667036821803435e-02
-5.852708307931209220e-02
-5.852708307931209220e-02
-5.343347460524938697e-02
-5.343347460524938697e-02
-4.833986613118668174e-02
-4.833986613118668174e-02
-5.343347460524938697e-02
-5.852708307931209220e-02
-5.088667036821803435e-02
-5.088667036821803435e-02
-5.088667036821803435e-02
-4.833986613118668174e-02
-4.579306189415532913e-02
-5.343347460524938697e-02
-5.852708307931209220e-02
-6.107388731634344481e-02
-5.343347460524938697e-02
-4.579306189415532913e-02
-4.579306189415532913e-02
-5.343347460524938697e-02
-5.598027884228073958e-02
-5.852708307931209220e-02
-5.852708307931209220e-02
-5.343347460524938697e-02
-4.579306189415532913e-02
-4.579306189415532913e-02
-5.343347460524938697e-02
-5.852708307931209220e-02
-6.107388731634344481e-02
-5.852708307931209220e-02
-5.088667036821803435e-02
-4.579306189415532913e-02
-4.579306189415532913e-02
-5.088667036821803435e-02
-5.343347460524938697e-02
-5.852708307931209220e-02
-6.107388731634344481e-02
-5.343347460524938697e-02
-4.833986613118668174e-02
-4.579306189415532913e-02
-5.088667036821803435e-02
-5.088667036821803435e-02
-5.088667036821803435e-02
-5.852708307931209220e-02
-5.852708307931209220e-02
-5.343347460524938697e-02
-4.579306189415532913e-02
-4.833986613118668174e-02
-5.343347460524938697e-02
-5.343347460524938697e-02
-5.852708307931209220e-02
-5.852708307931209220e-02
-5.343347460524938697e-02
-4.833986613118668174e-02
-4.833986613118668174e-02
-5.343347460524938697e-02
-5.343347460524938697e-02
-6.107388731634344481e-02
-6.107388731634344481e-02
-5.343347460524938697e-02
-5.088667036821803435e-02
-5.088667036821803435e-02
-4.579306189415532913e-02
-5.343347460524938697e-02
-5.343347460524938697e-02
-6.107388731634344481e-02
-5.343347460524938697e-02
-5.088667036821803435e-02
-4.579306189415532913e-02
-5.343347460524938697e-02
-5.343347460524938697e-02
-6.107388731634344481e-02
-5.343347460524938697e-02
-5.343347460524938697e-02
-4.579306189415532913e-02
-4.579306189415532913e-02
-4.833986613118668174e-02
-5.343347460524938697e-02
-6.107388731634344481e-02
-5.852708307931209220e-02
-5.343347460524938697e-02
-5.598027884228073958e-02
-4.833986613118668174e-02
-4.833986613118668174e-02
-5.343347460524938697e-02
-5.343347460524938697e-02
-5.852708307931209220e-02
-5.343347460524938697e-02
-5.343347460524938697e-02
-4.579306189415532913e-02
-4.833986613118668174e-02
-5.343347460524938697e-02
-6.107388731634344481e-02
-5.343347460524938697e-02
-5.852708307931209220e-02
-5.343347460524938697e-02
-5.088667036821803435e-02
-5.088667036821803435e-02
-5.088667036821803435e-02
-5.852708307931209220e-02
-5.852708307931209220e-02
-5.088667036821803435e-02
-5.343347460524938697e-02
-5.598027884228073958e-02
-4.833986613118668174e-02
-5.343347460524938697e-02
-5.088667036821803435e-02
-5.598027884228073958e-02
-5.852708307931209220e-02
-5.343347460524938697e-02
-5.343347460524938697e-02
-4.833986613118668174e-02
-4.833986613118668174e-02
-5.343347460524938697e-02
-5.343347460524938697e-02
-5.598027884228073958e-02
-5.088667036821803435e-02
-5.343347460524938697e-02
-4.833986613118668174e-02
-4.833986613118668174e-02
-5.343347460524938697e-02
-5.343347460524938697e-02
-6.107388731634344481e-02
-6.107388731634344481e-02
-5.598027884228073958e-02
-4.833986613118668174e-02
-4.833986613118668174e-02
-5.088667036821803435e-02
-5.088667036821803435e-02
-6.107388731634344481e-02
-5.852708307931209220e-02
-5.343347460524938697e-02
-4.833986613118668174e-02
-4.579306189415532913e-02
-5.343347460524938697e-02
-5.088667036821803435e-02
-6.107388731634344481e-02
-5.852708307931209220e-02
-5.343347460524938697e-02
-4.579306189415532913e-02
-4.833986613118668174e-02
-5.088667036821803435e-02
-5.088667036821803435e-02
-6.107388731634344481e-02
-5.852708307931209220e-02
-5.343347460524938697e-02
-4.833986613118668174e-02
-4.833986613118668174e-02
-5.088667036821803435e-02
-5.343347460524938697e-02
-6.107388731634344481e-02
-5.852708307931209220e-02
-5.088667036821803435e-02
-5.343347460524938697e-02
-4.833986613118668174e-02
-4.579306189415532913e-02
-5.343347460524938697e-02
-5.343347460524938697e-02
-5.852708307931209220e-02
-5.343347460524938697e-02
-5.343347460524938697e-02
-4.833986613118668174e-02
-4.579306189415532913e-02
-5.343347460524938697e-02
-5.852708307931209220e-02
-6.107388731634344481e-02
-5.088667036821803435e-02
-5.343347460524938697e-02
-4.833986613118668174e-02
-5.598027884228073958e-02
-5.343347460524938697e-02
-5.852708307931209220e-02
-5.852708307931209220e-02
-5.088667036821803435e-02
-5.343347460524938697e-02
-4.833986613118668174e-02
-5.343347460524938697e-02
-5.343347460524938697e-02
-5.852708307931209220e-02
-5.852708307931209220e-02
-5.088667036821803435e-02
-5.343347460524938697e-02
-4.833986613118668174e-02
-4.833986613118668174e-02
-5.343347460524938697e-02
-5.852708307931209220e-02
-5.852708307931209220e-02
-5.852708307931209220e-02
-5.343347460524938697e-02
-5.088667036821803435e-02
-4.579306189415532913e-02
-4.833986613118668174e-02
-5.343347460524938697e-02
-5.088667036821803435e-02
-5.852708307931209220e-02
-5.343347460524938697e-02
-5.088667036821803435e-02
-4.833986613118668174e-02
-5.343347460524938697e-02
-5.088667036821803435e-02
-5.852708307931209220e-02
-5.852708307931209220e-02
-5.343347460524938697e-02
-5.343347460524938697e-02
-4.579306189415532913e-02
-4.579306189415532913e-02
-5.343347460524938697e-02
-6.107388731634344481e-02
-5.852708307931209220e-02
-5.343347460524938697e-02
-5.598027884228073958e-02
-4.833986613118668174e-02
-4.833986613118668174e-02
-5.088667036821803435e-02
-5.088667036821803435e-02
-6.107388731634344481e-02
-5.343347460524938697e-02
-5.598027884228073958e-02
-5.343347460524938697e-02
-4.833986613118668174e-02
-4.833986613118668174e-02
-5.343347460524938697e-02
-5.343347460524938697e-02
-5.852708307931209220e-02
-5.343347460524938697e-02
-5.088667036821803435e-02
-4.833986613118668174e-02
-4.579306189415532913e-02
-5.343347460524938697e-02
-5.852708307931209220e-02
-5.852708307931209220e-02
-5.343347460524938697e-02
-5.343347460524938697e-02
-4.579306189415532913e-02
-4.579306189415532913e-02
-5.343347460524938697e-02
-6.107388731634344481e-02
-5.343347460524938697e-02
-5.343347460524938697e-02
-4.579306189415532913e-02
-4.579306189415532913e-02
-5.088667036821803435e-02
-6.107388731634344481e-02
-5.852708307931209220e-02
-5.088667036821803435e-02
-5.343347460524938697e-02
-5.088667036821803435e-02
-4.579306189415532913e-02
-5.343347460524938697e-02
-5.343347460524938697e-02
-6.107388731634344481e-02
-5.343347460524938697e-02
-5.343347460524938697e-02
-4.833986613118668174e-02
-4.579306189415532913e-02
-5.343347460524938697e-02
-5.343347460524938697e-02
-6.107388731634344481e-02
-6.107388731634344481e-02
-5.343347460524938697e-02
-5.088667036821803435e-02
-4.579306189415532913e-02
-4.579306189415532913e-02
-5.343347460524938697e-02
-5.088667036821803435e-02
-5.852708307931209220e-02
-6.107388731634344481e-02
-5.343347460524938697e-02
-5.343347460524938697e-02
-4.579306189415532913e-02
-4.833986613118668174e-02
-5.343347460524938697e-02
-6.107388731634344481e-02
-5.852708307931209220e-02
-5.343347460524938697e-02
-4.833986613118668174e-02
-4.833986613118668174e-02
-5.088667036821803435e-02
-5.343347460524938697e-02
-6.107388731634344481e-02
-5.852708307931209220e-02
-5.088667036821803435e-02
-4.579306189415532913e-02
-4.833986613118668174e-02
-4.579306189415532913e-02
-5.343347460524938697e-02
-5.852708307931209220e-02
-6.107388731634344481e-02
-5.343347460524938697e-02
-5.598027884228073958e-02
-4.579306189415532913e-02
-4.833986613118668174e-02
-5.343347460524938697e-02
-5.343347460524938697e-02
-5.852708307931209220e-02
-5.343347460524938697e-02
-5.343347460524938697e-02
-4.833986613118668174e-02
-4.833986613118668174e-02
-5.343347460524938697e-02
-5.343347460524938697e-02
-6.107388731634344481e-02
-6.107388731634344481e-02
-5.598027884228073958e-02
-4.579306189415532913e-02
-4.579306189415532913e-02
-4.579306189415532913e-02
-5.088667036821803435e-02
-6.107388731634344481e-02
-5.852708307931209220e-02
-5.343347460524938697e-02
-4.579306189415532913e-02
-4.579306189415532913e-02
-4.833986613118668174e-02
-5.088667036821803435e-02
-5.852708307931209220e-02
-5.598027884228073958e-02
-5.343347460524938697e-02
-5.088667036821803435e-02
-4.579306189415532913e-02
-4.833986613118668174e-02
-5.343347460524938697e-02
-5.343347460524938697e-02
-6.107388731634344481e-02
-5.088667036821803435e-02
-5.343347460524938697e-02
-4.579306189415532913e-02
-4.579306189415532913e-02
-5.088667036821803435e-02
-5.343347460524938697e-02
-6.107388731634344481e-02
-5.852708307931209220e-02
-5.343347460524938697e-02
-5.088667036821803435e-02
-4.833986613118668174e-02
-4.833986613118668174e-02
-5.343347460524938697e-02
-5.088667036821803435e-02
-5.852708307931209220e-02
-5.343347460524938697e-02
-5.088667036821803435e-02
-4.833986613118668174e-02
-4.833986613118668174e-02
-5.343347460524938697e-02
-5.343347460524938697e-02
-6.107388731634344481e-02
-5.852708307931209220e-02
-5.088667036821803435e-02
-5.343347460524938697e-02
-4.579306189415532913e-02
-5.343347460524938697e-02
-5.343347460524938697e-02
-6.107388731634344481e-02
-6.107388731634344481e-02
-5.343347460524938697e-02
-5.343347460524938697e-02
-4.579306189415532913e-02
-5.343347460524938697e-02
-5.343347460524938697e-02
-6.107388731634344481e-02
-5.852708307931209220e-02
-5.343347460524938697e-02
-4.833986613118668174e-02
-5.343347460524938697e-02
-5.343347460524938697e-02
-5.088667036821803435e-02
-6.107388731634344481e-02
-6.107388731634344481e-02
-5.343347460524938697e-02
-4.579306189415532913e-02
-4.833986613118668174e-02
-4.579306189415532913e-02
-5.343347460524938697e-02
-5.343347460524938697e-02
-5.598027884228073958e-02
-5.852708307931209220e-02
-5.343347460524938697e-02
-5.598027884228073958e-02
-4.579306189415532913e-02
-5.088667036821803435e-02
-5.343347460524938697e-02
-5.852708307931209220e-02
-6.107388731634344481e-02
-5.343347460524938697e-02
-5.088667036821803435e-02
-5.088667036821803435e-02
-5.343347460524938697e-02
-5.343347460524938697e-02
-5.088667036821803435e-02
-5.852708307931209220e-02
-5.343347460524938697e-02
-5.343347460524938697e-02
-5.088667036821803435e-02
-5.088667036821803435e-02
-5.088667036821803435e-02
-5.852708307931209220e-02
-5.852708307931209220e-02
-5.343347460524938697e-02
-4.579306189415532913e-02
-5.088667036821803435e-02
-5.343347460524938697e-02
-5.343347460524938697e-02
-6.107388731634344481e-02
-5.852708307931209220e-02
-5.852708307931209220e-02
-5.343347460524938697e-02
-4.833986613118668174e-02
-4.833986613118668174e-02
-5.343347460524938697e-02
-5.343347460524938697e-02
-6.107388731634344481e-02
-5.852708307931209220e-02
-5.343347460524938697e-02
-5.343347460524938697e-02
-4.833986613118668174e-02
-5.343347460524938697e-02
-5.088667036821803435e-02
-5.852708307931209220e-02
-6.107388731634344481e-02
-5.343347460524938697e-02
-5.088667036821803435e-02
-4.833986613118668174e-02
-4.579306189415532913e-02
-5.343347460524938697e-02
-5.852708307931209220e-02
-5.852708307931209220e-02
-5.088667036821803435e-02
-5.343347460524938697e-02
-4.579306189415532913e-02
-5.343347460524938697e-02
-6.107388731634344481e-02
-5.852708307931209220e-02
-5.088667036821803435e-02
-5.343347460524938697e-02
-4.579306189415532913e-02
-4.833986613118668174e-02
-5.343347460524938697e-02
-5.343347460524938697e-02
-5.852708307931209220e-02
-6.107388731634344481e-02
-5.088667036821803435e-02
-5.088667036821803435e-02
-4.579306189415532913e-02
-5.343347460524938697e-02
-5.343347460524938697e-02
-5.343347460524938697e-02
-5.852708307931209220e-02
-6.107388731634344481e-02
-5.088667036821803435e-02
-5.088667036821803435e-02
-4.833986613118668174e-02
-4.833986613118668174e-02
-5.343347460524938697e-02
-5.343347460524938697e-02
-6.107388731634344481e-02
-5.852708307931209220e-02
-5.343347460524938697e-02
-4.579306189415532913e-02
-4.579306189415532913e-02
-5.343347460524938697e-02
-5.343347460524938697e-02
-5.852708307931209220e-02
-5.598027884228073958e-02
-5.343347460524938697e-02
-4.833986613118668174e-02
-4.579306189415532913e-02
-5.343347460524938697e-02
-5.343347460524938697e-02
-5.598027884228073958e-02
-5.598027884228073958e-02
-5.343347460524938697e-02
-5.088667036821803435e-02
-4.579306189415532913e-02
-5.343347460524938697e-02
-5.343347460524938697e-02
-6.107388731634344481e-02
-6.107388731634344481e-02
-5.343347460524938697e-02
-5.343347460524938697e-02
-4.833986613118668174e-02
-4.579306189415532913e-02
-5.343347460524938697e-02
-6.107388731634344481e-02
-5.852708307931209220e-02
-5.088667036821803435e-02
-5.343347460524938697e-02
-5.598027884228073958e-02
-5.088667036821803435e-02
-4.579306189415532913e-02
-5.343347460524938697e-02
-5.343347460524938697e-02
-5.852708307931209220e-02
-5.598027884228073958e-02
-5.343347460524938697e-02
-5.343347460524938697e-02
-4.579306189415532913e-02
-5.343347460524938697e-02
-5.343347460524938697e-02
-6.107388731634344481e-02
-5.852708307931209220e-02
-5.088667036821803435e-02
-5.088667036821803435e-02
-4.579306189415532913e-02
-4.833986613118668174e-02
-5.343347460524938697e-02
-5.088667036821803435e-02
-5.852708307931209220e-02
-5.343347460524938697e-02
-5.343347460524938697e-02
-4.833986613118668174e-02
-4.579306189415532913e-02
-5.343347460524938697e-02
-5.343347460524938697e-02
-5.852708307931209220e-02
-6.107388731634344481e-02
-5.088667036821803435e-02
-4.579306189415532913e-02
-5.598027884228073958e-02
-5.343347460524938697e-02
-5.852708307931209220e-02
-6.107388731634344481e-02
-5.343347460524938697e-02
-5.343347460524938697e-02
-4.579306189415532913e-02
-4.579306189415532913e-02
-5.343347460524938697e-02
-6.107388731634344481e-02
-5.852708307931209220e-02
-6.107388731634344481e-02
-5.343347460524938697e-02
-4.579306189415532913e-02
-4.579306189415532913e-02
-5.343347460524938697e-02
-5.343347460524938697e-02
-6.107388731634344481e-02
-6.107388731634344481e-02
-5.852708307931209220e-02
-5.343347460524938697e-02
-4.833986613118668174e-02
-4.833986613118668174e-02
-5.343347460524938697e-02
-5.852708307931209220e-02
-6.107388731634344481e-02
-5.088667036821803435e-02
-5.088667036821803435e-02
-5.343347460524938697e-02
-4.833986613118668174e-02
-4.833986613118668174e-02
-5.343347460524938697e-02
-5.852708307931209220e-02
-5.852708307931209220e-02
-5.598027884228073958e-02
-5.343347460524938697e-02
-4.579306189415532913e-02
-4.833986613118668174e-02
-5.343347460524938697e-02
-5.343347460524938697e-02
-5.852708307931209220e-02
-5.343347460524938697e-02
-5.598027884228073958e-02
-4.833986613118668174e-02
-5.343347460524938697e-02
-5.088667036821803435e-02
-5.088667036821803435e-02
-6.107388731634344481e-02
-5.852708307931209220e-02
-4.579306189415532913e-02
-4.833986613118668174e-02
-5.088667036821803435e-02
-5.343347460524938697e-02
-6.107388731634344481e-02
-6.107388731634344481e-02
-5.343347460524938697e-02
-5.088667036821803435e-02
-4.579306189415532913e-02
-4.579306189415532913e-02
-5.343347460524938697e-02
-5.343347460524938697e-02
-6.107388731634344481e-02
-5.852708307931209220e-02
-5.088667036821803435e-02
-5.088667036821803435e-02
-5.088667036821803435e-02
-5.343347460524938697e-02
-5.088667036821803435e-02
-5.343347460524938697e-02
-5.852708307931209220e-02
-6.107388731634344481e-02
-5.343347460524938697e-02
-4.833986613118668174e-02
-5.088667036821803435e-02
-5.088667036821803435e-02
-5.088667036821803435e-02
-5.852708307931209220e-02
-5.343347460524938697e-02
-5.343347460524938697e-02
-4.833986613118668174e-02
-4.833986613118668174e-02
-5.343347460524938697e-02
-5.088667036821803435e-02
-6.107388731634344481e-02
-6.107388731634344481e-02
-5.343347460524938697e-02
-5.343347460524938697e-02
-4.833986613118668174e-02
-4.579306189415532913e-02
-5.343347460524938697e-02
-5.343347460524938697e-02
-5.852708307931209220e-02
-5.852708307931209220e-02
-5.343347460524938697e-02
-5.343347460524938697e-02
-4.579306189415532913e-02
-4.579306189415532913e-02
-5.088667036821803435e-02
-5.852708307931209220e-02
-6.107388731634344481e-02
-5.343347460524938697e-02
-5.088667036821803435e-02
-4.579306189415532913e-02
-4.833986613118668174e-02
-5.088667036821803435e-02
-5.088667036821803435e-02
-5.852708307931209220e-02
-5.852708307931209220e-02
-5.088667036821803435e-02
-5.088667036821803435e-02
-4.833986613118668174e-02
-5.343347460524938697e-02
-5.343347460524938697e-02
-5.852708307931209220e-02
-5.852708307931209220e-02
-5.343347460524938697e-02
-4.833986613118668174e-02
-4.579306189415532913e-02
-5.343347460524938697e-02
-5.343347460524938697e-02
-6.107388731634344481e-02
-5.343347460524938697e-02
-5.343347460524938697e-02
-4.833986613118668174e-02
-4.579306189415532913e-02
-5.343347460524938697e-02
-5.088667036821803435e-02
-5.852708307931209220e-02
-5.852708307931209220e-02
-5.598027884228073958e-02
-5.343347460524938697e-02
-4.833986613118668174e-02
-4.833986613118668174e-02
-5.088667036821803435e-02
-5.088667036821803435e-02
-5.852708307931209220e-02
-5.852708307931209220e-02
-5.343347460524938697e-02
-5.343347460524938697e-02
-4.833986613118668174e-02
-5.343347460524938697e-02
-5.343347460524938697e-02
-5.852708307931209220e-02
-5.852708307931209220e-02
-5.343347460524938697e-02
-5.343347460524938697e-02
-4.833986613118668174e-02
-5.088667036821803435e-02
-5.343347460524938697e-02
-5.343347460524938697e-02
-6.107388731634344481e-02
-5.852708307931209220e-02
-5.343347460524938697e-02
-5.343347460524938697e-02
-4.833986613118668174e-02
-5.343347460524938697e-02
-5.343347460524938697e-02
-6.107388731634344481e-02
-6.107388731634344481e-02
-5.343347460524938697e-02
-5.088667036821803435e-02
-4.579306189415532913e-02
-5.088667036821803435e-02
-5.343347460524938697e-02
-6.107388731634344481e-02
-5.088667036821803435e-02
-5.343347460524938697e-02
-5.343347460524938697e-02
-4.833986613118668174e-02
-5.343347460524938697e-02
-5.343347460524938697e-02
-6.107388731634344481e-02
-6.107388731634344481e-02
-5.343347460524938697e-02
-5.088667036821803435e-02
-4.833986613118668174e-02
-4.833986613118668174e-02
-5.343347460524938697e-02
-5.343347460524938697e-02
-5.852708307931209220e-02
-5.088667036821803435e-02
-5.598027884228073958e-02
-5.343347460524938697e-02
-4.579306189415532913e-02
-5.343347460524938697e-02
-5.343347460524938697e-02
-6.107388731634344481e-02
-6.107388731634344481e-02
-5.343347460524938697e-02
-5.343347460524938697e-02
-4.579306189415532913e-02
-4.833986613118668174e-02
-5.343347460524938697e-02
-5.343347460524938697e-02
-5.852708307931209220e-02
-5.852708307931209220e-02
-5.343347460524938697e-02
-4.833986613118668174e-02
-5.343347460524938697e-02
-5.088667036821803435e-02
-6.107388731634344481e-02
-5.598027884228073958e-02
-5.852708307931209220e-02
-5.343347460524938697e-02
-4.833986613118668174e-02
-4.833986613118668174e-02
-5.343347460524938697e-02
-5.343347460524938697e-02
-5.852708307931209220e-02
-6.107388731634344481e-02
-5.343347460524938697e-02
-4.833986613118668174e-02
-4.579306189415532913e-02
-5.343347460524938697e-02
-5.088667036821803435e-02
-5.852708307931209220e-02
-6.107388731634344481e-02
-5.088667036821803435e-02
-4.579306189415532913e-02
-4.833986613118668174e-02
-5.343347460524938697e-02
-5.343347460524938697e-02
-6.107388731634344481e-02
-6.107388731634344481e-02
-5.343347460524938697e-02
-5.343347460524938697e-02
-4.833986613118668174e-02
-4.833986613118668174e-02
-5.088667036821803435e-02
-5.852708307931209220e-02
-5.852708307931209220e-02
-5.343347460524938697e-02
-5.088667036821803435e-02
-4.833986613118668174e-02
-4.579306189415532913e-02
-5.343347460524938697e-02
-5.343347460524938697e-02
-6.107388731634344481e-02
-5.343347460524938697e-02
-5.343347460524938697e-02
-4.579306189415532913e-02
-4.833986613118668174e-02
-5.343347460524938697e-02
-5.088667036821803435e-02
-6.107388731634344481e-02
-5.852708307931209220e-02
-5.088667036821803435e-02
-5.088667036821803435e-02
-4.579306189415532913e-02
-5.088667036821803435e-02
-5.343347460524938697e-02
-5.852708307931209220e-02
-5.852708307931209220e-02
-5.088667036821803435e-02
-5.343347460524938697e-02
-4.579306189415532913e-02
-4.579306189415532913e-02
-5.343347460524938697e-02
-5.343347460524938697e-02
-5.852708307931209220e-02
-5.343347460524938697e-02
-5.088667036821803435e-02
-4.833986613118668174e-02
-4.833986613118668174e-02
-5.343347460524938697e-02
-5.343347460524938697e-02
-5.343347460524938697e-02
-5.343347460524938697e-02
-5.343347460524938697e-02
-4.579306189415532913e-02
-4.579306189415532913e-02
-5.088667036821803435e-02
-6.107388731634344481e-02
-5.852708307931209220e-02
-5.343347460524938697e-02
-5.088667036821803435e-02
-4.833986613118668174e-02
-4.833986613118668174e-02
-5.343347460524938697e-02
-5.088667036821803435e-02
-5.852708307931209220e-02
-5.598027884228073958e-02
-5.343347460524938697e-02
-5.088667036821803435e-02
-4.579306189415532913e-02
-5.343347460524938697e-02
-5.343347460524938697e-02
-6.107388731634344481e-02
-5.852708307931209220e-02
-5.343347460524938697e-02
-5.343347460524938697e-02
-4.833986613118668174e-02
-4.579306189415532913e-02
-5.088667036821803435e-02
-5.343347460524938697e-02
-5.852708307931209220e-02
-5.598027884228073958e-02
-5.088667036821803435e-02
-5.343347460524938697e-02
-4.833986613118668174e-02
-4.579306189415532913e-02
-5.088667036821803435e-02
-5.343347460524938697e-02
-5.852708307931209220e-02
-5.343347460524938697e-02
-5.088667036821803435e-02
-4.833986613118668174e-02
-4.833986613118668174e-02
-5.343347460524938697e-02
-5.343347460524938697e-02
-5.852708307931209220e-02
-5.852708307931209220e-02
-5.343347460524938697e-02
-4.833986613118668174e-02
-5.343347460524938697e-02
-5.088667036821803435e-02
-6.107388731634344481e-02
-5.852708307931209220e-02
-5.343347460524938697e-02
-5.343347460524938697e-02
-4.833986613118668174e-02
-4.579306189415532913e-02
-5.088667036821803435e-02
-5.343347460524938697e-02
-6.107388731634344481e-02
-6.107388731634344481e-02
-5.343347460524938697e-02
-4.579306189415532913e-02
-4.579306189415532913e-02
-5.088667036821803435e-02
-5.343347460524938697e-02
-6.107388731634344481e-02
-5.852708307931209220e-02
-5.343347460524938697e-02
-5.088667036821803435e-02
-4.833986613118668174e-02
-4.833986613118668174e-02
-5.343347460524938697e-02
-6.107388731634344481e-02
-5.852708307931209220e-02
-5.852708307931209220e-02
-5.343347460524938697e-02
-5.088667036821803435e-02
-4.833986613118668174e-02
-5.343347460524938697e-02
-5.343347460524938697e-02
-5.852708307931209220e-02
-6.107388731634344481e-02
-5.088667036821803435e-02
-5.343347460524938697e-02
-4.833986613118668174e-02
-4.833986613118668174e-02
-5.343347460524938697e-02
-5.852708307931209220e-02
-6.107388731634344481e-02
-5.343347460524938697e-02
-4.833986613118668174e-02
-4.579306189415532913e-02
-5.598027884228073958e-02
-5.343347460524938697e-02
-5.852708307931209220e-02
-5.852708307931209220e-02
-5.343347460524938697e-02
-5.088667036821803435e-02
-4.579306189415532913e-02
-5.088667036821803435e-02
-5.088667036821803435e-02
-5.852708307931209220e-02
-6.107388731634344481e-02
-5.088667036821803435e-02
-5.343347460524938697e-02
-4.833986613118668174e-02
-4.833986613118668174e-02
-5.088667036821803435e-02
-5.343347460524938697e-02
-5.852708307931209220e-02
-6.107388731634344481e-02
-5.343347460524938697e-02
-4.579306189415532913e-02
-4.579306189415532913e-02
-5.088667036821803435e-02
-5.088667036821803435e-02
-5.852708307931209220e-02
-6.107388731634344481e-02
-5.343347460524938697e-02
-5.088667036821803435e-02
-4.579306189415532913e-02
-4.833986613118668174e-02
-5.088667036821803435e-02
-5.852708307931209220e-02
-5.852708307931209220e-02
-5.343347460524938697e-02
-5.088667036821803435e-02
-4.579306189415532913e-02
-4.833986613118668174e-02
-5.088667036821803435e-02
-5.088667036821803435e-02
-6.107388731634344481e-02
-5.598027884228073958e-02
-5.088667036821803435e-02
-4.833986613118668174e-02
-4.833986613118668174e-02
-5.598027884228073958e-02
-5.343347460524938697e-02
-5.852708307931209220e-02
-5.088667036821803435e-02
-5.343347460524938697e-02
-4.579306189415532913e-02
-4.833986613118668174e-02
-5.088667036821803435e-02
-5.088667036821803435e-02
-5.852708307931209220e-02
-5.343347460524938697e-02
-5.343347460524938697e-02
-4.833986613118668174e-02
-4.579306189415532913e-02
-5.088667036821803435e-02
-5.343347460524938697e-02
-5.852708307931209220e-02
-5.852708307931209220e-02
-5.343347460524938697e-02
-4.579306189415532913e-02
-4.579306189415532913e-02
-5.088667036821803435e-02
-5.343347460524938697e-02
-5.852708307931209220e-02
-5.343347460524938697e-02
-5.343347460524938697e-02
-4.833986613118668174e-02
-4.579306189415532913e-02
-5.343347460524938697e-02
-5.343347460524938697e-02
-5.852708307931209220e-02
-5.852708307931209220e-02
-5.088667036821803435e-02
-4.833986613118668174e-02
-5.343347460524938697e-02
-5.088667036821803435e-02
-5.343347460524938697e-02
-5.598027884228073958e-02
-5.088667036821803435e-02
-5.343347460524938697e-02
-4.833986613118668174e-02
-4.579306189415532913e-02
-5.343347460524938697e-02
-5.852708307931209220e-02
-6.107388731634344481e-02
-5.343347460524938697e-02
-4.579306189415532913e-02
-5.088667036821803435e-02
-4.579306189415532913e-02
-5.343347460524938697e-02
-5.343347460524938697e-02
-6.107388731634344481e-02
-5.852708307931209220e-02
-5.343347460524938697e-02
-4.833986613118668174e-02
-4.579306189415532913e-02
-4.579306189415532913e-02
-5.088667036821803435e-02
-6.107388731634344481e-02
-5.598027884228073958e-02
-5.852708307931209220e-02
-5.343347460524938697e-02
-5.088667036821803435e-02
-4.833986613118668174e-02
-4.833986613118668174e-02
-5.343347460524938697e-02
-5.343347460524938697e-02
-5.852708307931209220e-02
-5.852708307931209220e-02
-5.088667036821803435e-02
-4.579306189415532913e-02
-4.579306189415532913e-02
-5.343347460524938697e-02
-5.343347460524938697e-02
-5.852708307931209220e-02
-5.088667036821803435e-02
-5.088667036821803435e-02
-5.088667036821803435e-02
-4.833986613118668174e-02
-5.343347460524938697e-02
-5.088667036821803435e-02
-6.107388731634344481e-02
-5.343347460524938697e-02
-5.088667036821803435e-02
-4.579306189415532913e-02
-4.833986613118668174e-02
-5.343347460524938697e-02
-5.852708307931209220e-02
-6.107388731634344481e-02
-5.088667036821803435e-02
-5.343347460524938697e-02
-4.579306189415532913e-02
-4.579306189415532913e-02
-5.088667036821803435e-02
-5.343347460524938697e-02
-5.598027884228073958e-02
-5.343347460524938697e-02
-5.343347460524938697e-02
-4.833986613118668174e-02
-4.833986613118668174e-02
-5.343347460524938697e-02
-5.852708307931209220e-02
-5.598027884228073958e-02
-5.598027884228073958e-02
-5.343347460524938697e-02
-5.088667036821803435e-02
-4.579306189415532913e-02
-5.088667036821803435e-02
-5.088667036821803435e-02
-5.852708307931209220e-02
-6.107388731634344481e-02
-5.343347460524938697e-02
-4.833986613118668174e-02
-4.833986613118668174e-02
-5.343347460524938697e-02
-5.088667036821803435e-02
-5.852708307931209220e-02
-6.107388731634344481e-02
-5.343347460524938697e-02
-4.579306189415532913e-02
-5.088667036821803435e-02
-4.579306189415532913e-02
-5.088667036821803435e-02
-5.852708307931209220e-02
-6.107388731634344481e-02
-6.107388731634344481e-02
-5.088667036821803435e-02
-5.088667036821803435e-02
-4.833986613118668174e-02
-5.343347460524938697e-02
-5.343347460524938697e-02
-6.107388731634344481e-02
-5.852708307931209220e-02
-5.088667036821803435e-02
-5.088667036821803435e-02
-4.579306189415532913e-02
-5.343347460524938697e-02
-5.343347460524938697e-02
-5.343347460524938697e-02
-5.852708307931209220e-02
-5.088667036821803435e-02
-5.088667036821803435e-02
-4.833986613118668174e-02
-4.579306189415532913e-02
-4.833986613118668174e-02
-5.088667036821803435e-02
-5.088667036821803435e-02
-6.107388731634344481e-02
-5.852708307931209220e-02
-5.088667036821803435e-02
-4.579306189415532913e-02
-4.579306189415532913e-02
-5.088667036821803435e-02
-5.343347460524938697e-02
-5.852708307931209220e-02
-6.107388731634344481e-02
-5.088667036821803435e-02
-5.088667036821803435e-02
-4.579306189415532913e-02
-4.833986613118668174e-02
-5.343347460524938697e-02
-5.852708307931209220e-02
-5.852708307931209220e-02
-5.088667036821803435e-02
-5.343347460524938697e-02
-4.833986613118668174e-02
-4.579306189415532913e-02
-5.343347460524938697e-02
-5.852708307931209220e-02
-6.107388731634344481e-02
-5.088667036821803435e-02
-5.343347460524938697e-02
-4.833986613118668174e-02
-4.833986613118668174e-02
-5.088667036821803435e-02
-5.088667036821803435e-02
-5.852708307931209220e-02
-5.343347460524938697e-02
-5.088667036821803435e-02
-4.833986613118668174e-02
-4.833986613118668174e-02
-5.343347460524938697e-02
-5.343347460524938697e-02
-5.852708307931209220e-02
-5.088667036821803435e-02
-5.343347460524938697e-02
-4.579306189415532913e-02
-4.833986613118668174e-02
-5.343347460524938697e-02
-5.343347460524938697e-02
-5.852708307931209220e-02
-5.343347460524938697e-02
-5.343347460524938697e-02
-4.833986613118668174e-02
-4.833986613118668174e-02
-5.343347460524938697e-02
-5.088667036821803435e-02
-5.852708307931209220e-02
-5.343347460524938697e-02
-5.343347460524938697e-02
-4.579306189415532913e-02
-4.833986613118668174e-02
-5.088667036821803435e-02
-5.088667036821803435e-02
-5.598027884228073958e-02
-5.343347460524938697e-02
-5.088667036821803435e-02
-4.579306189415532913e-02
-5.088667036821803435e-02
-5.088667036821803435e-02
-6.107388731634344481e-02
-5.852708307931209220e-02
-5.088667036821803435e-02
-5.088667036821803435e-02
-4.579306189415532913e-02
-4.833986613118668174e-02
-4.579306189415532913e-02
-5.088667036821803435e-02
-5.343347460524938697e-02
-6.107388731634344481e-02
-5.343347460524938697e-02
-4.833986613118668174e-02
-4.579306189415532913e-02
-5.343347460524938697e-02
-5.343347460524938697e-02
-5.852708307931209220e-02
-5.343347460524938697e-02
-5.343347460524938697e-02
-4.833986613118668174e-02
-4.579306189415532913e-02
-5.343347460524938697e-02
-5.343347460524938697e-02
-6.107388731634344481e-02
-5.852708307931209220e-02
-5.343347460524938697e-02
-4.579306189415532913e-02
-4.579306189415532913e-02
-4.579306189415532913e-02
-5.343347460524938697e-02
-5.852708307931209220e-02
-6.107388731634344481e-02
-5.343347460524938697e-02
-5.088667036821803435e-02
-4.579306189415532913e-02
-5.343347460524938697e-02
-5.343347460524938697e-02
-6.107388731634344481e-02
-5.852708307931209220e-02
-5.088667036821803435e-02
-5.088667036821803435e-02
-4.579306189415532913e-02
-4.579306189415532913e-02
-5.343347460524938697e-02
-5.343347460524938697e-02
-5.852708307931209220e-02
-6.107388731634344481e-02
-5.343347460524938697e-02
-5.088667036821803435e-02
-4.579306189415532913e-02
-4.579306189415532913e-02
-5.343347460524938697e-02
-5.852708307931209220e-02
-6.107388731634344481e-02
-5.343347460524938697e-02
-5.343347460524938697e-02
-4.579306189415532913e-02
-4.579306189415532913e-02
-5.343347460524938697e-02
-5.343347460524938697e-02
-6.107388731634344481e-02
-5.343347460524938697e-02
-5.343347460524938697e-02
-4.579306189415532913e-02
-4.833986613118668174e-02
-5.088667036821803435e-02
-5.343347460524938697e-02
-5.852708307931209220e-02
-6.107388731634344481e-02
-5.088667036821803435e-02
-4.833986613118668174e-02
-4.579306189415532913e-02
-5.343347460524938697e-02
-5.343347460524938697e-02
-5.852708307931209220e-02
-5.852708307931209220e-02
-5.343347460524938697e-02
-5.343347460524938697e-02
-4.833986613118668174e-02
-5.598027884228073958e-02
-5.088667036821803435e-02
-6.107388731634344481e-02
-5.852708307931209220e-02
-5.343347460524938697e-02
-5.343347460524938697e-02
-5.088667036821803435e-02
-4.833986613118668174e-02
-5.343347460524938697e-02
-5.852708307931209220e-02
-5.852708307931209220e-02
-5.343347460524938697e-02
-5.088667036821803435e-02
-4.833986613118668174e-02
-4.579306189415532913e-02
-5.598027884228073958e-02
-6.107388731634344481e-02
-5.598027884228073958e-02
-5.343347460524938697e-02
-5.343347460524938697e-02
-4.579306189415532913e-02
-4.579306189415532913e-02
-5.343347460524938697e-02
-5.852708307931209220e-02
-6.107388731634344481e-02
-5.598027884228073958e-02
-5.088667036821803435e-02
-4.833986613118668174e-02
-4.579306189415532913e-02
-4.579306189415532913e-02
-5.343347460524938697e-02
-6.107388731634344481e-02
-5.852708307931209220e-02
-5.598027884228073958e-02
-5.343347460524938697e-02
-5.343347460524938697e-02
-4.833986613118668174e-02
-5.343347460524938697e-02
-5.088667036821803435e-02
-6.107388731634344481e-02
-5.852708307931209220e-02
-5.088667036821803435e-02
-5.343347460524938697e-02
-4.579306189415532913e-02
-5.343347460524938697e-02
-5.343347460524938697e-02
-6.107388731634344481e-02
-6.107388731634344481e-02
-5.088667036821803435e-02
-5.088667036821803435e-02
-4.833986613118668174e-02
-4.833986613118668174e-02
-5.343347460524938697e-02
-6.107388731634344481e-02
-5.852708307931209220e-02
-5.343347460524938697e-02
-5.343347460524938697e-02
-4.833986613118668174e-02
-5.088667036821803435e-02
-5.598027884228073958e-02
-5.088667036821803435e-02
-6.107388731634344481e-02
-6.107388731634344481e-02
-5.343347460524938697e-02
-5.343347460524938697e-02
-4.833986613118668174e-02
-5.852708307931209220e-02
-5.343347460524938697e-02
-5.343347460524938697e-02
-5.852708307931209220e-02
-6.107388731634344481e-02
-5.343347460524938697e-02
-5.088667036821803435e-02
-4.833986613118668174e-02
-5.088667036821803435e-02
-5.088667036821803435e-02
-5.598027884228073958e-02
-5.852708307931209220e-02
-5.343347460524938697e-02
-5.088667036821803435e-02
-4.579306189415532913e-02
-5.343347460524938697e-02
-5.343347460524938697e-02
-6.107388731634344481e-02
-5.598027884228073958e-02
-5.343347460524938697e-02
-5.343347460524938697e-02
-4.833986613118668174e-02
-4.833986613118668174e-02
-5.343347460524938697e-02
-5.343347460524938697e-02
-6.107388731634344481e-02
-5.343347460524938697e-02
-5.343347460524938697e-02
-4.579306189415532913e-02
-4.833986613118668174e-02
-5.343347460524938697e-02
-6.107388731634344481e-02
-5.852708307931209220e-02
-5.088667036821803435e-02
-5.088667036821803435e-02
-4.833986613118668174e-02
-4.579306189415532913e-02
-5.343347460524938697e-02
-5.852708307931209220e-02
-5.852708307931209220e-02
-5.088667036821803435e-02
-4.833986613118668174e-02
-4.833986613118668174e-02
-4.833986613118668174e-02
-5.343347460524938697e-02
-5.343347460524938697e-02
-6.107388731634344481e-02
-5.852708307931209220e-02
-5.088667036821803435e-02
-5.343347460524938697e-02
-4.833986613118668174e-02
-4.833986613118668174e-02
-5.343347460524938697e-02
-6.107388731634344481e-02
-6.107388731634344481e-02
-5.343347460524938697e-02
-5.088667036821803435e-02
-5.343347460524938697e-02
-5.088667036821803435e-02
-5.852708307931209220e-02
-6.107388731634344481e-02
-6.107388731634344481e-02
-5.343347460524938697e-02
-5.343347460524938697e-02
-4.579306189415532913e-02
-4.833986613118668174e-02
-5.343347460524938697e-02
-5.852708307931209220e-02
-6.107388731634344481e-02
-5.088667036821803435e-02
-4.833986613118668174e-02
-4.579306189415532913e-02
-5.343347460524938697e-02
-5.343347460524938697e-02
-5.852708307931209220e-02
-5.852708307931209220e-02
-5.343347460524938697e-02
-4.579306189415532913e-02
-4.579306189415532913e-02
-5.343347460524938697e-02
-5.343347460524938697e-02
-5.852708307931209220e-02
-5.852708307931209220e-02
-5.343347460524938697e-02
-5.088667036821803435e-02
-5.088667036821803435e-02
-5.343347460524938697e-02
-5.343347460524938697e-02
-5.343347460524938697e-02
-5.852708307931209220e-02
-5.343347460524938697e-02
-5.343347460524938697e-02
-4.579306189415532913e-02
-4.579306189415532913e-02
-5.343347460524938697e-02
-5.343347460524938697e-02
-6.107388731634344481e-02
-5.343347460524938697e-02
-4.579306189415532913e-02
-4.579306189415532913e-02
-4.833986613118668174e-02
-5.088667036821803435e-02
-6.107388731634344481e-02
-5.852708307931209220e-02
-5.598027884228073958e-02
-5.088667036821803435e-02
-4.579306189415532913e-02
-4.579306189415532913e-02
-5.343347460524938697e-02
-5.343347460524938697e-02
-5.852708307931209220e-02
-5.343347460524938697e-02
-5.598027884228073958e-02
-4.579306189415532913e-02
-4.579306189415532913e-02
-5.343347460524938697e-02
-5.852708307931209220e-02
-5.852708307931209220e-02
-5.088667036821803435e-02
-5.343347460524938697e-02
-4.833986613118668174e-02
-4.833986613118668174e-02
-5.088667036821803435e-02
-5.343347460524938697e-02
-5.852708307931209220e-02
-5.343347460524938697e-02
-5.088667036821803435e-02
-4.833986613118668174e-02
-4.833986613118668174e-02
-5.343347460524938697e-02
-5.343347460524938697e-02
-5.852708307931209220e-02
-6.107388731634344481e-02
-5.343347460524938697e-02
-4.833986613118668174e-02
-4.833986613118668174e-02
-5.088667036821803435e-02
-5.088667036821803435e-02
-6.107388731634344481e-02
-5.852708307931209220e-02
-5.343347460524938697e-02
-5.088667036821803435e-02
-4.579306189415532913e-02
-5.343347460524938697e-02
-5.343347460524938697e-02
-5.343347460524938697e-02
-5.598027884228073958e-02
-5.852708307931209220e-02
-5.343347460524938697e-02
-4.579306189415532913e-02
-4.833986613118668174e-02
-5.088667036821803435e-02
-5.343347460524938697e-02
-6.107388731634344481e-02
-5.852708307931209220e-02
-5.343347460524938697e-02
-5.343347460524938697e-02
-4.579306189415532913e-02
-4.833986613118668174e-02
-5.343347460524938697e-02
-5.343347460524938697e-02
-5.852708307931209220e-02
-5.852708307931209220e-02
-5.088667036821803435e-02
-4.579306189415532913e-02
-4.579306189415532913e-02
-5.088667036821803435e-02
-5.088667036821803435e-02
-5.852708307931209220e-02
-6.107388731634344481e-02
-5.343347460524938697e-02
-5.343347460524938697e-02
-4.833986613118668174e-02
-4.579306189415532913e-02
-5.088667036821803435e-02
-5.852708307931209220e-02
-6.107388731634344481e-02
-5.088667036821803435e-02
-5.343347460524938697e-02
-4.833986613118668174e-02
-5.343347460524938697e-02
-5.343347460524938697e-02
-6.107388731634344481e-02
-5.852708307931209220e-02
-5.343347460524938697e-02
-5.343347460524938697e-02
-4.833986613118668174e-02
-4.579306189415532913e-02
-6.107388731634344481e-02
-5.852708307931209220e-02
-5.852708307931209220e-02
-5.343347460524938697e-02
-5.343347460524938697e-02
-5.343347460524938697e-02
-4.833986613118668174e-02
-4.579306189415532913e-02
-5.088667036821803435e-02
-5.343347460524938697e-02
-6.107388731634344481e-02
-5.343347460524938697e-02
-5.598027884228073958e-02
-4.579306189415532913e-02
-5.088667036821803435e-02
-5.088667036821803435e-02
-5.343347460524938697e-02
-5.852708307931209220e-02
-5.343347460524938697e-02
-5.343347460524938697e-02
-4.579306189415532913e-02
-4.833986613118668174e-02
-5.343347460524938697e-02
-5.343347460524938697e-02
-5.852708307931209220e-02
-5.088667036821803435e-02
-5.343347460524938697e-02
-5.343347460524938697e-02
-4.833986613118668174e-02
-4.833986613118668174e-02
-5.343347460524938697e-02
-5.343347460524938697e-02
-5.852708307931209220e-02
-5.852708307931209220e-02
-5.343347460524938697e-02
-5.343347460524938697e-02
-4.833986613118668174e-02
-5.343347460524938697e-02
-5.343347460524938697e-02
-6.107388731634344481e-02
-5.852708307931209220e-02
-5.343347460524938697e-02
-5.343347460524938697e-02
-4.833986613118668174e-02
-4.833986613118668174e-02
-5.343347460524938697e-02
-5.852708307931209220e-02
-6.107388731634344481e-02
-5.343347460524938697e-02
-5.343347460524938697e-02
-4.833986613118668174e-02
-4.833986613118668174e-02
-5.343347460524938697e-02
-6.107388731634344481e-02
-5.343347460524938697e-02
-5.343347460524938697e-02
-5.088667036821803435e-02
-4.579306189415532913e-02
-4.833986613118668174e-02
-5.343347460524938697e-02
-5.343347460524938697e-02
-5.852708307931209220e-02
-6.107388731634344481e-02
-5.088667036821803435e-02
-5.343347460524938697e-02
-4.579306189415532913e-02
-4.579306189415532913e-02
-5.343347460524938697e-02
-5.852708307931209220e-02
-5.852708307931209220e-02
-5.088667036821803435e-02
-5.343347460524938697e-02
-4.833986613118668174e-02
-4.833986613118668174e-02
-5.088667036821803435e-02
-5.343347460524938697e-02
-5.852708307931209220e-02
-5.852708307931209220e-02
-5.088667036821803435e-02
-5.343347460524938697e-02
-4.579306189415532913e-02
-5.088667036821803435e-02
-5.343347460524938697e-02
-5.852708307931209220e-02
-5.852708307931209220e-02
-5.598027884228073958e-02
-5.343347460524938697e-02
-4.579306189415532913e-02
-4.833986613118668174e-02
-5.343347460524938697e-02
-5.343347460524938697e-02
-5.852708307931209220e-02
-5.343347460524938697e-02
-5.088667036821803435e-02
-4.833986613118668174e-02
-4.833986613118668174e-02
-5.088667036821803435e-02
-5.343347460524938697e-02
-5.852708307931209220e-02
-6.107388731634344481e-02
-5.343347460524938697e-02
-5.343347460524938697e-02
-4.833986613118668174e-02
-5.088667036821803435e-02
-5.343347460524938697e-02
-5.343347460524938697e-02
-5.852708307931209220e-02
-5.852708307931209220e-02
-5.088667036821803435e-02
-4.833986613118668174e-02
-4.579306189415532913e-02
-5.088667036821803435e-02
-5.343347460524938697e-02
-6.107388731634344481e-02
-6.107388731634344481e-02
-5.343347460524938697e-02
-4.833986613118668174e-02
-4.833986613118668174e-02
-5.343347460524938697e-02
-5.343347460524938697e-02
-6.107388731634344481e-02
-5.852708307931209220e-02
-5.343347460524938697e-02
-5.343347460524938697e-02
-4.833986613118668174e-02
-5.598027884228073958e-02
-5.088667036821803435e-02
-5.852708307931209220e-02
-5.852708307931209220e-02
-5.088667036821803435e-02
-5.343347460524938697e-02
-4.579306189415532913e-02
-5.343347460524938697e-02
-5.343347460524938697e-02
-5.088667036821803435e-02
-5.852708307931209220e-02
-5.852708307931209220e-02
-5.088667036821803435e-02
-5.343347460524938697e-02
-4.579306189415532913e-02
-5.343347460524938697e-02
-5.343347460524938697e-02
-6.107388731634344481e-02
-5.852708307931209220e-02
-5.343347460524938697e-02
-4.579306189415532913e-02
-5.088667036821803435e-02
-4.579306189415532913e-02
-5.343347460524938697e-02
-5.343347460524938697e-02
-5.852708307931209220e-02
-6.107388731634344481e-02
-5.343347460524938697e-02
-5.343347460524938697e-02
-4.579306189415532913e-02
-4.579306189415532913e-02
-5.088667036821803435e-02
-5.852708307931209220e-02
-5.852708307931209220e-02
-5.088667036821803435e-02
-5.343347460524938697e-02
-4.579306189415532913e-02
-4.833986613118668174e-02
-5.343347460524938697e-02
-5.343347460524938697e-02
-6.107388731634344481e-02
-5.852708307931209220e-02
-5.343347460524938697e-02
-5.343347460524938697e-02
-4.579306189415532913e-02
-4.579306189415532913e-02
-5.343347460524938697e-02
-6.107388731634344481e-02
-5.343347460524938697e-02
-5.343347460524938697e-02
-4.833986613118668174e-02
-4.579306189415532913e-02
-4.579306189415532913e-02
-5.088667036821803435e-02
-5.343347460524938697e-02
-5.852708307931209220e-02
-6.107388731634344481e-02
-5.598027884228073958e-02
-5.343347460524938697e-02
-4.833986613118668174e-02
-5.343347460524938697e-02
-5.343347460524938697e-02
-5.852708307931209220e-02
-5.852708307931209220e-02
-5.343347460524938697e-02
-5.343347460524938697e-02
-4.579306189415532913e-02
-4.579306189415532913e-02
-5.343347460524938697e-02
-6.107388731634344481e-02
-6.107388731634344481e-02
-5.343347460524938697e-02
-5.343347460524938697e-02
-4.579306189415532913e-02
-4.833986613118668174e-02
-5.343347460524938697e-02
-5.343347460524938697e-02
-5.852708307931209220e-02
-6.107388731634344481e-02
-5.088667036821803435e-02
-5.088667036821803435e-02
-4.579306189415532913e-02
-4.833986613118668174e-02
-5.343347460524938697e-02
-5.343347460524938697e-02
-5.852708307931209220e-02
-5.343347460524938697e-02
-5.343347460524938697e-02
-4.833986613118668174e-02
-4.833986613118668174e-02
-5.343347460524938697e-02
-5.343347460524938697e-02
-6.107388731634344481e-02
-5.852708307931209220e-02
-5.343347460524938697e-02
-5.343347460524938697e-02
-4.833986613118668174e-02
-4.579306189415532913e-02
-5.343347460524938697e-02
-5.088667036821803435e-02
-5.852708307931209220e-02
-5.343347460524938697e-02
-5.343347460524938697e-02
-4.833986613118668174e-02
-4.833986613118668174e-02
-5.343347460524938697e-02
-5.088667036821803435e-02
-6.107388731634344481e-02
-5.852708307931209220e-02
-5.598027884228073958e-02
-4.833986613118668174e-02
-4.833986613118668174e-02
-5.343347460524938697e-02
-5.343347460524938697e-02
-6.107388731634344481e-02
-5.852708307931209220e-02
-5.598027884228073958e-02
-5.343347460524938697e-02
-4.833986613118668174e-02
-4.833986613118668174e-02
-5.598027884228073958e-02
-5.852708307931209220e-02
-5.852708307931209220e-02
-5.088667036821803435e-02
-5.343347460524938697e-02
-4.833986613118668174e-02
-4.833986613118668174e-02
-5.343347460524938697e-02
-5.343347460524938697e-02
-5.852708307931209220e-02
-5.852708307931209220e-02
-5.343347460524938697e-02
-4.833986613118668174e-02
-4.579306189415532913e-02
-5.343347460524938697e-02
-5.343347460524938697e-02
-6.107388731634344481e-02
-5.852708307931209220e-02
-5.088667036821803435e-02
-5.343347460524938697e-02
-4.833986613118668174e-02
-4.579306189415532913e-02
-5.088667036821803435e-02
-5.343347460524938697e-02
-5.852708307931209220e-02
-5.343347460524938697e-02
-5.088667036821803435e-02
-4.833986613118668174e-02
-5.088667036821803435e-02
-5.343347460524938697e-02
-5.598027884228073958e-02
-6.107388731634344481e-02
-5.343347460524938697e-02
-5.088667036821803435e-02
-4.579306189415532913e-02
-4.579306189415532913e-02
-5.088667036821803435e-02
-5.343347460524938697e-02
-5.852708307931209220e-02
-5.852708307931209220e-02
-5.343347460524938697e-02
-5.598027884228073958e-02
-4.833986613118668174e-02
-4.579306189415532913e-02
-5.598027884228073958e-02
-5.088667036821803435e-02
-5.852708307931209220e-02
-5.852708307931209220e-02
-5.343347460524938697e-02
-4.579306189415532913e-02
-4.833986613118668174e-02
-5.343347460524938697e-02
-5.343347460524938697e-02
-6.107388731634344481e-02
-6.107388731634344481e-02
-5.343347460524938697e-02
-5.343347460524938697e-02
-4.833986613118668174e-02
-5.088667036821803435e-02
-5.343347460524938697e-02
-5.852708307931209220e-02
-5.852708307931209220e-02
-5.598027884228073958e-02
-5.343347460524938697e-02
-5.088667036821803435e-02
-4.579306189415532913e-02
-5.343347460524938697e-02
-5.343347460524938697e-02
-5.852708307931209220e-02
-5.343347460524938697e-02
-5.343347460524938697e-02
-5.088667036821803435e-02
-4.833986613118668174e-02
-5.088667036821803435e-02
-6.107388731634344481e-02
-6.107388731634344481e-02
-5.088667036821803435e-02
-5.088667036821803435e-02
-4.833986613118668174e-02
-4.833986613118668174e-02
-5.343347460524938697e-02
-5.088667036821803435e-02
-5.852708307931209220e-02
-5.852708307931209220e-02
-5.343347460524938697e-02
-4.833986613118668174e-02
-4.833986613118668174e-02
-5.343347460524938697e-02
-5.343347460524938697e-02
-5.852708307931209220e-02
-6.107388731634344481e-02
-5.598027884228073958e-02
-5.343347460524938697e-02
-4.833986613118668174e-02
-4.324625765712397651e-02
-5.343347460524938697e-02
-5.852708307931209220e-02
-5.852708307931209220e-02
-5.088667036821803435e-02
-5.343347460524938697e-02
-5.088667036821803435e-02
-5.343347460524938697e-02
-5.343347460524938697e-02
-6.107388731634344481e-02
-5.852708307931209220e-02
-5.088667036821803435e-02
-5.088667036821803435e-02
-5.088667036821803435e-02
-4.833986613118668174e-02
-5.088667036821803435e-02
-5.088667036821803435e-02
-5.852708307931209220e-02
-5.343347460524938697e-02
-5.343347460524938697e-02
-5.088667036821803435e-02
-5.088667036821803435e-02
-5.343347460524938697e-02
-5.343347460524938697e-02
-5.852708307931209220e-02
-5.852708307931209220e-02
-5.343347460524938697e-02
-5.343347460524938697e-02
-5.088667036821803435e-02
-5.088667036821803435e-02
-5.343347460524938697e-02
-5.088667036821803435e-02
-6.107388731634344481e-02
-5.852708307931209220e-02
-5.343347460524938697e-02
-4.579306189415532913e-02
-4.833986613118668174e-02
-5.088667036821803435e-02
-6.107388731634344481e-02
-5.852708307931209220e-02
-5.852708307931209220e-02
-5.343347460524938697e-02
-4.579306189415532913e-02
-4.579306189415532913e-02
-5.088667036821803435e-02
-5.343347460524938697e-02
-5.343347460524938697e-02
-6.107388731634344481e-02
-5.852708307931209220e-02
-5.343347460524938697e-02
-5.088667036821803435e-02
-5.088667036821803435e-02
-4.833986613118668174e-02
-5.088667036821803435e-02
-5.088667036821803435e-02
-5.343347460524938697e-02
-5.343347460524938697e-02
-5.088667036821803435e-02
-4.579306189415532913e-02
-5.088667036821803435e-02
-5.343347460524938697e-02
-6.107388731634344481e-02
-5.852708307931209220e-02
-5.088667036821803435e-02
-5.343347460524938697e-02
-4.833986613118668174e-02
-5.343347460524938697e-02
-5.088667036821803435e-02
-5.852708307931209220e-02
-6.107388731634344481e-02
-5.343347460524938697e-02
-5.343347460524938697e-02
-4.579306189415532913e-02
-4.833986613118668174e-02
-4.833986613118668174e-02
-5.088667036821803435e-02
-5.343347460524938697e-02
-5.852708307931209220e-02
-5.852708307931209220e-02
-5.343347460524938697e-02
-4.833986613118668174e-02
-4.833986613118668174e-02
-5.343347460524938697e-02
-5.343347460524938697e-02
-5.852708307931209220e-02
-6.107388731634344481e-02
-5.343347460524938697e-02
-5.343347460524938697e-02
-4.833986613118668174e-02
-4.579306189415532913e-02
-5.343347460524938697e-02
-5.343347460524938697e-02
-5.852708307931209220e-02
-5.852708307931209220e-02
-5.343347460524938697e-02
-4.579306189415532913e-02
-4.833986613118668174e-02
-5.343347460524938697e-02
-5.343347460524938697e-02
-6.107388731634344481e-02
-6.107388731634344481e-02
-5.343347460524938697e-02
-5.343347460524938697e-02
-5.088667036821803435e-02
-4.833986613118668174e-02
-5.343347460524938697e-02
-6.107388731634344481e-02
-6.107388731634344481e-02
-5.343347460524938697e-02
-5.343347460524938697e-02
-4.833986613118668174e-02
-4.579306189415532913e-02
-5.343347460524938697e-02
-5.343347460524938697e-02
-6.107388731634344481e-02
-5.598027884228073958e-02
-5.598027884228073958e-02
-4.579306189415532913e-02
-4.833986613118668174e-02
-5.343347460524938697e-02
-5.088667036821803435e-02
-5.852708307931209220e-02
-6.107388731634344481e-02
-5.343347460524938697e-02
-5.343347460524938697e-02
-4.833986613118668174e-02
-4.833986613118668174e-02
-5.343347460524938697e-02
-5.852708307931209220e-02
-5.088667036821803435e-02
-5.343347460524938697e-02
-4.579306189415532913e-02
-4.833986613118668174e-02
-5.343347460524938697e-02
-5.343347460524938697e-02
-6.107388731634344481e-02
-6.107388731634344481e-02
-5.343347460524938697e-02
-5.343347460524938697e-02
-4.833986613118668174e-02
-5.088667036821803435e-02
-5.088667036821803435e-02
-5.343347460524938697e-02
-5.852708307931209220e-02
-5.852708307931209220e-02
-5.343347460524938697e-02
-5.343347460524938697e-02
-4.833986613118668174e-02
-4.833986613118668174e-02
-5.343347460524938697e-02
-5.852708307931209220e-02
-5.852708307931209220e-02
-5.343347460524938697e-02
-5.343347460524938697e-02
-4.579306189415532913e-02
-4.833986613118668174e-02
-5.343347460524938697e-02
-5.343347460524938697e-02
-5.852708307931209220e-02
-5.852708307931209220e-02
-5.088667036821803435e-02
-4.833986613118668174e-02
-4.833986613118668174e-02
-5.343347460524938697e-02
-5.852708307931209220e-02
-6.107388731634344481e-02
-5.343347460524938697e-02
-5.343347460524938697e-02
-4.833986613118668174e-02
-4.579306189415532913e-02
-5.343347460524938697e-02
-5.343347460524938697e-02
-6.107388731634344481e-02
-6.107388731634344481e-02
-5.088667036821803435e-02
-5.598027884228073958e-02
-4.579306189415532913e-02
-5.088667036821803435e-02
-5.343347460524938697e-02
-6.107388731634344481e-02
-5.852708307931209220e-02
-5.088667036821803435e-02
-5.343347460524938697e-02
-4.833986613118668174e-02
-5.343347460524938697e-02
-5.598027884228073958e-02
-5.852708307931209220e-02
-5.852708307931209220e-02
-5.598027884228073958e-02
-5.088667036821803435e-02
-4.579306189415532913e-02
-4.833986613118668174e-02
-5.343347460524938697e-02
-6.107388731634344481e-02
-5.852708307931209220e-02
-5.343347460524938697e-02
-5.343347460524938697e-02
-5.088667036821803435e-02
-4.833986613118668174e-02
-5.343347460524938697e-02
-5.343347460524938697e-02
-5.852708307931209220e-02
-5.343347460524938697e-02
-5.598027884228073958e-02
-4.579306189415532913e-02
-4.833986613118668174e-02
-5.343347460524938697e-02
-5.852708307931209220e-02
-5.852708307931209220e-02
-5.598027884228073958e-02
-5.343347460524938697e-02
-4.579306189415532913e-02
-5.343347460524938697e-02
-5.343347460524938697e-02
-5.088667036821803435e-02
-5.852708307931209220e-02
-5.852708307931209220e-02
-5.343347460524938697e-02
-5.343347460524938697e-02
-5.088667036821803435e-02
-5.343347460524938697e-02
-5.088667036821803435e-02
-6.107388731634344481e-02
-5.852708307931209220e-02
-5.088667036821803435e-02
-5.088667036821803435e-02
-5.343347460524938697e-02
-5.343347460524938697e-02
-6.107388731634344481e-02
-6.107388731634344481e-02
-5.852708307931209220e-02
-5.343347460524938697e-02
-5.343347460524938697e-02
-4.833986613118668174e-02
-4.324625765712397651e-02
-5.343347460524938697e-02
-5.343347460524938697e-02
-6.107388731634344481e-02
-5.088667036821803435e-02
-5.343347460524938697e-02
-4.833986613118668174e-02
-4.833986613118668174e-02
-5.598027884228073958e-02
-5.343347460524938697e-02
-6.107388731634344481e-02
-5.852708307931209220e-02
-5.343347460524938697e-02
-5.088667036821803435e-02
-5.088667036821803435e-02
-4.579306189415532913e-02
-5.598027884228073958e-02
-6.107388731634344481e-02
-5.088667036821803435e-02
-5.343347460524938697e-02
-4.833986613118668174e-02
-4.579306189415532913e-02
-5.343347460524938697e-02
-5.343347460524938697e-02
-6.107388731634344481e-02
-6.107388731634344481e-02
-5.088667036821803435e-02
-5.088667036821803435e-02
-5.088667036821803435e-02
-4.579306189415532913e-02
-5.088667036821803435e-02
-5.852708307931209220e-02
-5.852708307931209220e-02
-5.343347460524938697e-02
-5.343347460524938697e-02
-5.088667036821803435e-02
-5.343347460524938697e-02
-5.088667036821803435e-02
-5.343347460524938697e-02
-6.107388731634344481e-02
-5.852708307931209220e-02
-5.343347460524938697e-02
-5.343347460524938697e-02
-4.579306189415532913e-02
-4.833986613118668174e-02
-5.343347460524938697e-02
-5.088667036821803435e-02
-5.852708307931209220e-02
-6.107388731634344481e-02
-5.343347460524938697e-02
-5.343347460524938697e-02
-4.833986613118668174e-02
-4.579306189415532913e-02
-5.343347460524938697e-02
-5.343347460524938697e-02
-6.107388731634344481e-02
-5.852708307931209220e-02
-5.343347460524938697e-02
-4.833986613118668174e-02
-5.088667036821803435e-02
-5.343347460524938697e-02
-5.343347460524938697e-02
-6.107388731634344481e-02
-6.107388731634344481e-02
-5.343347460524938697e-02
-5.343347460524938697e-02
-4.833986613118668174e-02
-4.579306189415532913e-02
-5.343347460524938697e-02
-5.852708307931209220e-02
-5.852708307931209220e-02
-5.088667036821803435e-02
-5.343347460524938697e-02
-4.833986613118668174e-02
-4.833986613118668174e-02
-5.343347460524938697e-02
-5.852708307931209220e-02
-6.362069155337479742e-02
-5.088667036821803435e-02
-5.343347460524938697e-02
-4.579306189415532913e-02
-4.579306189415532913e-02
-5.343347460524938697e-02
-5.343347460524938697e-02
-6.107388731634344481e-02
-5.088667036821803435e-02
-5.343347460524938697e-02
-4.833986613118668174e-02
-5.088667036821803435e-02
-5.343347460524938697e-02
-6.107388731634344481e-02
-6.107388731634344481e-02
-5.343347460524938697e-02
-5.343347460524938697e-02
-5.088667036821803435e-02
-4.579306189415532913e-02
-5.343347460524938697e-02
-5.343347460524938697e-02
-5.852708307931209220e-02
-5.343347460524938697e-02
-5.343347460524938697e-02
-4.579306189415532913e-02
-4.833986613118668174e-02
-5.343347460524938697e-02
-5.343347460524938697e-02
-5.852708307931209220e-02
-5.088667036821803435e-02
-5.343347460524938697e-02
-4.833986613118668174e-02
-4.833986613118668174e-02
-5.088667036821803435e-02
-5.088667036821803435e-02
-5.343347460524938697e-02
-5.852708307931209220e-02
-5.598027884228073958e-02
-4.833986613118668174e-02
-4.579306189415532913e-02
-4.833986613118668174e-02
-5.343347460524938697e-02
-5.343347460524938697e-02
-5.852708307931209220e-02
-5.852708307931209220e-02
-5.343347460524938697e-02
-5.343347460524938697e-02
-4.579306189415532913e-02
-5.343347460524938697e-02
-6.107388731634344481e-02
-5.852708307931209220e-02
-5.343347460524938697e-02
-5.598027884228073958e-02
-4.833986613118668174e-02
-5.088667036821803435e-02
-4.579306189415532913e-02
-5.343347460524938697e-02
-5.852708307931209220e-02
-5.852708307931209220e-02
-5.343347460524938697e-02
-5.343347460524938697e-02
-5.088667036821803435e-02
-4.833986613118668174e-02
-5.343347460524938697e-02
-5.343347460524938697e-02
-5.852708307931209220e-02
-5.088667036821803435e-02
-5.343347460524938697e-02
-4.833986613118668174e-02
-5.088667036821803435e-02
-5.343347460524938697e-02
-5.088667036821803435e-02
-6.107388731634344481e-02
-5.343347460524938697e-02
-5.343347460524938697e-02
-4.833986613118668174e-02
-5.088667036821803435e-02
-5.343347460524938697e-02
-6.107388731634344481e-02
-5.343347460524938697e-02
-5.088667036821803435e-02
-4.833986613118668174e-02
-4.833986613118668174e-02
-5.088667036821803435e-02
-5.343347460524938697e-02
-5.852708307931209220e-02
-5.852708307931209220e-02
-5.088667036821803435e-02
-5.343347460524938697e-02
-4.833986613118668174e-02
-5.088667036821803435e-02
-5.343347460524938697e-02
-5.088667036821803435e-02
-5.852708307931209220e-02
-5.343347460524938697e-02
-5.343347460524938697e-02
-5.088667036821803435e-02
-5.088667036821803435e-02
-5.343347460524938697e-02
-5.088667036821803435e-02
-5.852708307931209220e-02
-5.852708307931209220e-02
-5.343347460524938697e-02
-5.343347460524938697e-02
-5.088667036821803435e-02
-4.579306189415532913e-02
-5.343347460524938697e-02
-5.088667036821803435e-02
-6.107388731634344481e-02
-5.852708307931209220e-02
-5.088667036821803435e-02
-4.579306189415532913e-02
-4.579306189415532913e-02
-5.343347460524938697e-02
-5.343347460524938697e-02
-5.852708307931209220e-02
-5.852708307931209220e-02
-5.343347460524938697e-02
-5.088667036821803435e-02
-5.088667036821803435e-02
-4.833986613118668174e-02
-5.343347460524938697e-02
-5.852708307931209220e-02
-6.107388731634344481e-02
-5.343347460524938697e-02
-4.833986613118668174e-02
-4.833986613118668174e-02
-5.343347460524938697e-02
-5.343347460524938697e-02
-6.107388731634344481e-02
-6.107388731634344481e-02
-5.343347460524938697e-02
-5.343347460524938697e-02
-4.833986613118668174e-02
-5.343347460524938697e-02
-5.343347460524938697e-02
-5.343347460524938697e-02
-6.107388731634344481e-02
-5.343347460524938697e-02
-5.088667036821803435e-02
-4.579306189415532913e-02
-4.833986613118668174e-02
-4.833986613118668174e-02
-5.088667036821803435e-02
-5.343347460524938697e-02
-5.852708307931209220e-02
-6.107388731634344481e-02
-5.343347460524938697e-02
-5.343347460524938697e-02
-4.833986613118668174e-02
-4.833986613118668174e-02
-5.343347460524938697e-02
-6.107388731634344481e-02
-6.107388731634344481e-02
-5.088667036821803435e-02
-5.343347460524938697e-02
-4.833986613118668174e-02
-4.833986613118668174e-02
-5.598027884228073958e-02
-6.107388731634344481e-02
-5.852708307931209220e-02
-5.343347460524938697e-02
-5.343347460524938697e-02
-4.833986613118668174e-02
-5.343347460524938697e-02
-5.088667036821803435e-02
-5.852708307931209220e-02
-6.107388731634344481e-02
-5.343347460524938697e-02
-4.579306189415532913e-02
-4.833986613118668174e-02
-5.343347460524938697e-02
-5.598027884228073958e-02
-5.088667036821803435e-02
-5.852708307931209220e-02
-5.598027884228073958e-02
-5.343347460524938697e-02
-4.579306189415532913e-02
-4.833986613118668174e-02
-5.088667036821803435e-02
-5.852708307931209220e-02
-5.852708307931209220e-02
-5.343347460524938697e-02
-5.343347460524938697e-02
-4.579306189415532913e-02
-4.833986613118668174e-02
-5.343347460524938697e-02
-5.852708307931209220e-02
-5.852708307931209220e-02
-6.107388731634344481e-02
-5.598027884228073958e-02
-5.343347460524938697e-02
-4.579306189415532913e-02
-4.833986613118668174e-02
-5.343347460524938697e-02
-5.088667036821803435e-02
-5.852708307931209220e-02
-5.343347460524938697e-02
-5.343347460524938697e-02
-4.833986613118668174e-02
-5.343347460524938697e-02
-5.343347460524938697e-02
-6.107388731634344481e-02
-6.107388731634344481e-02
-5.343347460524938697e-02
-4.579306189415532913e-02
-4.579306189415532913e-02
-5.088667036821803435e-02
-4.833986613118668174e-02
-5.343347460524938697e-02
-5.852708307931209220e-02
-5.852708307931209220e-02
-5.343347460524938697e-02
-5.343347460524938697e-02
-4.579306189415532913e-02
-4.833986613118668174e-02
-5.343347460524938697e-02
-5.343347460524938697e-02
-5.852708307931209220e-02
-5.343347460524938697e-02
-5.343347460524938697e-02
-4.833986613118668174e-02
-4.579306189415532913e-02
-5.343347460524938697e-02
-6.107388731634344481e-02
-6.107388731634344481e-02
-5.343347460524938697e-02
-5.343347460524938697e-02
-4.579306189415532913e-02
-4.833986613118668174e-02
-5.343347460524938697e-02
-5.852708307931209220e-02
-6.107388731634344481e-02
-5.343347460524938697e-02
-5.598027884228073958e-02
-4.833986613118668174e-02
-5.088667036821803435e-02
-5.343347460524938697e-02
-5.343347460524938697e-02
-5.852708307931209220e-02
-5.852708307931209220e-02
-5.343347460524938697e-02
-4.579306189415532913e-02
-4.833986613118668174e-02
-5.088667036821803435e-02
-6.107388731634344481e-02
-6.107388731634344481e-02
-5.852708307931209220e-02
-5.343347460524938697e-02
-5.343347460524938697e-02
-4.833986613118668174e-02
-5.088667036821803435e-02
-5.343347460524938697e-02
-5.852708307931209220e-02
-6.107388731634344481e-02
-5.088667036821803435e-02
-5.088667036821803435e-02
-4.833986613118668174e-02
-4.579306189415532913e-02
-5.343347460524938697e-02
-5.343347460524938697e-02
-5.852708307931209220e-02
-5.343347460524938697e-02
-5.343347460524938697e-02
-4.833986613118668174e-02
-4.833986613118668174e-02
-5.343347460524938697e-02
-5.343347460524938697e-02
-5.852708307931209220e-02
-5.852708307931209220e-02
-5.343347460524938697e-02
-5.343347460524938697e-02
-4.579306189415532913e-02
-5.088667036821803435e-02
-5.343347460524938697e-02
-6.107388731634344481e-02
-5.088667036821803435e-02
-5.343347460524938697e-02
-4.579306189415532913e-02
-4.833986613118668174e-02
-5.088667036821803435e-02
-5.343347460524938697e-02
-5.852708307931209220e-02
-5.088667036821803435e-02
-5.343347460524938697e-02
-5.343347460524938697e-02
-4.833986613118668174e-02
-5.343347460524938697e-02
-5.088667036821803435e-02
-5.852708307931209220e-02
-5.852708307931209220e-02
-5.343347460524938697e-02
-4.579306189415532913e-02
-4.833986613118668174e-02
-4.833986613118668174e-02
-5.343347460524938697e-02
-5.343347460524938697e-02
-6.107388731634344481e-02
-5.852708307931209220e-02
-5.343347460524938697e-02
-4.579306189415532913e-02
-4.833986613118668174e-02
-5.343347460524938697e-02
-5.343347460524938697e-02
-5.852708307931209220e-02
-5.852708307931209220e-02
-5.088667036821803435e-02
-4.833986613118668174e-02
-5.343347460524938697e-02
-5.343347460524938697e-02
-5.852708307931209220e-02
-6.107388731634344481e-02
-5.343347460524938697e-02
-5.343347460524938697e-02
-4.579306189415532913e-02
-5.088667036821803435e-02
-5.088667036821803435e-02
-5.852708307931209220e-02
-6.107388731634344481e-02
-5.343347460524938697e-02
-4.579306189415532913e-02
-4.833986613118668174e-02
-4.833986613118668174e-02
-5.088667036821803435e-02
-6.107388731634344481e-02
-6.107388731634344481e-02
-5.343347460524938697e-02
-5.343347460524938697e-02
-4.833986613118668174e-02
-5.088667036821803435e-02
-5.343347460524938697e-02
-6.107388731634344481e-02
-6.107388731634344481e-02
-5.598027884228073958e-02
-5.343347460524938697e-02
-4.579306189415532913e-02
-4.579306189415532913e-02
-5.343347460524938697e-02
-5.598027884228073958e-02
-5.852708307931209220e-02
-5.852708307931209220e-02
-5.088667036821803435e-02
-5.343347460524938697e-02
-4.833986613118668174e-02
-5.088667036821803435e-02
-5.343347460524938697e-02
-5.343347460524938697e-02
-5.852708307931209220e-02
-5.343347460524938697e-02
-5.088667036821803435e-02
-4.833986613118668174e-02
-4.579306189415532913e-02
-5.343347460524938697e-02
-6.107388731634344481e-02
-5.852708307931209220e-02
-5.088667036821803435e-02
-5.343347460524938697e-02
-4.833986613118668174e-02
-4.833986613118668174e-02
-4.579306189415532913e-02
-5.343347460524938697e-02
-6.107388731634344481e-02
-5.343347460524938697e-02
-5.343347460524938697e-02
-4.833986613118668174e-02
-4.579306189415532913e-02
-4.833986613118668174e-02
-5.343347460524938697e-02
-5.343347460524938697e-02
-5.852708307931209220e-02
-6.107388731634344481e-02
-5.343347460524938697e-02
-5.088667036821803435e-02
-4.833986613118668174e-02
-5.343347460524938697e-02
-5.343347460524938697e-02
-5.852708307931209220e-02
-5.852708307931209220e-02
-5.343347460524938697e-02
-5.088667036821803435e-02
-4.833986613118668174e-02
-4.579306189415532913e-02
-5.343347460524938697e-02
-5.852708307931209220e-02
-6.107388731634344481e-02
-5.343347460524938697e-02
-5.088667036821803435e-02
-4.833986613118668174e-02
-4.579306189415532913e-02
-5.343347460524938697e-02
-5.088667036821803435e-02
-5.852708307931209220e-02
-5.852708307931209220e-02
-5.088667036821803435e-02
-4.579306189415532913e-02
-4.579306189415532913e-02
-5.343347460524938697e-02
-6.107388731634344481e-02
-5.852708307931209220e-02
-5.852708307931209220e-02
-5.343347460524938697e-02
-4.833986613118668174e-02
-5.088667036821803435e-02
-5.343347460524938697e-02
-5.088667036821803435e-02
-5.088667036821803435e-02
-5.852708307931209220e-02
-5.343347460524938697e-02
-4.833986613118668174e-02
-4.833986613118668174e-02
-5.343347460524938697e-02
-5.343347460524938697e-02
-5.852708307931209220e-02
-5.852708307931209220e-02
-5.598027884228073958e-02
-4.833986613118668174e-02
-4.579306189415532913e-02
-4.833986613118668174e-02
-5.343347460524938697e-02
-5.343347460524938697e-02
-5.852708307931209220e-02
-6.107388731634344481e-02
-5.088667036821803435e-02
-5.343347460524938697e-02
-4.579306189415532913e-02
-5.088667036821803435e-02
-5.343347460524938697e-02
-5.852708307931209220e-02
-6.107388731634344481e-02
-5.343347460524938697e-02
-5.088667036821803435e-02
-4.833986613118668174e-02
-5.343347460524938697e-02
-5.088667036821803435e-02
-5.852708307931209220e-02
-5.343347460524938697e-02
-5.343347460524938697e-02
-4.579306189415532913e-02
-4.579306189415532913e-02
-5.088667036821803435e-02
-5.343347460524938697e-02
-5.852708307931209220e-02
-5.598027884228073958e-02
-5.343347460524938697e-02
-5.088667036821803435e-02
-4.833986613118668174e-02
-5.088667036821803435e-02
-5.343347460524938697e-02
-6.107388731634344481e-02
-5.598027884228073958e-02
-5.343347460524938697e-02
-5.343347460524938697e-02
-4.833986613118668174e-02
-4.579306189415532913e-02
-5.343347460524938697e-02
-5.852708307931209220e-02
-5.852708307931209220e-02
-5.343347460524938697e-02
-5.343347460524938697e-02
-5.088667036821803435e-02
-4.579306189415532913e-02
-5.343347460524938697e-02
-5.088667036821803435e-02
-6.107388731634344481e-02
-6.107388731634344481e-02
-5.088667036821803435e-02
-4.579306189415532913e-02
-5.343347460524938697e-02
-5.343347460524938697e-02
-5.343347460524938697e-02
-5.852708307931209220e-02
-5.088667036821803435e-02
-5.343347460524938697e-02
-4.833986613118668174e-02
-4.579306189415532913e-02
-5.343347460524938697e-02
-5.088667036821803435e-02
-5.852708307931209220e-02
-5.852708307931209220e-02
-5.598027884228073958e-02
-4.833986613118668174e-02
-4.579306189415532913e-02
-4.579306189415532913e-02
-5.343347460524938697e-02
-6.107388731634344481e-02
-5.852708307931209220e-02
-5.598027884228073958e-02
-5.343347460524938697e-02
-4.833986613118668174e-02
-4.579306189415532913e-02
-5.343347460524938697e-02
-6.107388731634344481e-02
-6.107388731634344481e-02
-5.343347460524938697e-02
-5.088667036821803435e-02
-4.579306189415532913e-02
-4.833986613118668174e-02
-5.343347460524938697e-02
-5.343347460524938697e-02
-5.852708307931209220e-02
-5.852708307931209220e-02
-5.343347460524938697e-02
-4.579306189415532913e-02
-4.833986613118668174e-02
-5.088667036821803435e-02
-5.343347460524938697e-02
-6.107388731634344481e-02
-5.852708307931209220e-02
-5.343347460524938697e-02
-5.343347460524938697e-02
-4.579306189415532913e-02
-4.579306189415532913e-02
-5.088667036821803435e-02
-6.107388731634344481e-02
-6.107388731634344481e-02
-5.343347460524938697e-02
-5.598027884228073958e-02
-4.833986613118668174e-02
-4.579306189415532913e-02
-5.088667036821803435e-02
-5.088667036821803435e-02
-5.088667036821803435e-02
-5.852708307931209220e-02
-6.107388731634344481e-02
-5.343347460524938697e-02
-4.579306189415532913e-02
-4.833986613118668174e-02
-5.343347460524938697e-02
-5.343347460524938697e-02
-5.852708307931209220e-02
-5.852708307931209220e-02
-5.088667036821803435e-02
-4.833986613118668174e-02
-4.833986613118668174e-02
-5.088667036821803435e-02
-5.343347460524938697e-02
-6.107388731634344481e-02
-5.852708307931209220e-02
-5.343347460524938697e-02
-4.833986613118668174e-02
-4.833986613118668174e-02
-5.343347460524938697e-02
-5.088667036821803435e-02
-6.107388731634344481e-02
-5.343347460524938697e-02
-5.343347460524938697e-02
-4.833986613118668174e-02
-5.343347460524938697e-02
-5.088667036821803435e-02
-5.852708307931209220e-02
-6.107388731634344481e-02
-5.343347460524938697e-02
-5.088667036821803435e-02
-4.833986613118668174e-02
-4.833986613118668174e-02
-5.343347460524938697e-02
-6.107388731634344481e-02
-5.852708307931209220e-02
-6.107388731634344481e-02
-5.343347460524938697e-02
-4.833986613118668174e-02
-5.343347460524938697e-02
-4.833986613118668174e-02
-5.852708307931209220e-02
-6.107388731634344481e-02
-5.343347460524938697e-02
-5.343347460524938697e-02
-4.833986613118668174e-02
-4.579306189415532913e-02
-5.343347460524938697e-02
-6.107388731634344481e-02
-5.852708307931209220e-02
-5.852708307931209220e-02
-5.343347460524938697e-02
-5.343347460524938697e-02
-4.833986613118668174e-02
-4.833986613118668174e-02
-5.343347460524938697e-02
-5.343347460524938697e-02
-5.852708307931209220e-02
-5.343347460524938697e-02
-5.088667036821803435e-02
-4.833986613118668174e-02
-5.088667036821803435e-02
-5.088667036821803435e-02
-5.343347460524938697e-02
-5.852708307931209220e-02
-5.852708307931209220e-02
-5.343347460524938697e-02
-5.343347460524938697e-02
-4.579306189415532913e-02
-5.343347460524938697e-02
-5.343347460524938697e-02
-6.107388731634344481e-02
-5.852708307931209220e-02
-5.088667036821803435e-02
-5.343347460524938697e-02
-5.088667036821803435e-02
-5.088667036821803435e-02
-5.343347460524938697e-02
-5.852708307931209220e-02
-6.107388731634344481e-02
-5.088667036821803435e-02
-5.343347460524938697e-02
-4.579306189415532913e-02
-5.088667036821803435e-02
-5.343347460524938697e-02
-5.343347460524938697e-02
-5.088667036821803435e-02
-5.343347460524938697e-02
-5.088667036821803435e-02
-4.833986613118668174e-02
-5.088667036821803435e-02
-5.598027884228073958e-02
-6.107388731634344481e-02
-5.598027884228073958e-02
-5.852708307931209220e-02
-5.088667036821803435e-02
-4.833986613118668174e-02
-4.833986613118668174e-02
-5.088667036821803435e-02
-5.343347460524938697e-02
-6.107388731634344481e-02
-5.343347460524938697e-02
-5.343347460524938697e-02
-4.579306189415532913e-02
-4.579306189415532913e-02
-5.343347460524938697e-02
-6.107388731634344481e-02
-5.852708307931209220e-02
-5.343347460524938697e-02
-5.343347460524938697e-02
-4.579306189415532913e-02
-5.343347460524938697e-02
-5.088667036821803435e-02
-5.598027884228073958e-02
-5.852708307931209220e-02
-5.598027884228073958e-02
-5.343347460524938697e-02
-4.579306189415532913e-02
-5.088667036821803435e-02
-5.343347460524938697e-02
-5.343347460524938697e-02
-5.852708307931209220e-02
-5.852708307931209220e-02
-5.088667036821803435e-02
-4.579306189415532913e-02
-4.833986613118668174e-02
-5.088667036821803435e-02
-5.088667036821803435e-02
-6.107388731634344481e-02
-5.852708307931209220e-02
-5.343347460524938697e-02
-5.343347460524938697e-02
-4.833986613118668174e-02
-4.579306189415532913e-02
-5.343347460524938697e-02
-5.852708307931209220e-02
-5.852708307931209220e-02
-5.343347460524938697e-02
-4.833986613118668174e-02
-4.833986613118668174e-02
-5.343347460524938697e-02
-5.343347460524938697e-02
-6.107388731634344481e-02
-6.107388731634344481e-02
-5.343347460524938697e-02
-5.088667036821803435e-02
-4.833986613118668174e-02
-5.343347460524938697e-02
-5.088667036821803435e-02
-5.343347460524938697e-02
-5.852708307931209220e-02
-5.343347460524938697e-02
-5.088667036821803435e-02
-4.579306189415532913e-02
-4.579306189415532913e-02
-5.343347460524938697e-02
-5.343347460524938697e-02
-5.852708307931209220e-02
-5.598027884228073958e-02
-5.088667036821803435e-02
-5.088667036821803435e-02
-4.833986613118668174e-02
-5.343347460524938697e-02
-5.088667036821803435e-02
-5.852708307931209220e-02
-6.107388731634344481e-02
-5.343347460524938697e-02
-5.088667036821803435e-02
-4.833986613118668174e-02
-4.579306189415532913e-02
-5.598027884228073958e-02
-5.343347460524938697e-02
-5.852708307931209220e-02
-5.343347460524938697e-02
-5.088667036821803435e-02
-5.088667036821803435e-02
-5.088667036821803435e-02
-5.343347460524938697e-02
-5.343347460524938697e-02
-5.852708307931209220e-02
-5.343347460524938697e-02
-5.343347460524938697e-02
-4.833986613118668174e-02
-4.579306189415532913e-02
-4.833986613118668174e-02
-5.343347460524938697e-02
-5.343347460524938697e-02
-5.852708307931209220e-02
-6.107388731634344481e-02
-5.088667036821803435e-02
-4.579306189415532913e-02
-5.343347460524938697e-02
-5.343347460524938697e-02
-5.852708307931209220e-02
-6.107388731634344481e-02
-5.343347460524938697e-02
-5.343347460524938697e-02
-4.579306189415532913e-02
-4.579306189415532913e-02
-5.088667036821803435e-02
-5.088667036821803435e-02
-5.852708307931209220e-02
-5.343347460524938697e-02
-5.088667036821803435e-02
-4.579306189415532913e-02
-4.579306189415532913e-02
-5.343347460524938697e-02
-5.088667036821803435e-02
-6.107388731634344481e-02
-5.343347460524938697e-02
-5.088667036821803435e-02
-4.579306189415532913e-02
-4.579306189415532913e-02
-5.343347460524938697e-02
-5.343347460524938697e-02
-6.107388731634344481e-02
-5.852708307931209220e-02
-5.088667036821803435e-02
-5.343347460524938697e-02
-4.833986613118668174e-02
-4.833986613118668174e-02
-5.343347460524938697e-02
-5.343347460524938697e-02
-5.852708307931209220e-02
-6.107388731634344481e-02
-5.088667036821803435e-02
-5.088667036821803435e-02
-4.833986613118668174e-02
-5.343347460524938697e-02
-5.088667036821803435e-02
-6.107388731634344481e-02
-5.852708307931209220e-02
-5.343347460524938697e-02
-5.088667036821803435e-02
-4.579306189415532913e-02
-5.343347460524938697e-02
-5.343347460524938697e-02
-5.852708307931209220e-02
-5.852708307931209220e-02
-5.343347460524938697e-02
-5.343347460524938697e-02
-4.579306189415532913e-02
-4.833986613118668174e-02
-5.088667036821803435e-02
-5.343347460524938697e-02
-5.852708307931209220e-02
-5.088667036821803435e-02
-4.833986613118668174e-02
-4.579306189415532913e-02
-5.343347460524938697e-02
-5.343347460524938697e-02
-6.107388731634344481e-02
-5.852708307931209220e-02
-5.343347460524938697e-02
-5.343347460524938697e-02
-4.833986613118668174e-02
-4.579306189415532913e-02
-5.343347460524938697e-02
-5.852708307931209220e-02
-5.852708307931209220e-02
-5.343347460524938697e-02
-5.088667036821803435e-02
-4.579306189415532913e-02
-4.579306189415532913e-02
-5.343347460524938697e-02
-6.107388731634344481e-02
-5.852708307931209220e-02
-5.598027884228073958e-02
-5.343347460524938697e-02
-5.088667036821803435e-02
-4.833986613118668174e-02
-5.343347460524938697e-02
-5.852708307931209220e-02
-5.852708307931209220e-02
-5.343347460524938697e-02
-5.088667036821803435e-02
-4.833986613118668174e-02
-4.579306189415532913e-02
-4.579306189415532913e-02
-5.343347460524938697e-02
-6.107388731634344481e-02
-6.107388731634344481e-02
-5.343347460524938697e-02
-5.343347460524938697e-02
-4.833986613118668174e-02
-4.833986613118668174e-02
-5.343347460524938697e-02
-6.107388731634344481e-02
-5.343347460524938697e-02
-5.088667036821803435e-02
-4.833986613118668174e-02
-4.833986613118668174e-02
-5.088667036821803435e-02
-5.343347460524938697e-02
-6.107388731634344481e-02
-5.852708307931209220e-02
-5.598027884228073958e-02
-5.343347460524938697e-02
-4.579306189415532913e-02
-4.579306189415532913e-02
-5.088667036821803435e-02
-5.343347460524938697e-02
-5.852708307931209220e-02
-6.107388731634344481e-02
-5.343347460524938697e-02
-5.343347460524938697e-02
-4.833986613118668174e-02
-4.579306189415532913e-02
-5.343347460524938697e-02
-6.107388731634344481e-02
-5.852708307931209220e-02
-5.088667036821803435e-02
-5.343347460524938697e-02
-4.579306189415532913e-02
-4.579306189415532913e-02
-5.343347460524938697e-02
-5.343347460524938697e-02
-5.852708307931209220e-02
-5.343347460524938697e-02
-5.343347460524938697e-02
-4.833986613118668174e-02
-4.579306189415532913e-02
-5.343347460524938697e-02
-5.343347460524938697e-02
-5.852708307931209220e-02
-5.343347460524938697e-02
-5.343347460524938697e-02
-4.833986613118668174e-02
-4.579306189415532913e-02
-4.579306189415532913e-02
-5.343347460524938697e-02
-5.343347460524938697e-02
-5.852708307931209220e-02
-5.343347460524938697e-02
-5.088667036821803435e-02
-4.579306189415532913e-02
-4.833986613118668174e-02
-5.088667036821803435e-02
-5.852708307931209220e-02
-5.852708307931209220e-02
-5.088667036821803435e-02
-5.088667036821803435e-02
-5.343347460524938697e-02
-4.833986613118668174e-02
-5.343347460524938697e-02
-5.343347460524938697e-02
-6.107388731634344481e-02
-5.852708307931209220e-02
-5.343347460524938697e-02
-4.833986613118668174e-02
-4.579306189415532913e-02
-5.088667036821803435e-02
-5.343347460524938697e-02
-5.852708307931209220e-02
-5.852708307931209220e-02
-5.343347460524938697e-02
-5.343347460524938697e-02
-4.579306189415532913e-02
-4.579306189415532913e-02
-5.343347460524938697e-02
-6.107388731634344481e-02
-5.852708307931209220e-02
-5.343347460524938697e-02
-5.343347460524938697e-02
-4.833986613118668174e-02
-5.343347460524938697e-02
-5.343347460524938697e-02
-5.343347460524938697e-02
-5.852708307931209220e-02
-5.852708307931209220e-02
-5.343347460524938697e-02
-4.833986613118668174e-02
-4.579306189415532913e-02
-5.343347460524938697e-02
-5.343347460524938697e-02
-6.107388731634344481e-02
-5.343347460524938697e-02
-5.343347460524938697e-02
-5.343347460524938697e-02
-4.579306189415532913e-02
-4.833986613118668174e-02
-5.088667036821803435e-02
-5.088667036821803435e-02
-5.852708307931209220e-02
-5.343347460524938697e-02
-5.343347460524938697e-02
-4.833986613118668174e-02
-4.579306189415532913e-02
-5.343347460524938697e-02
-5.343347460524938697e-02
-5.852708307931209220e-02
-6.107388731634344481e-02
-5.343347460524938697e-02
-4.833986613118668174e-02
-4.833986613118668174e-02
-5.088667036821803435e-02
-5.343347460524938697e-02
-5.598027884228073958e-02
-6.107388731634344481e-02
-5.088667036821803435e-02
-4.833986613118668174e-02
-5.343347460524938697e-02
-5.343347460524938697e-02
-5.088667036821803435e-02
-5.852708307931209220e-02
-5.852708307931209220e-02
-5.343347460524938697e-02
-4.579306189415532913e-02
-4.833986613118668174e-02
-5.088667036821803435e-02
-5.343347460524938697e-02
-5.852708307931209220e-02
-5.852708307931209220e-02
-5.343347460524938697e-02
-5.343347460524938697e-02
-4.579306189415532913e-02
-5.088667036821803435e-02
-5.088667036821803435e-02
-5.343347460524938697e-02
-5.852708307931209220e-02
-5.343347460524938697e-02
-5.088667036821803435e-02
-4.833986613118668174e-02
-4.579306189415532913e-02
-5.343347460524938697e-02
-5.343347460524938697e-02
-5.088667036821803435e-02
-5.088667036821803435e-02
-5.343347460524938697e-02
-5.343347460524938697e-02
-4.579306189415532913e-02
-5.088667036821803435e-02
-5.343347460524938697e-02
-5.852708307931209220e-02
-5.852708307931209220e-02
-5.343347460524938697e-02
-5.598027884228073958e-02
-4.579306189415532913e-02
-4.833986613118668174e-02
-5.088667036821803435e-02
-5.343347460524938697e-02
-6.107388731634344481e-02
-5.343347460524938697e-02
-5.088667036821803435e-02
-4.579306189415532913e-02
-4.833986613118668174e-02
-5.343347460524938697e-02
-5.343347460524938697e-02
-5.852708307931209220e-02
-5.852708307931209220e-02
-5.088667036821803435e-02
-5.343347460524938697e-02
-4.579306189415532913e-02
-5.343347460524938697e-02
-5.343347460524938697e-02
-5.598027884228073958e-02
-5.598027884228073958e-02
-5.343347460524938697e-02
-4.833986613118668174e-02
-4.579306189415532913e-02
-4.579306189415532913e-02
-5.088667036821803435e-02
-5.343347460524938697e-02
-6.107388731634344481e-02
-5.852708307931209220e-02
-5.343347460524938697e-02
-5.343347460524938697e-02
-4.579306189415532913e-02
-4.833986613118668174e-02
-5.088667036821803435e-02
-5.343347460524938697e-02
-5.852708307931209220e-02
-5.343347460524938697e-02
-5.343347460524938697e-02
-4.579306189415532913e-02
-4.833986613118668174e-02
-5.088667036821803435e-02
-5.343347460524938697e-02
-5.852708307931209220e-02
-5.852708307931209220e-02
-5.088667036821803435e-02
-5.343347460524938697e-02
-4.833986613118668174e-02
-5.343347460524938697e-02
-6.107388731634344481e-02
-5.852708307931209220e-02
-5.088667036821803435e-02
-5.598027884228073958e-02
-4.833986613118668174e-02
-4.579306189415532913e-02
-5.343347460524938697e-02
-5.088667036821803435e-02
-5.852708307931209220e-02
-5.852708307931209220e-02
-5.343347460524938697e-02
-5.343347460524938697e-02
-4.833986613118668174e-02
-5.343347460524938697e-02
-5.343347460524938697e-02
-5.088667036821803435e-02
-5.852708307931209220e-02
-5.852708307931209220e-02
-5.343347460524938697e-02
-5.088667036821803435e-02
-4.833986613118668174e-02
-4.833986613118668174e-02
-5.088667036821803435e-02
-5.852708307931209220e-02
-5.852708307931209220e-02
-5.088667036821803435e-02
-5.343347460524938697e-02
-4.579306189415532913e-02
-4.833986613118668174e-02
-5.088667036821803435e-02
-5.343347460524938697e-02
-5.852708307931209220e-02
-5.852708307931209220e-02
-5.088667036821803435e-02
-5.088667036821803435e-02
-4.579306189415532913e-02
-5.343347460524938697e-02
-5.088667036821803435e-02
-5.852708307931209220e-02
-5.598027884228073958e-02
-5.343347460524938697e-02
-5.343347460524938697e-02
-4.579306189415532913e-02
-4.579306189415532913e-02
-5.088667036821803435e-02
-5.343347460524938697e-02
-5.343347460524938697e-02
-5.852708307931209220e-02
-5.852708307931209220e-02
-5.088667036821803435e-02
-4.833986613118668174e-02
-4.579306189415532913e-02
-5.343347460524938697e-02
-5.343347460524938697e-02
-5.852708307931209220e-02
-5.598027884228073958e-02
-5.088667036821803435e-02
-4.833986613118668174e-02
-4.579306189415532913e-02
-5.343347460524938697e-02
-5.343347460524938697e-02
-5.852708307931209220e-02
-5.598027884228073958e-02
-5.088667036821803435e-02
-5.088667036821803435e-02
-4.579306189415532913e-02
-5.088667036821803435e-02
-5.088667036821803435e-02
-5.852708307931209220e-02
-5.598027884228073958e-02
-5.343347460524938697e-02
-5.088667036821803435e-02
-4.579306189415532913e-02
-4.579306189415532913e-02
-5.343347460524938697e-02
-5.852708307931209220e-02
-5.852708307931209220e-02
-5.343347460524938697e-02
-5.343347460524938697e-02
-4.579306189415532913e-02
-4.324625765712397651e-02
-5.343347460524938697e-02
-6.107388731634344481e-02
-5.852708307931209220e-02
-5.343347460524938697e-02
-5.088667036821803435e-02
-4.579306189415532913e-02
-4.833986613118668174e-02
-5.343347460524938697e-02
-5.088667036821803435e-02
-5.852708307931209220e-02
-5.343347460524938697e-02
-5.343347460524938697e-02
-5.088667036821803435e-02
-4.579306189415532913e-02
-5.343347460524938697e-02
-5.088667036821803435e-02
-5.852708307931209220e-02
-5.852708307931209220e-02
-5.343347460524938697e-02
-5.088667036821803435e-02
-4.833986613118668174e-02
-4.579306189415532913e-02
-4.833986613118668174e-02
-5.343347460524938697e-02
-5.343347460524938697e-02
-5.852708307931209220e-02
-5.852708307931209220e-02
-5.343347460524938697e-02
-4.579306189415532913e-02
-4.833986613118668174e-02
-5.343347460524938697e-02
-5.088667036821803435e-02
-5.852708307931209220e-02
-5.852708307931209220e-02
-5.343347460524938697e-02
-5.343347460524938697e-02
-4.579306189415532913e-02
-4.579306189415532913e-02
-5.343347460524938697e-02
-6.107388731634344481e-02
-5.852708307931209220e-02
-5.088667036821803435e-02
-4.833986613118668174e-02
-4.579306189415532913e-02
-5.088667036821803435e-02
-5.088667036821803435e-02
-5.343347460524938697e-02
-5.852708307931209220e-02
-5.852708307931209220e-02
-5.343347460524938697e-02
-5.343347460524938697e-02
-4.579306189415532913e-02
-5.088667036821803435e-02
-5.088667036821803435e-02
-5.852708307931209220e-02
-5.598027884228073958e-02
-5.088667036821803435e-02
-4.833986613118668174e-02
-4.833986613118668174e-02
-5.343347460524938697e-02
-5.088667036821803435e-02
-5.852708307931209220e-02
-5.852708307931209220e-02
-5.343347460524938697e-02
-5.088667036821803435e-02
-4.579306189415532913e-02
-5.088667036821803435e-02
-5.088667036821803435e-02
-5.343347460524938697e-02
-5.852708307931209220e-02
-5.088667036821803435e-02
-5.088667036821803435e-02
-4.579306189415532913e-02
-4.579306189415532913e-02
-5.343347460524938697e-02
-5.088667036821803435e-02
-5.852708307931209220e-02
-5.343347460524938697e-02
-5.343347460524938697e-02
-5.088667036821803435e-02
-4.579306189415532913e-02
-5.343347460524938697e-02
-5.343347460524938697e-02
-5.852708307931209220e-02
-6.107388731634344481e-02
-5.343347460524938697e-02
-5.088667036821803435e-02
-4.579306189415532913e-02
-4.579306189415532913e-02
-5.343347460524938697e-02
-5.088667036821803435e-02
-5.852708307931209220e-02
-6.107388731634344481e-02
-5.343347460524938697e-02
-5.088667036821803435e-02
-4.579306189415532913e-02
-4.833986613118668174e-02
-5.088667036821803435e-02
-5.088667036821803435e-02
-5.852708307931209220e-02
-5.852708307931209220e-02
-5.088667036821803435e-02
-5.598027884228073958e-02
-4.579306189415532913e-02
-5.088667036821803435e-02
-5.088667036821803435e-02
-5.852708307931209220e-02
-5.343347460524938697e-02
-5.343347460524938697e-02
-4.833986613118668174e-02
-4.579306189415532913e-02
-5.088667036821803435e-02
-5.088667036821803435e-02
-5.852708307931209220e-02
-5.852708307931209220e-02
-5.088667036821803435e-02
-5.088667036821803435e-02
-4.833986613118668174e-02
-5.343347460524938697e-02
-5.088667036821803435e-02
-5.088667036821803435e-02
-5.852708307931209220e-02
-5.852708307931209220e-02
-5.343347460524938697e-02
-5.343347460524938697e-02
-4.579306189415532913e-02
-5.088667036821803435e-02
-5.088667036821803435e-02
-5.852708307931209220e-02
-5.852708307931209220e-02
-5.088667036821803435e-02
-5.343347460524938697e-02
-4.833986613118668174e-02
-5.343347460524938697e-02
-5.343347460524938697e-02
-6.107388731634344481e-02
-5.598027884228073958e-02
-5.343347460524938697e-02
-5.343347460524938697e-02
-4.833986613118668174e-02
-4.579306189415532913e-02
-5.343347460524938697e-02
-5.343347460524938697e-02
-6.107388731634344481e-02
-5.852708307931209220e-02
-5.343347460524938697e-02
-5.088667036821803435e-02
-5.343347460524938697e-02
-4.833986613118668174e-02
-5.343347460524938697e-02
-5.343347460524938697e-02
-5.852708307931209220e-02
-5.852708307931209220e-02
-5.343347460524938697e-02
-5.343347460524938697e-02
-4.579306189415532913e-02
-5.088667036821803435e-02
-5.088667036821803435e-02
-6.107388731634344481e-02
-5.598027884228073958e-02
-5.088667036821803435e-02
-5.088667036821803435e-02
-4.833986613118668174e-02
-5.343347460524938697e-02
-5.343347460524938697e-02
-5.343347460524938697e-02
-5.852708307931209220e-02
-5.852708307931209220e-02
-5.088667036821803435e-02
-5.343347460524938697e-02
-4.579306189415532913e-02
-5.343347460524938697e-02
-5.343347460524938697e-02
-5.852708307931209220e-02
-5.343347460524938697e-02
-5.343347460524938697e-02
-4.833986613118668174e-02
-4.579306189415532913e-02
-5.343347460524938697e-02
-5.343347460524938697e-02
-6.107388731634344481e-02
-5.852708307931209220e-02
-5.343347460524938697e-02
-4.833986613118668174e-02
-4.579306189415532913e-02
-5.343347460524938697e-02
-5.343347460524938697e-02
-5.852708307931209220e-02
-5.343347460524938697e-02
-5.088667036821803435e-02
-4.579306189415532913e-02
-4.833986613118668174e-02
-5.343347460524938697e-02
-5.343347460524938697e-02
-5.088667036821803435e-02
-5.852708307931209220e-02
-5.343347460524938697e-02
-5.343347460524938697e-02
-5.088667036821803435e-02
-5.088667036821803435e-02
-5.343347460524938697e-02
-6.107388731634344481e-02
-5.852708307931209220e-02
-5.852708307931209220e-02
-5.343347460524938697e-02
-4.833986613118668174e-02
-4.833986613118668174e-02
-4.833986613118668174e-02
-5.343347460524938697e-02
-5.343347460524938697e-02
-5.852708307931209220e-02
-5.852708307931209220e-02
-5.088667036821803435e-02
-4.833986613118668174e-02
-5.598027884228073958e-02
-5.343347460524938697e-02
-6.362069155337479742e-02
-5.852708307931209220e-02
-5.343347460524938697e-02
-5.343347460524938697e-02
-4.579306189415532913e-02
-4.579306189415532913e-02
-5.343347460524938697e-02
-5.343347460524938697e-02
-6.107388731634344481e-02
-6.107388731634344481e-02
-5.343347460524938697e-02
-4.579306189415532913e-02
-4.579306189415532913e-02
-4.579306189415532913e-02
-5.343347460524938697e-02
-5.343347460524938697e-02
-5.852708307931209220e-02
-5.852708307931209220e-02
-5.088667036821803435e-02
-5.088667036821803435e-02
-4.579306189415532913e-02
-4.579306189415532913e-02
-5.343347460524938697e-02
-5.852708307931209220e-02
-5.852708307931209220e-02
-5.343347460524938697e-02
-5.088667036821803435e-02
-4.579306189415532913e-02
-4.833986613118668174e-02
-5.343347460524938697e-02
-5.343347460524938697e-02
-6.107388731634344481e-02
-5.343347460524938697e-02
-4.833986613118668174e-02
-4.833986613118668174e-02
-4.579306189415532913e-02
-5.088667036821803435e-02
-5.343347460524938697e-02
-5.852708307931209220e-02
-5.343347460524938697e-02
-5.088667036821803435e-02
-4.579306189415532913e-02
-5.088667036821803435e-02
-5.343347460524938697e-02
-6.107388731634344481e-02
-5.852708307931209220e-02
-5.343347460524938697e-02
-5.343347460524938697e-02
-4.579306189415532913e-02
-4.579306189415532913e-02
-5.088667036821803435e-02
-5.852708307931209220e-02
-5.852708307931209220e-02
-5.852708307931209220e-02
-5.343347460524938697e-02
-5.343347460524938697e-02
-4.579306189415532913e-02
-4.833986613118668174e-02
-5.343347460524938697e-02
-5.088667036821803435e-02
-5.852708307931209220e-02
-5.852708307931209220e-02
-5.343347460524938697e-02
-5.343347460524938697e-02
-4.579306189415532913e-02
-4.833986613118668174e-02
-5.343347460524938697e-02
-5.343347460524938697e-02
-5.852708307931209220e-02
-6.107388731634344481e-02
-5.088667036821803435e-02
-5.343347460524938697e-02
-4.579306189415532913e-02
-5.343347460524938697e-02
-5.088667036821803435e-02
-6.107388731634344481e-02
-5.088667036821803435e-02
-5.343347460524938697e-02
-4.833986613118668174e-02
-4.579306189415532913e-02
-5.088667036821803435e-02
-5.343347460524938697e-02
-5.852708307931209220e-02
-5.852708307931209220e-02
-5.343347460524938697e-02
-4.579306189415532913e-02
-4.579306189415532913e-02
-5.088667036821803435e-02
-5.343347460524938697e-02
-5.852708307931209220e-02
-5.852708307931209220e-02
-5.598027884228073958e-02
-5.343347460524938697e-02
-4.579306189415532913e-02
-5.343347460524938697e-02
-5.343347460524938697e-02
-5.852708307931209220e-02
-5.343347460524938697e-02
-5.343347460524938697e-02
-5.598027884228073958e-02
-5.343347460524938697e-02
-4.833986613118668174e-02
-5.343347460524938697e-02
-5.088667036821803435e-02
-5.852708307931209220e-02
-5.598027884228073958e-02
-5.343347460524938697e-02
-5.088667036821803435e-02
-4.833986613118668174e-02
-4.833986613118668174e-02
-5.343347460524938697e-02
-5.343347460524938697e-02
-5.852708307931209220e-02
-5.343347460524938697e-02
-5.088667036821803435e-02
-4.579306189415532913e-02
-5.343347460524938697e-02
-5.343347460524938697e-02
-6.107388731634344481e-02
-6.107388731634344481e-02
-6.107388731634344481e-02
-5.343347460524938697e-02
-5.088667036821803435e-02
-4.833986613118668174e-02
-5.343347460524938697e-02
-5.343347460524938697e-02
-6.107388731634344481e-02
-5.852708307931209220e-02
-5.343347460524938697e-02
-5.088667036821803435e-02
-4.579306189415532913e-02
-4.579306189415532913e-02
-5.343347460524938697e-02
-5.852708307931209220e-02
-6.107388731634344481e-02
-5.343347460524938697e-02
-5.343347460524938697e-02
-4.579306189415532913e-02
-4.833986613118668174e-02
-5.343347460524938697e-02
-5.343347460524938697e-02
-6.107388731634344481e-02
-6.107388731634344481e-02
-5.343347460524938697e-02
-4.833986613118668174e-02
-5.343347460524938697e-02
-5.343347460524938697e-02
-5.852708307931209220e-02
-5.852708307931209220e-02
-5.343347460524938697e-02
-4.579306189415532913e-02
-4.579306189415532913e-02
-4.579306189415532913e-02
-5.343347460524938697e-02
-5.343347460524938697e-02
-5.852708307931209220e-02
-5.343347460524938697e-02
-5.343347460524938697e-02
-4.833986613118668174e-02
-4.833986613118668174e-02
-5.343347460524938697e-02
-5.343347460524938697e-02
-5.852708307931209220e-02
-6.107388731634344481e-02
-5.343347460524938697e-02
-5.343347460524938697e-02
-4.833986613118668174e-02
-4.579306189415532913e-02
-5.343347460524938697e-02
-5.343347460524938697e-02
-6.107388731634344481e-02
-5.852708307931209220e-02
-5.088667036821803435e-02
-4.833986613118668174e-02
-4.579306189415532913e-02
-5.343347460524938697e-02
-5.598027884228073958e-02
-5.852708307931209220e-02
-5.343347460524938697e-02
-5.343347460524938697e-02
-4.833986613118668174e-02
-4.833986613118668174e-02
-5.088667036821803435e-02
-5.343347460524938697e-02
-5.852708307931209220e-02
-5.852708307931209220e-02
-5.343347460524938697e-02
-5.598027884228073958e-02
-4.833986613118668174e-02
-4.833986613118668174e-02
-5.343347460524938697e-02
-5.343347460524938697e-02
-5.852708307931209220e-02
-5.088667036821803435e-02
-5.598027884228073958e-02
-4.579306189415532913e-02
-5.343347460524938697e-02
-5.088667036821803435e-02
-5.852708307931209220e-02
-5.852708307931209220e-02
-5.088667036821803435e-02
-5.343347460524938697e-02
-4.833986613118668174e-02
-4.833986613118668174e-02
-4.579306189415532913e-02
-5.343347460524938697e-02
-5.088667036821803435e-02
-5.852708307931209220e-02
-5.088667036821803435e-02
-5.343347460524938697e-02
-5.088667036821803435e-02
-4.579306189415532913e-02
-5.343347460524938697e-02
-5.852708307931209220e-02
-5.852708307931209220e-02
-5.343347460524938697e-02
-5.598027884228073958e-02
-4.579306189415532913e-02
-4.833986613118668174e-02
-5.343347460524938697e-02
-5.343347460524938697e-02
-5.852708307931209220e-02
-5.852708307931209220e-02
-5.343347460524938697e-02
-5.343347460524938697e-02
-4.833986613118668174e-02
-4.579306189415532913e-02
-5.343347460524938697e-02
-5.343347460524938697e-02
-5.852708307931209220e-02
-5.088667036821803435e-02
-5.088667036821803435e-02
-4.579306189415532913e-02
-4.833986613118668174e-02
-5.343347460524938697e-02
-5.852708307931209220e-02
-5.852708307931209220e-02
-5.343347460524938697e-02
-5.343347460524938697e-02
-4.833986613118668174e-02
-4.833986613118668174e-02
-5.088667036821803435e-02
-5.852708307931209220e-02
-6.107388731634344481e-02
-5.343347460524938697e-02
-5.088667036821803435e-02
-4.833986613118668174e-02
-4.833986613118668174e-02
-5.343347460524938697e-02
-5.343347460524938697e-02
-5.852708307931209220e-02
-5.852708307931209220e-02
-5.088667036821803435e-02
-5.088667036821803435e-02
-4.833986613118668174e-02
-4.833986613118668174e-02
-5.852708307931209220e-02
-6.107388731634344481e-02
-6.107388731634344481e-02
-5.343347460524938697e-02
-5.343347460524938697e-02
-4.833986613118668174e-02
-5.088667036821803435e-02
-5.343347460524938697e-02
-5.852708307931209220e-02
-5.852708307931209220e-02
-5.343347460524938697e-02
-5.343347460524938697e-02
-4.579306189415532913e-02
-4.579306189415532913e-02
-5.343347460524938697e-02
-6.107388731634344481e-02
-5.852708307931209220e-02
-5.343347460524938697e-02
-5.343347460524938697e-02
-5.088667036821803435e-02
-4.579306189415532913e-02
-5.598027884228073958e-02
-6.107388731634344481e-02
-6.107388731634344481e-02
-5.088667036821803435e-02
-5.343347460524938697e-02
-4.833986613118668174e-02
-5.343347460524938697e-02
-5.852708307931209220e-02
-5.852708307931209220e-02
-5.088667036821803435e-02
-5.343347460524938697e-02
-5.343347460524938697e-02
-4.579306189415532913e-02
-4.833986613118668174e-02
-5.598027884228073958e-02
-5.343347460524938697e-02
-5.852708307931209220e-02
-6.107388731634344481e-02
-5.343347460524938697e-02
-5.088667036821803435e-02
-5.088667036821803435e-02
-5.343347460524938697e-02
-5.343347460524938697e-02
-5.852708307931209220e-02
-5.088667036821803435e-02
-5.343347460524938697e-02
-5.343347460524938697e-02
-4.579306189415532913e-02
-5.088667036821803435e-02
-5.088667036821803435e-02
-6.107388731634344481e-02
-6.107388731634344481e-02
-6.107388731634344481e-02
-5.343347460524938697e-02
-5.343347460524938697e-02
-4.833986613118668174e-02
-5.343347460524938697e-02
-5.343347460524938697e-02
-6.107388731634344481e-02
-5.852708307931209220e-02
-5.088667036821803435e-02
-4.579306189415532913e-02
-5.088667036821803435e-02
-5.343347460524938697e-02
-5.088667036821803435e-02
-6.107388731634344481e-02
-5.852708307931209220e-02
-5.343347460524938697e-02
-4.833986613118668174e-02
-4.833986613118668174e-02
-5.088667036821803435e-02
-5.343347460524938697e-02
-5.852708307931209220e-02
-6.107388731634344481e-02
-5.343347460524938697e-02
-5.088667036821803435e-02
-4.833986613118668174e-02
-5.343347460524938697e-02
-5.343347460524938697e-02
-5.852708307931209220e-02
-6.107388731634344481e-02
-6.107388731634344481e-02
-5.343347460524938697e-02
-5.088667036821803435e-02
-4.833986613118668174e-02
-4.833986613118668174e-02
-5.598027884228073958e-02
-5.852708307931209220e-02
-5.852708307931209220e-02
-5.343347460524938697e-02
-4.579306189415532913e-02
-4.833986613118668174e-02
-5.343347460524938697e-02
-5.343347460524938697e-02
-5.852708307931209220e-02
-5.088667036821803435e-02
-5.343347460524938697e-02
-4.579306189415532913e-02
-4.833986613118668174e-02
-5.088667036821803435e-02
-5.343347460524938697e-02
-6.107388731634344481e-02
-6.107388731634344481e-02
-5.343347460524938697e-02
-5.343347460524938697e-02
-5.343347460524938697e-02
-4.833986613118668174e-02
-5.343347460524938697e-02
-5.088667036821803435e-02
-5.852708307931209220e-02
-6.107388731634344481e-02
-5.343347460524938697e-02
-4.833986613118668174e-02
-4.579306189415532913e-02
-4.833986613118668174e-02
-5.088667036821803435e-02
-5.598027884228073958e-02
-6.107388731634344481e-02
-5.088667036821803435e-02
-5.343347460524938697e-02
-4.833986613118668174e-02
-4.833986613118668174e-02
-5.088667036821803435e-02
-5.852708307931209220e-02
-5.852708307931209220e-02
-5.343347460524938697e-02
-5.343347460524938697e-02
-5.088667036821803435e-02
-5.088667036821803435e-02
-4.833986613118668174e-02
-5.343347460524938697e-02
-5.852708307931209220e-02
-5.852708307931209220e-02
-5.343347460524938697e-02
-5.343347460524938697e-02
-4.579306189415532913e-02
-4.833986613118668174e-02
-5.343347460524938697e-02
-5.088667036821803435e-02
-5.852708307931209220e-02
-5.852708307931209220e-02
-5.088667036821803435e-02
-5.343347460524938697e-02
-4.833986613118668174e-02
-5.088667036821803435e-02
-5.343347460524938697e-02
-5.852708307931209220e-02
-5.343347460524938697e-02
-5.343347460524938697e-02
-4.833986613118668174e-02
-4.833986613118668174e-02
-5.088667036821803435e-02
-5.343347460524938697e-02
-5.852708307931209220e-02
-6.107388731634344481e-02
-5.852708307931209220e-02
-5.343347460524938697e-02
-5.088667036821803435e-02
-4.833986613118668174e-02
-5.598027884228073958e-02
-5.343347460524938697e-02
-5.852708307931209220e-02
-5.852708307931209220e-02
-5.343347460524938697e-02
-5.343347460524938697e-02
-4.833986613118668174e-02
-4.833986613118668174e-02
-5.598027884228073958e-02
-5.343347460524938697e-02
-5.852708307931209220e-02
-5.343347460524938697e-02
-5.343347460524938697e-02
-5.088667036821803435e-02
-4.833986613118668174e-02
-5.343347460524938697e-02
-5.598027884228073958e-02
-5.852708307931209220e-02
-5.343347460524938697e-02
-5.343347460524938697e-02
-4.833986613118668174e-02
-4.579306189415532913e-02
-5.343347460524938697e-02
-5.343347460524938697e-02
-5.852708307931209220e-02
-6.107388731634344481e-02
-5.343347460524938697e-02
-5.343347460524938697e-02
-5.088667036821803435e-02
-4.579306189415532913e-02
-5.343347460524938697e-02
-5.088667036821803435e-02
-6.107388731634344481e-02
-6.107388731634344481e-02
-5.343347460524938697e-02
-4.833986613118668174e-02
-5.343347460524938697e-02
-5.343347460524938697e-02
-5.852708307931209220e-02
-5.852708307931209220e-02
-6.107388731634344481e-02
-5.343347460524938697e-02
-4.833986613118668174e-02
-4.833986613118668174e-02
-5.343347460524938697e-02
-5.343347460524938697e-02
-6.107388731634344481e-02
-5.343347460524938697e-02
-5.343347460524938697e-02
-4.833986613118668174e-02
-4.579306189415532913e-02
-5.088667036821803435e-02
-5.598027884228073958e-02
-5.852708307931209220e-02
-5.598027884228073958e-02
-5.598027884228073958e-02
-5.343347460524938697e-02
-5.343347460524938697e-02
-5.088667036821803435e-02
-5.088667036821803435e-02
-5.852708307931209220e-02
-5.852708307931209220e-02
-6.362069155337479742e-02
-5.088667036821803435e-02
-4.833986613118668174e-02
-4.833986613118668174e-02
-5.343347460524938697e-02
-5.343347460524938697e-02
-5.852708307931209220e-02
-5.852708307931209220e-02
-5.343347460524938697e-02
-5.343347460524938697e-02
-4.833986613118668174e-02
-5.343347460524938697e-02
-5.343347460524938697e-02
-5.088667036821803435e-02
-6.107388731634344481e-02
-5.598027884228073958e-02
-5.088667036821803435e-02
-5.088667036821803435e-02
-4.833986613118668174e-02
-5.343347460524938697e-02
-5.598027884228073958e-02
-5.852708307931209220e-02
-6.107388731634344481e-02
-5.343347460524938697e-02
-4.833986613118668174e-02
-5.088667036821803435e-02
-5.343347460524938697e-02
-5.343347460524938697e-02
-5.852708307931209220e-02
-6.107388731634344481e-02
-5.343347460524938697e-02
-5.343347460524938697e-02
-4.579306189415532913e-02
-4.833986613118668174e-02
-5.088667036821803435e-02
-5.343347460524938697e-02
-6.107388731634344481e-02
-5.088667036821803435e-02
-5.598027884228073958e-02
-4.579306189415532913e-02
-4.833986613118668174e-02
-5.343347460524938697e-02
-5.343347460524938697e-02
-5.852708307931209220e-02
-6.107388731634344481e-02
-5.852708307931209220e-02
-5.088667036821803435e-02
-4.833986613118668174e-02
-4.833986613118668174e-02
-5.343347460524938697e-02
-5.343347460524938697e-02
-5.852708307931209220e-02
-6.107388731634344481e-02
-5.343347460524938697e-02
-5.343347460524938697e-02
-4.579306189415532913e-02
-5.343347460524938697e-02
-5.088667036821803435e-02
-5.852708307931209220e-02
-5.852708307931209220e-02
-5.088667036821803435e-02
-5.343347460524938697e-02
-5.343347460524938697e-02
-5.343347460524938697e-02
-5.343347460524938697e-02
-6.107388731634344481e-02
-5.343347460524938697e-02
-5.343347460524938697e-02
-5.343347460524938697e-02
-4.579306189415532913e-02
-5.343347460524938697e-02
-5.343347460524938697e-02
-5.852708307931209220e-02
-6.107388731634344481e-02
-5.088667036821803435e-02
-5.343347460524938697e-02
-4.833986613118668174e-02
-4.579306189415532913e-02
-5.343347460524938697e-02
-5.343347460524938697e-02
-5.852708307931209220e-02
-5.852708307931209220e-02
-5.343347460524938697e-02
-5.343347460524938697e-02
-4.833986613118668174e-02
-4.833986613118668174e-02
-5.343347460524938697e-02
-6.362069155337479742e-02
-5.852708307931209220e-02
-5.343347460524938697e-02
-5.343347460524938697e-02
-4.833986613118668174e-02
-4.833986613118668174e-02
-5.088667036821803435e-02
-5.343347460524938697e-02
-6.107388731634344481e-02
-5.343347460524938697e-02
-4.579306189415532913e-02
-4.579306189415532913e-02
-5.088667036821803435e-02
-5.343347460524938697e-02
-5.343347460524938697e-02
-5.852708307931209220e-02
-5.852708307931209220e-02
-5.343347460524938697e-02
-5.088667036821803435e-02
-5.088667036821803435e-02
-5.088667036821803435e-02
-5.343347460524938697e-02
-6.107388731634344481e-02
-5.852708307931209220e-02
-5.343347460524938697e-02
-5.598027884228073958e-02
-4.579306189415532913e-02
-4.833986613118668174e-02
-5.343347460524938697e-02
-5.088667036821803435e-02
-5.852708307931209220e-02
-5.852708307931209220e-02
-5.343347460524938697e-02
-4.579306189415532913e-02
-5.088667036821803435e-02
-5.343347460524938697e-02
-5.852708307931209220e-02
-6.107388731634344481e-02
-4.833986613118668174e-02
-5.343347460524938697e-02
-4.579306189415532913e-02
-5.343347460524938697e-02
-5.343347460524938697e-02
-6.107388731634344481e-02
-6.107388731634344481e-02
-5.343347460524938697e-02
-5.343347460524938697e-02
-4.833986613118668174e-02
-4.833986613118668174e-02
-5.343347460524938697e-02
-5.088667036821803435e-02
-5.852708307931209220e-02
-5.852708307931209220e-02
-5.343347460524938697e-02
-4.579306189415532913e-02
-4.579306189415532913e-02
-5.088667036821803435e-02
-5.088667036821803435e-02
-6.107388731634344481e-02
-6.107388731634344481e-02
-6.107388731634344481e-02
-5.343347460524938697e-02
-4.833986613118668174e-02
-4.833986613118668174e-02
-4.579306189415532913e-02
-5.088667036821803435e-02
-5.343347460524938697e-02
-6.107388731634344481e-02
-5.343347460524938697e-02
-5.343347460524938697e-02
-4.579306189415532913e-02
-4.579306189415532913e-02
-5.343347460524938697e-02
-5.852708307931209220e-02
-5.088667036821803435e-02
-5.343347460524938697e-02
-4.579306189415532913e-02
-4.833986613118668174e-02
-5.343347460524938697e-02
-5.343347460524938697e-02
-5.852708307931209220e-02
-5.852708307931209220e-02
-5.343347460524938697e-02
-5.343347460524938697e-02
-4.833986613118668174e-02
-5.343347460524938697e-02
-5.088667036821803435e-02
-6.107388731634344481e-02
-6.107388731634344481e-02
-5.852708307931209220e-02
-5.598027884228073958e-02
-4.833986613118668174e-02
-4.579306189415532913e-02
-5.343347460524938697e-02
-5.598027884228073958e-02
-5.852708307931209220e-02
-6.107388731634344481e-02
-5.343347460524938697e-02
-5.343347460524938697e-02
-4.579306189415532913e-02
-4.833986613118668174e-02
-5.343347460524938697e-02
-5.852708307931209220e-02
-5.852708307931209220e-02
-5.088667036821803435e-02
-5.088667036821803435e-02
-4.833986613118668174e-02
-4.833986613118668174e-02
-5.343347460524938697e-02
-6.107388731634344481e-02
-5.343347460524938697e-02
-5.343347460524938697e-02
-4.579306189415532913e-02
-4.833986613118668174e-02
-5.343347460524938697e-02
-5.343347460524938697e-02
-5.598027884228073958e-02
-5.852708307931209220e-02
-5.852708307931209220e-02
-5.343347460524938697e-02
-4.579306189415532913e-02
-4.579306189415532913e-02
-5.343347460524938697e-02
-5.852708307931209220e-02
-6.107388731634344481e-02
-5.343347460524938697e-02
-5.343347460524938697e-02
-4.579306189415532913e-02
-4.579306189415532913e-02
-5.343347460524938697e-02
-5.852708307931209220e-02
-6.107388731634344481e-02
-5.852708307931209220e-02
-5.343347460524938697e-02
-5.343347460524938697e-02
-4.579306189415532913e-02
-4.579306189415532913e-02
-5.343347460524938697e-02
-5.852708307931209220e-02
-5.852708307931209220e-02
-5.598027884228073958e-02
-5.343347460524938697e-02
-4.833986613118668174e-02
-5.343347460524938697e-02
-5.343347460524938697e-02
-5.343347460524938697e-02
-5.852708307931209220e-02
-5.852708307931209220e-02
-5.598027884228073958e-02
-5.343347460524938697e-02
-4.833986613118668174e-02
-4.579306189415532913e-02
-5.343347460524938697e-02
-5.852708307931209220e-02
-5.852708307931209220e-02
-5.088667036821803435e-02
-5.343347460524938697e-02
-4.579306189415532913e-02
-4.579306189415532913e-02
-5.343347460524938697e-02
-5.852708307931209220e-02
-5.343347460524938697e-02
-5.088667036821803435e-02
-4.579306189415532913e-02
-4.833986613118668174e-02
-5.343347460524938697e-02
-5.343347460524938697e-02
-6.107388731634344481e-02
-6.107388731634344481e-02
-5.852708307931209220e-02
-5.598027884228073958e-02
-5.343347460524938697e-02
-4.833986613118668174e-02
-4.579306189415532913e-02
-5.343347460524938697e-02
-5.343347460524938697e-02
-6.107388731634344481e-02
-6.107388731634344481e-02
-4.833986613118668174e-02
-4.833986613118668174e-02
-4.833986613118668174e-02
-5.343347460524938697e-02
-5.343347460524938697e-02
-5.852708307931209220e-02
-5.343347460524938697e-02
-5.343347460524938697e-02
-5.343347460524938697e-02
-4.833986613118668174e-02
-4.833986613118668174e-02
-5.598027884228073958e-02
-5.343347460524938697e-02
-5.852708307931209220e-02
-5.343347460524938697e-02
-5.088667036821803435e-02
-4.833986613118668174e-02
-5.088667036821803435e-02
-5.343347460524938697e-02
-5.088667036821803435e-02
-5.852708307931209220e-02
-5.343347460524938697e-02
-5.343347460524938697e-02
-4.579306189415532913e-02
-5.088667036821803435e-02
-4.833986613118668174e-02
-5.343347460524938697e-02
-5.343347460524938697e-02
-5.852708307931209220e-02
-5.852708307931209220e-02
-5.343347460524938697e-02
-5.088667036821803435e-02
-4.833986613118668174e-02
-4.833986613118668174e-02
-5.343347460524938697e-02
-5.343347460524938697e-02
-5.852708307931209220e-02
-5.343347460524938697e-02
-5.343347460524938697e-02
-4.579306189415532913e-02
-4.579306189415532913e-02
-5.343347460524938697e-02
-5.343347460524938697e-02
-5.852708307931209220e-02
-5.852708307931209220e-02
-5.343347460524938697e-02
-4.833986613118668174e-02
-4.579306189415532913e-02
-5.343347460524938697e-02
-5.088667036821803435e-02
-5.852708307931209220e-02
-5.852708307931209220e-02
-5.598027884228073958e-02
-5.343347460524938697e-02
-4.833986613118668174e-02
-4.579306189415532913e-02
-5.343347460524938697e-02
-5.088667036821803435e-02
-5.852708307931209220e-02
-6.107388731634344481e-02
-5.598027884228073958e-02
-5.088667036821803435e-02
-4.833986613118668174e-02
-4.579306189415532913e-02
-5.343347460524938697e-02
-6.107388731634344481e-02
-5.852708307931209220e-02
-5.088667036821803435e-02
-5.343347460524938697e-02
-4.833986613118668174e-02
-4.833986613118668174e-02
-5.343347460524938697e-02
-5.343347460524938697e-02
-6.362069155337479742e-02
-5.852708307931209220e-02
-5.343347460524938697e-02
-5.088667036821803435e-02
-4.833986613118668174e-02
-4.833986613118668174e-02
-5.343347460524938697e-02
-5.343347460524938697e-02
-6.107388731634344481e-02
-5.343347460524938697e-02
-4.579306189415532913e-02
-4.833986613118668174e-02
-4.579306189415532913e-02
-5.343347460524938697e-02
-5.852708307931209220e-02
-5.852708307931209220e-02
-5.343347460524938697e-02
-5.598027884228073958e-02
-4.579306189415532913e-02
-4.833986613118668174e-02
-4.579306189415532913e-02
-5.343347460524938697e-02
-5.852708307931209220e-02
-5.852708307931209220e-02
-5.343347460524938697e-02
-5.088667036821803435e-02
-4.833986613118668174e-02
-4.833986613118668174e-02
-5.343347460524938697e-02
-5.088667036821803435e-02
-5.088667036821803435e-02
-5.343347460524938697e-02
-5.343347460524938697e-02
-4.833986613118668174e-02
-4.833986613118668174e-02
-5.343347460524938697e-02
-5.343347460524938697e-02
-5.852708307931209220e-02
-5.852708307931209220e-02
-5.343347460524938697e-02
-5.343347460524938697e-02
-4.579306189415532913e-02
-5.343347460524938697e-02
-5.343347460524938697e-02
-5.852708307931209220e-02
-5.852708307931209220e-02
-5.343347460524938697e-02
-5.343347460524938697e-02
-5.088667036821803435e-02
-4.579306189415532913e-02
-5.343347460524938697e-02
-5.088667036821803435e-02
-5.852708307931209220e-02
-5.852708307931209220e-02
-5.343347460524938697e-02
-4.833986613118668174e-02
-4.579306189415532913e-02
-5.343347460524938697e-02
-5.343347460524938697e-02
-6.107388731634344481e-02
-5.343347460524938697e-02
-5.343347460524938697e-02
-5.343347460524938697e-02
-4.833986613118668174e-02
-4.579306189415532913e-02
-5.343347460524938697e-02
-5.852708307931209220e-02
-5.598027884228073958e-02
-5.598027884228073958e-02
-5.343347460524938697e-02
-5.088667036821803435e-02
-5.088667036821803435e-02
-5.343347460524938697e-02
-6.107388731634344481e-02
-5.852708307931209220e-02
-5.852708307931209220e-02
-5.343347460524938697e-02
-5.343347460524938697e-02
-4.833986613118668174e-02
-5.343347460524938697e-02
-5.343347460524938697e-02
-5.852708307931209220e-02
-5.852708307931209220e-02
-5.088667036821803435e-02
-5.088667036821803435e-02
-4.833986613118668174e-02
-4.579306189415532913e-02
-5.343347460524938697e-02
-5.343347460524938697e-02
-6.107388731634344481e-02
-5.343347460524938697e-02
-5.088667036821803435e-02
-4.833986613118668174e-02
-5.088667036821803435e-02
-5.343347460524938697e-02
-6.107388731634344481e-02
-5.852708307931209220e-02
-5.343347460524938697e-02
-4.579306189415532913e-02
-5.088667036821803435e-02
-4.833986613118668174e-02
-5.088667036821803435e-02
-5.343347460524938697e-02
-6.107388731634344481e-02
-5.343347460524938697e-02
-5.598027884228073958e-02
-4.579306189415532913e-02
-4.833986613118668174e-02
-5.343347460524938697e-02
-5.852708307931209220e-02
-5.852708307931209220e-02
-5.343347460524938697e-02
-5.088667036821803435e-02
-4.833986613118668174e-02
-4.833986613118668174e-02
-5.343347460524938697e-02
-5.343347460524938697e-02
-6.107388731634344481e-02
-5.852708307931209220e-02
-5.343347460524938697e-02
-5.343347460524938697e-02
-4.579306189415532913e-02
-4.579306189415532913e-02
-5.343347460524938697e-02
-5.088667036821803435e-02
-5.852708307931209220e-02
-5.343347460524938697e-02
-5.088667036821803435e-02
-4.579306189415532913e-02
-4.579306189415532913e-02
-5.088667036821803435e-02
-5.598027884228073958e-02
-6.107388731634344481e-02
-6.107388731634344481e-02
-5.343347460524938697e-02
-5.343347460524938697e-02
-4.579306189415532913e-02
-5.343347460524938697e-02
-5.343347460524938697e-02
-5.852708307931209220e-02
-5.852708307931209220e-02
-5.343347460524938697e-02
-5.088667036821803435e-02
-5.088667036821803435e-02
-4.833986613118668174e-02
-5.343347460524938697e-02
-5.343347460524938697e-02
-5.852708307931209220e-02
-5.598027884228073958e-02
-5.343347460524938697e-02
-4.833986613118668174e-02
-4.579306189415532913e-02
-5.343347460524938697e-02
-6.107388731634344481e-02
-5.852708307931209220e-02
-5.088667036821803435e-02
-5.343347460524938697e-02
-4.833986613118668174e-02
-4.579306189415532913e-02
-5.088667036821803435e-02
-5.343347460524938697e-02
-6.107388731634344481e-02
-5.852708307931209220e-02
-5.343347460524938697e-02
-5.343347460524938697e-02
-5.088667036821803435e-02
-4.579306189415532913e-02
-5.088667036821803435e-02
-5.088667036821803435e-02
-5.852708307931209220e-02
-5.852708307931209220e-02
-5.343347460524938697e-02
-4.579306189415532913e-02
-5.343347460524938697e-02
-5.343347460524938697e-02
-5.852708307931209220e-02
-6.107388731634344481e-02
-5.343347460524938697e-02
-5.343347460524938697e-02
-4.833986613118668174e-02
-4.833986613118668174e-02
-5.088667036821803435e-02
-5.343347460524938697e-02
-6.107388731634344481e-02
-5.343347460524938697e-02
-5.343347460524938697e-02
-5.088667036821803435e-02
-4.833986613118668174e-02
-4.579306189415532913e-02
-5.343347460524938697e-02
-5.088667036821803435e-02
-5.852708307931209220e-02
-5.088667036821803435e-02
-4.579306189415532913e-02
-4.579306189415532913e-02
-4.833986613118668174e-02
-5.343347460524938697e-02
-5.343347460524938697e-02
-5.852708307931209220e-02
-6.107388731634344481e-02
-5.343347460524938697e-02
-5.088667036821803435e-02
-4.833986613118668174e-02
-4.833986613118668174e-02
-5.598027884228073958e-02
-5.852708307931209220e-02
-5.852708307931209220e-02
-5.343347460524938697e-02
-5.088667036821803435e-02
-4.833986613118668174e-02
-5.088667036821803435e-02
-5.343347460524938697e-02
-5.343347460524938697e-02
-6.107388731634344481e-02
-6.107388731634344481e-02
-5.343347460524938697e-02
-5.088667036821803435e-02
-4.833986613118668174e-02
-4.833986613118668174e-02
-5.343347460524938697e-02
-5.343347460524938697e-02
-5.852708307931209220e-02
-5.852708307931209220e-02
-5.343347460524938697e-02
-4.579306189415532913e-02
-4.833986613118668174e-02
-5.343347460524938697e-02
-5.088667036821803435e-02
-6.107388731634344481e-02
-5.852708307931209220e-02
-5.343347460524938697e-02
-5.343347460524938697e-02
-4.579306189415532913e-02
-4.833986613118668174e-02
-5.343347460524938697e-02
-6.107388731634344481e-02
-5.852708307931209220e-02
-5.598027884228073958e-02
-5.343347460524938697e-02
-4.833986613118668174e-02
-4.579306189415532913e-02
-5.343347460524938697e-02
-5.343347460524938697e-02
-5.852708307931209220e-02
-5.343347460524938697e-02
-4.579306189415532913e-02
-4.833986613118668174e-02
-5.343347460524938697e-02
-5.343347460524938697e-02
-5.088667036821803435e-02
-5.852708307931209220e-02
-5.343347460524938697e-02
-5.343347460524938697e-02
-4.579306189415532913e-02
-4.579306189415532913e-02
-5.088667036821803435e-02
-5.343347460524938697e-02
-5.852708307931209220e-02
-5.852708307931209220e-02
-5.343347460524938697e-02
-4.579306189415532913e-02
-4.579306189415532913e-02
-5.343347460524938697e-02
-5.088667036821803435e-02
-5.852708307931209220e-02
-6.107388731634344481e-02
-5.343347460524938697e-02
-5.343347460524938697e-02
-4.579306189415532913e-02
-5.088667036821803435e-02
-5.343347460524938697e-02
-6.107388731634344481e-02
-5.852708307931209220e-02
-5.088667036821803435e-02
-5.343347460524938697e-02
-4.579306189415532913e-02
-4.579306189415532913e-02
-5.598027884228073958e-02
-5.088667036821803435e-02
-5.852708307931209220e-02
-5.852708307931209220e-02
-5.343347460524938697e-02
-4.833986613118668174e-02
-5.088667036821803435e-02
-5.343347460524938697e-02
-5.088667036821803435e-02
-6.107388731634344481e-02
-5.852708307931209220e-02
-5.343347460524938697e-02
-5.088667036821803435e-02
-4.579306189415532913e-02
-4.833986613118668174e-02
-5.343347460524938697e-02
-5.852708307931209220e-02
-6.107388731634344481e-02
-5.088667036821803435e-02
-4.833986613118668174e-02
-4.579306189415532913e-02
-5.343347460524938697e-02
-5.343347460524938697e-02
-6.107388731634344481e-02
-5.852708307931209220e-02
-5.088667036821803435e-02
-4.833986613118668174e-02
-4.833986613118668174e-02
-4.833986613118668174e-02
-5.343347460524938697e-02
-6.107388731634344481e-02
-5.852708307931209220e-02
-5.088667036821803435e-02
-5.088667036821803435e-02
-5.343347460524938697e-02
-4.833986613118668174e-02
-5.088667036821803435e-02
-5.088667036821803435e-02
-6.107388731634344481e-02
-6.107388731634344481e-02
-5.343347460524938697e-02
-5.343347460524938697e-02
-5.088667036821803435e-02
-5.343347460524938697e-02
-5.088667036821803435e-02
-5.088667036821803435e-02
-5.852708307931209220e-02
-5.598027884228073958e-02
-5.088667036821803435e-02
-5.343347460524938697e-02
-4.833986613118668174e-02
-4.579306189415532913e-02
-5.088667036821803435e-02
-5.343347460524938697e-02
-6.107388731634344481e-02
-5.852708307931209220e-02
-5.343347460524938697e-02
-5.343347460524938697e-02
-5.088667036821803435e-02
-4.579306189415532913e-02
-5.088667036821803435e-02
-5.088667036821803435e-02
-6.107388731634344481e-02
-6.107388731634344481e-02
-5.088667036821803435e-02
-4.833986613118668174e-02
-4.833986613118668174e-02
-5.088667036821803435e-02
-5.088667036821803435e-02
-6.107388731634344481e-02
-5.852708307931209220e-02
-5.343347460524938697e-02
-5.088667036821803435e-02
-4.579306189415532913e-02
-4.833986613118668174e-02
-5.343347460524938697e-02
-5.852708307931209220e-02
-5.852708307931209220e-02
-5.343347460524938697e-02
-5.343347460524938697e-02
-4.579306189415532913e-02
-4.833986613118668174e-02
-5.343347460524938697e-02
-5.343347460524938697e-02
-6.107388731634344481e-02
-5.852708307931209220e-02
-5.343347460524938697e-02
-5.343347460524938697e-02
-4.833986613118668174e-02
-4.833986613118668174e-02
-5.343347460524938697e-02
-6.107388731634344481e-02
-5.852708307931209220e-02
-5.343347460524938697e-02
-5.343347460524938697e-02
-4.833986613118668174e-02
-4.579306189415532913e-02
-5.343347460524938697e-02
-5.343347460524938697e-02
-6.107388731634344481e-02
-5.852708307931209220e-02
-5.088667036821803435e-02
-4.833986613118668174e-02
-4.579306189415532913e-02
-5.088667036821803435e-02
-5.343347460524938697e-02
-5.852708307931209220e-02
-5.852708307931209220e-02
-5.343347460524938697e-02
-5.343347460524938697e-02
-4.833986613118668174e-02
-5.343347460524938697e-02
-5.343347460524938697e-02
-5.852708307931209220e-02
-6.107388731634344481e-02
-5.343347460524938697e-02
-5.088667036821803435e-02
-4.579306189415532913e-02
-4.833986613118668174e-02
-5.343347460524938697e-02
-5.343347460524938697e-02
-6.107388731634344481e-02
-6.107388731634344481e-02
-5.343347460524938697e-02
-4.833986613118668174e-02
-4.579306189415532913e-02
-5.088667036821803435e-02
-6.107388731634344481e-02
-5.852708307931209220e-02
-5.343347460524938697e-02
-5.343347460524938697e-02
-4.579306189415532913e-02
-4.833986613118668174e-02
-5.343347460524938697e-02
-5.852708307931209220e-02
-5.852708307931209220e-02
-5.343347460524938697e-02
-5.343347460524938697e-02
-4.579306189415532913e-02
-4.579306189415532913e-02
-5.343347460524938697e-02
-5.088667036821803435e-02
-5.343347460524938697e-02
-5.852708307931209220e-02
-5.852708307931209220e-02
-5.343347460524938697e-02
-4.579306189415532913e-02
-4.833986613118668174e-02
-5.343347460524938697e-02
-6.107388731634344481e-02
-5.852708307931209220e-02
-5.088667036821803435e-02
-5.088667036821803435e-02
-4.833986613118668174e-02
-4.833986613118668174e-02
-5.088667036821803435e-02
-5.088667036821803435e-02
-5.852708307931209220e-02
-5.852708307931209220e-02
-5.088667036821803435e-02
-4.833986613118668174e-02
-4.579306189415532913e-02
-4.579306189415532913e-02
-5.088667036821803435e-02
-5.343347460524938697e-02
-5.852708307931209220e-02
-6.107388731634344481e-02
-5.343347460524938697e-02
-4.833986613118668174e-02
-4.579306189415532913e-02
-5.343347460524938697e-02
-5.343347460524938697e-02
-5.852708307931209220e-02
-5.598027884228073958e-02
-5.343347460524938697e-02
-5.343347460524938697e-02
-4.833986613118668174e-02
-4.833986613118668174e-02
-5.343347460524938697e-02
-5.852708307931209220e-02
-6.107388731634344481e-02
-5.343347460524938697e-02
-5.343347460524938697e-02
-4.833986613118668174e-02
-4.833986613118668174e-02
-5.343347460524938697e-02
-5.343347460524938697e-02
-6.107388731634344481e-02
-5.343347460524938697e-02
-5.343347460524938697e-02
-4.833986613118668174e-02
-4.833986613118668174e-02
-5.343347460524938697e-02
-5.088667036821803435e-02
-5.852708307931209220e-02
-5.852708307931209220e-02
-5.343347460524938697e-02
-4.579306189415532913e-02
-5.088667036821803435e-02
-5.343347460524938697e-02
-5.343347460524938697e-02
-5.852708307931209220e-02
-6.107388731634344481e-02
-5.343347460524938697e-02
-4.579306189415532913e-02
-4.833986613118668174e-02
-5.088667036821803435e-02
-5.088667036821803435e-02
-6.107388731634344481e-02
-5.852708307931209220e-02
-5.343347460524938697e-02
-5.343347460524938697e-02
-4.833986613118668174e-02
-5.088667036821803435e-02
-5.088667036821803435e-02
-5.852708307931209220e-02
-6.107388731634344481e-02
-5.343347460524938697e-02
-5.343347460524938697e-02
-4.324625765712397651e-02
-5.343347460524938697e-02
-5.343347460524938697e-02
-5.852708307931209220e-02
-5.598027884228073958e-02
-5.343347460524938697e-02
-5.088667036821803435e-02
-4.579306189415532913e-02
-4.833986613118668174e-02
-5.343347460524938697e-02
-6.107388731634344481e-02
-5.852708307931209220e-02
-5.343347460524938697e-02
-5.343347460524938697e-02
-4.579306189415532913e-02
-4.833986613118668174e-02
-5.088667036821803435e-02
-5.852708307931209220e-02
-5.852708307931209220e-02
-5.343347460524938697e-02
-5.088667036821803435e-02
-4.833986613118668174e-02
-5.088667036821803435e-02
-5.343347460524938697e-02
-5.343347460524938697e-02
-5.852708307931209220e-02
-5.852708307931209220e-02
-4.833986613118668174e-02
-4.833986613118668174e-02
-4.579306189415532913e-02
-5.343347460524938697e-02
-6.107388731634344481e-02
-6.107388731634344481e-02
-5.852708307931209220e-02
-5.343347460524938697e-02
-5.088667036821803435e-02
-4.833986613118668174e-02
-4.833986613118668174e-02
-5.343347460524938697e-02
-5.343347460524938697e-02
-5.852708307931209220e-02
-6.107388731634344481e-02
-5.343347460524938697e-02
-5.343347460524938697e-02
-4.833986613118668174e-02
-5.088667036821803435e-02
-5.343347460524938697e-02
-5.852708307931209220e-02
-5.852708307931209220e-02
-5.343347460524938697e-02
-5.088667036821803435e-02
-4.833986613118668174e-02
-5.088667036821803435e-02
-5.343347460524938697e-02
-5.852708307931209220e-02
-5.343347460524938697e-02
-5.088667036821803435e-02
-5.088667036821803435e-02
-4.833986613118668174e-02
-4.579306189415532913e-02
-5.088667036821803435e-02
-6.107388731634344481e-02
-5.598027884228073958e-02
-5.088667036821803435e-02
-5.343347460524938697e-02
-5.088667036821803435e-02
-4.579306189415532913e-02
-5.088667036821803435e-02
-5.343347460524938697e-02
-6.107388731634344481e-02
-5.598027884228073958e-02
-5.343347460524938697e-02
-4.579306189415532913e-02
-4.833986613118668174e-02
-5.343347460524938697e-02
-5.343347460524938697e-02
-5.852708307931209220e-02
-5.343347460524938697e-02
-5.343347460524938697e-02
-4.833986613118668174e-02
-4.579306189415532913e-02
-5.343347460524938697e-02
-6.107388731634344481e-02
-6.362069155337479742e-02
-5.343347460524938697e-02
-5.088667036821803435e-02
-4.833986613118668174e-02
-5.343347460524938697e-02
-5.088667036821803435e-02
-5.852708307931209220e-02
-5.852708307931209220e-02
-5.088667036821803435e-02
-5.343347460524938697e-02
-4.579306189415532913e-02
-4.579306189415532913e-02
-5.343347460524938697e-02
-5.088667036821803435e-02
-5.852708307931209220e-02
-5.852708307931209220e-02
-5.088667036821803435e-02
-5.088667036821803435e-02
-4.579306189415532913e-02
-4.579306189415532913e-02
-5.343347460524938697e-02
-5.852708307931209220e-02
-6.107388731634344481e-02
-5.343347460524938697e-02
-5.343347460524938697e-02
-4.833986613118668174e-02
-5.088667036821803435e-02
-5.088667036821803435e-02
-5.598027884228073958e-02
-5.852708307931209220e-02
-5.088667036821803435e-02
-5.088667036821803435e-02
-4.833986613118668174e-02
-5.343347460524938697e-02
-5.343347460524938697e-02
-5.852708307931209220e-02
-5.852708307931209220e-02
-5.343347460524938697e-02
-4.833986613118668174e-02
-5.088667036821803435e-02
-4.579306189415532913e-02
-5.343347460524938697e-02
-5.852708307931209220e-02
-6.107388731634344481e-02
-5.343347460524938697e-02
-5.343347460524938697e-02
-4.833986613118668174e-02
-4.579306189415532913e-02
-5.343347460524938697e-02
-5.852708307931209220e-02
-5.852708307931209220e-02
-5.343347460524938697e-02
-5.088667036821803435e-02
-4.579306189415532913e-02
-4.833986613118668174e-02
-5.088667036821803435e-02
-5.343347460524938697e-02
-6.107388731634344481e-02
-5.343347460524938697e-02
-5.343347460524938697e-02
-4.579306189415532913e-02
-4.579306189415532913e-02
-5.088667036821803435e-02
-5.343347460524938697e-02
-5.852708307931209220e-02
-5.852708307931209220e-02
-5.343347460524938697e-02
-5.088667036821803435e-02
-4.579306189415532913e-02
-4.579306189415532913e-02
-5.088667036821803435e-02
-6.107388731634344481e-02
-5.852708307931209220e-02
-5.088667036821803435e-02
-4.833986613118668174e-02
-4.833986613118668174e-02
-5.343347460524938697e-02
-5.088667036821803435e-02
-5.852708307931209220e-02
-5.852708307931209220e-02
-5.343347460524938697e-02
-5.343347460524938697e-02
-4.579306189415532913e-02
-5.343347460524938697e-02
-5.343347460524938697e-02
-5.852708307931209220e-02
-6.107388731634344481e-02
-5.088667036821803435e-02
-5.088667036821803435e-02
-4.833986613118668174e-02
-5.343347460524938697e-02
-5.343347460524938697e-02
-6.107388731634344481e-02
-6.107388731634344481e-02
-5.343347460524938697e-02
-5.343347460524938697e-02
-5.343347460524938697e-02
-5.343347460524938697e-02
-5.343347460524938697e-02
-6.107388731634344481e-02
-5.852708307931209220e-02
-5.598027884228073958e-02
-5.343347460524938697e-02
-4.833986613118668174e-02
-4.579306189415532913e-02
-5.343347460524938697e-02
-5.343347460524938697e-02
-6.107388731634344481e-02
-5.343347460524938697e-02
-5.088667036821803435e-02
-5.088667036821803435e-02
-5.088667036821803435e-02
-5.343347460524938697e-02
-5.343347460524938697e-02
-6.107388731634344481e-02
-5.088667036821803435e-02
-5.343347460524938697e-02
-5.088667036821803435e-02
-4.833986613118668174e-02
-5.088667036821803435e-02
-5.343347460524938697e-02
-5.852708307931209220e-02
-5.852708307931209220e-02
-5.088667036821803435e-02
-4.579306189415532913e-02
-4.579306189415532913e-02
-5.343347460524938697e-02
-5.343347460524938697e-02
-5.852708307931209220e-02
-5.852708307931209220e-02
-5.343347460524938697e-02
-5.343347460524938697e-02
-4.833986613118668174e-02
-4.579306189415532913e-02
-5.088667036821803435e-02
-5.343347460524938697e-02
-5.852708307931209220e-02
-5.343347460524938697e-02
-5.343347460524938697e-02
-4.579306189415532913e-02
-4.833986613118668174e-02
-5.088667036821803435e-02
-5.088667036821803435e-02
-5.598027884228073958e-02
-5.852708307931209220e-02
-5.343347460524938697e-02
-4.833986613118668174e-02
-4.833986613118668174e-02
-5.343347460524938697e-02
-5.088667036821803435e-02
-6.107388731634344481e-02
-5.343347460524938697e-02
-5.343347460524938697e-02
-4.833986613118668174e-02
-5.343347460524938697e-02
-5.343347460524938697e-02
-5.852708307931209220e-02
-5.852708307931209220e-02
-5.343347460524938697e-02
-5.088667036821803435e-02
-5.343347460524938697e-02
-4.833986613118668174e-02
-5.088667036821803435e-02
-6.107388731634344481e-02
-5.852708307931209220e-02
-5.852708307931209220e-02
-5.343347460524938697e-02
-5.088667036821803435e-02
-4.579306189415532913e-02
-4.579306189415532913e-02
-5.343347460524938697e-02
-5.343347460524938697e-02
-5.088667036821803435e-02
-5.343347460524938697e-02
-5.343347460524938697e-02
-4.833986613118668174e-02
-5.343347460524938697e-02
-5.343347460524938697e-02
-5.343347460524938697e-02
-5.852708307931209220e-02
-6.107388731634344481e-02
-5.343347460524938697e-02
-5.343347460524938697e-02
-4.833986613118668174e-02
-4.579306189415532913e-02
-5.088667036821803435e-02
-5.852708307931209220e-02
-5.852708307931209220e-02
-5.343347460524938697e-02
-5.343347460524938697e-02
-4.579306189415532913e-02
-4.833986613118668174e-02
-5.343347460524938697e-02
-5.343347460524938697e-02
-5.852708307931209220e-02
-5.088667036821803435e-02
-5.343347460524938697e-02
-4.833986613118668174e-02
-4.833986613118668174e-02
-5.343347460524938697e-02
-5.088667036821803435e-02
-6.107388731634344481e-02
-5.343347460524938697e-02
-5.343347460524938697e-02
-4.833986613118668174e-02
-5.088667036821803435e-02
-5.343347460524938697e-02
-5.343347460524938697e-02
-5.852708307931209220e-02
-5.088667036821803435e-02
-5.343347460524938697e-02
-4.833986613118668174e-02
-4.579306189415532913e-02
-5.343347460524938697e-02
-5.088667036821803435e-02
-6.107388731634344481e-02
-6.107388731634344481e-02
-5.088667036821803435e-02
-4.833986613118668174e-02
-4.579306189415532913e-02
-5.343347460524938697e-02
-5.343347460524938697e-02
-5.598027884228073958e-02
-6.107388731634344481e-02
-5.343347460524938697e-02
-5.088667036821803435e-02
-4.579306189415532913e-02
-5.088667036821803435e-02
-6.107388731634344481e-02
-5.852708307931209220e-02
-5.343347460524938697e-02
-5.343347460524938697e-02
-4.579306189415532913e-02
-4.579306189415532913e-02
-5.088667036821803435e-02
-6.107388731634344481e-02
-6.107388731634344481e-02
-5.343347460524938697e-02
-5.343347460524938697e-02
-4.579306189415532913e-02
-4.833986613118668174e-02
-5.088667036821803435e-02
-5.343347460524938697e-02
-5.852708307931209220e-02
-5.852708307931209220e-02
-5.343347460524938697e-02
-5.088667036821803435e-02
-4.833986613118668174e-02
-4.833986613118668174e-02
-5.343347460524938697e-02
-5.343347460524938697e-02
-5.852708307931209220e-02
-5.088667036821803435e-02
-5.088667036821803435e-02
-5.598027884228073958e-02
-4.579306189415532913e-02
-5.343347460524938697e-02
-5.088667036821803435e-02
-5.852708307931209220e-02
-6.107388731634344481e-02
-5.598027884228073958e-02
-4.833986613118668174e-02
-4.833986613118668174e-02
-5.343347460524938697e-02
-5.852708307931209220e-02
-5.852708307931209220e-02
-6.107388731634344481e-02
-5.343347460524938697e-02
-5.088667036821803435e-02
-4.833986613118668174e-02
-4.833986613118668174e-02
-5.343347460524938697e-02
-5.343347460524938697e-02
-6.107388731634344481e-02
-5.343347460524938697e-02
-4.579306189415532913e-02
-4.579306189415532913e-02
-5.343347460524938697e-02
-5.343347460524938697e-02
-5.852708307931209220e-02
-5.598027884228073958e-02
-5.343347460524938697e-02
-5.343347460524938697e-02
-4.833986613118668174e-02
-4.833986613118668174e-02
-5.343347460524938697e-02
-5.852708307931209220e-02
-5.852708307931209220e-02
-6.107388731634344481e-02
-5.343347460524938697e-02
-5.343347460524938697e-02
-4.833986613118668174e-02
-4.579306189415532913e-02
-5.343347460524938697e-02
-6.107388731634344481e-02
-6.107388731634344481e-02
-5.343347460524938697e-02
-5.343347460524938697e-02
-4.833986613118668174e-02
-4.833986613118668174e-02
-5.088667036821803435e-02
-5.852708307931209220e-02
-5.852708307931209220e-02
-5.088667036821803435e-02
-5.343347460524938697e-02
-4.833986613118668174e-02
-4.579306189415532913e-02
-5.343347460524938697e-02
-5.852708307931209220e-02
-6.107388731634344481e-02
-5.343347460524938697e-02
-5.343347460524938697e-02
-4.833986613118668174e-02
-4.833986613118668174e-02
-5.343347460524938697e-02
-5.852708307931209220e-02
-5.343347460524938697e-02
-5.088667036821803435e-02
-5.088667036821803435e-02
-4.579306189415532913e-02
-4.833986613118668174e-02
-5.088667036821803435e-02
-5.343347460524938697e-02
-5.852708307931209220e-02
-5.088667036821803435e-02
-5.343347460524938697e-02
-4.833986613118668174e-02
-4.579306189415532913e-02
-5.343347460524938697e-02
-5.343347460524938697e-02
-6.107388731634344481e-02
-5.088667036821803435e-02
-5.343347460524938697e-02
-4.579306189415532913e-02
-5.088667036821803435e-02
-5.343347460524938697e-02
-5.852708307931209220e-02
-5.852708307931209220e-02
-5.343347460524938697e-02
-4.833986613118668174e-02
-4.579306189415532913e-02
-4.579306189415532913e-02
-5.343347460524938697e-02
-5.343347460524938697e-02
-5.852708307931209220e-02
-5.343347460524938697e-02
-5.088667036821803435e-02
-4.579306189415532913e-02
-4.833986613118668174e-02
-5.343347460524938697e-02
-5.343347460524938697e-02
-5.852708307931209220e-02
-5.088667036821803435e-02
-5.343347460524938697e-02
-4.579306189415532913e-02
-4.833986613118668174e-02
-5.088667036821803435e-02
-5.343347460524938697e-02
-5.852708307931209220e-02
-5.088667036821803435e-02
-5.343347460524938697e-02
-4.833986613118668174e-02
-4.579306189415532913e-02
-5.343347460524938697e-02
-5.088667036821803435e-02
-5.852708307931209220e-02
-5.088667036821803435e-02
-5.343347460524938697e-02
-4.833986613118668174e-02
-4.833986613118668174e-02
-5.343347460524938697e-02
-5.088667036821803435e-02
-5.852708307931209220e-02
-5.343347460524938697e-02
-5.343347460524938697e-02
-4.833986613118668174e-02
-4.833986613118668174e-02
-5.343347460524938697e-02
-5.343347460524938697e-02
-6.107388731634344481e-02
-5.343347460524938697e-02
-5.088667036821803435e-02
-4.833986613118668174e-02
-4.579306189415532913e-02
-5.343347460524938697e-02
-5.343347460524938697e-02
-5.852708307931209220e-02
-5.852708307931209220e-02
-5.343347460524938697e-02
-5.343347460524938697e-02
-4.833986613118668174e-02
-5.343347460524938697e-02
-5.343347460524938697e-02
-5.852708307931209220e-02
-6.107388731634344481e-02
-5.343347460524938697e-02
-5.088667036821803435e-02
-4.833986613118668174e-02
-5.343347460524938697e-02
-5.343347460524938697e-02
-5.598027884228073958e-02
-5.852708307931209220e-02
-5.088667036821803435e-02
-5.088667036821803435e-02
-4.833986613118668174e-02
-5.343347460524938697e-02
-5.343347460524938697e-02
-5.852708307931209220e-02
-5.852708307931209220e-02
-5.088667036821803435e-02
-4.833986613118668174e-02
-4.579306189415532913e-02
-5.343347460524938697e-02
-5.088667036821803435e-02
-5.852708307931209220e-02
-6.107388731634344481e-02
-5.852708307931209220e-02
-5.088667036821803435e-02
-4.579306189415532913e-02
-4.833986613118668174e-02
-5.343347460524938697e-02
-5.343347460524938697e-02
-5.852708307931209220e-02
-5.852708307931209220e-02
-5.343347460524938697e-02
-4.579306189415532913e-02
-4.833986613118668174e-02
-5.088667036821803435e-02
-5.343347460524938697e-02
-5.852708307931209220e-02
-5.088667036821803435e-02
-5.343347460524938697e-02
-4.579306189415532913e-02
-5.088667036821803435e-02
-5.343347460524938697e-02
-5.852708307931209220e-02
-6.107388731634344481e-02
-5.088667036821803435e-02
-4.579306189415532913e-02
-4.833986613118668174e-02
-4.833986613118668174e-02
-5.088667036821803435e-02
-5.343347460524938697e-02
-5.852708307931209220e-02
-5.852708307931209220e-02
-5.088667036821803435e-02
-5.598027884228073958e-02
-5.088667036821803435e-02
-4.833986613118668174e-02
-5.343347460524938697e-02
-5.852708307931209220e-02
-5.598027884228073958e-02
-5.088667036821803435e-02
-5.343347460524938697e-02
-4.833986613118668174e-02
-4.833986613118668174e-02
-5.343347460524938697e-02
-5.852708307931209220e-02
-5.852708307931209220e-02
-5.088667036821803435e-02
-4.833986613118668174e-02
-4.833986613118668174e-02
-5.343347460524938697e-02
-5.088667036821803435e-02
-6.107388731634344481e-02
-6.107388731634344481e-02
-5.088667036821803435e-02
-4.833986613118668174e-02
-4.579306189415532913e-02
-5.343347460524938697e-02
-5.343347460524938697e-02
-5.852708307931209220e-02
-5.852708307931209220e-02
-5.088667036821803435e-02
-4.833986613118668174e-02
-4.833986613118668174e-02
-4.833986613118668174e-02
-5.343347460524938697e-02
-5.343347460524938697e-02
-6.107388731634344481e-02
-5.343347460524938697e-02
-5.343347460524938697e-02
-4.833986613118668174e-02
-5.088667036821803435e-02
-5.343347460524938697e-02
-5.088667036821803435e-02
-5.852708307931209220e-02
-5.343347460524938697e-02
-5.343347460524938697e-02
-4.579306189415532913e-02
-4.833986613118668174e-02
-5.343347460524938697e-02
-5.343347460524938697e-02
-5.088667036821803435e-02
-5.343347460524938697e-02
-4.579306189415532913e-02
-4.579306189415532913e-02
-5.343347460524938697e-02
-5.088667036821803435e-02
-5.343347460524938697e-02
-5.852708307931209220e-02
-5.343347460524938697e-02
-5.088667036821803435e-02
-4.833986613118668174e-02
-4.833986613118668174e-02
-5.343347460524938697e-02
-5.852708307931209220e-02
-5.852708307931209220e-02
-5.343347460524938697e-02
-5.088667036821803435e-02
-4.579306189415532913e-02
-5.343347460524938697e-02
-5.343347460524938697e-02
-5.852708307931209220e-02
-6.107388731634344481e-02
-5.088667036821803435e-02
-5.343347460524938697e-02
-4.579306189415532913e-02
-5.598027884228073958e-02
-5.088667036821803435e-02
-5.852708307931209220e-02
-6.107388731634344481e-02
-5.343347460524938697e-02
-4.833986613118668174e-02
-4.833986613118668174e-02
-5.343347460524938697e-02
-5.088667036821803435e-02
-6.107388731634344481e-02
-5.852708307931209220e-02
-5.343347460524938697e-02
-5.343347460524938697e-02
-4.833986613118668174e-02
-4.833986613118668174e-02
-5.343347460524938697e-02
-5.343347460524938697e-02
-6.107388731634344481e-02
-5.343347460524938697e-02
-5.343347460524938697e-02
-4.579306189415532913e-02
-4.833986613118668174e-02
-5.343347460524938697e-02
-5.343347460524938697e-02
-5.852708307931209220e-02
-5.598027884228073958e-02
-5.343347460524938697e-02
-4.833986613118668174e-02
-4.579306189415532913e-02
-5.088667036821803435e-02
-5.088667036821803435e-02
-5.598027884228073958e-02
-5.852708307931209220e-02
-5.343347460524938697e-02
-5.343347460524938697e-02
-4.579306189415532913e-02
-4.833986613118668174e-02
-5.343347460524938697e-02
-6.107388731634344481e-02
-5.852708307931209220e-02
-5.343347460524938697e-02
-5.343347460524938697e-02
-4.579306189415532913e-02
-5.598027884228073958e-02
-5.088667036821803435e-02
-5.088667036821803435e-02
-5.343347460524938697e-02
-6.107388731634344481e-02
-5.088667036821803435e-02
-5.343347460524938697e-02
-4.579306189415532913e-02
-4.833986613118668174e-02
-5.088667036821803435e-02
-5.598027884228073958e-02
-6.107388731634344481e-02
-5.852708307931209220e-02
-5.343347460524938697e-02
-4.833986613118668174e-02
-4.579306189415532913e-02
-5.343347460524938697e-02
-5.343347460524938697e-02
-5.852708307931209220e-02
-6.107388731634344481e-02
-5.088667036821803435e-02
-5.598027884228073958e-02
-4.579306189415532913e-02
-5.343347460524938697e-02
-5.852708307931209220e-02
-5.852708307931209220e-02
-5.088667036821803435e-02
-5.343347460524938697e-02
-4.579306189415532913e-02
-4.833986613118668174e-02
-5.343347460524938697e-02
-5.343347460524938697e-02
-5.852708307931209220e-02
-5.343347460524938697e-02
-5.343347460524938697e-02
-4.579306189415532913e-02
-4.579306189415532913e-02
-5.343347460524938697e-02
-5.343347460524938697e-02
-5.852708307931209220e-02
-6.107388731634344481e-02
-5.343347460524938697e-02
-4.579306189415532913e-02
-4.579306189415532913e-02
-5.343347460524938697e-02
-5.088667036821803435e-02
-5.598027884228073958e-02
-5.343347460524938697e-02
-5.088667036821803435e-02
-5.088667036821803435e-02
-4.833986613118668174e-02
-4.833986613118668174e-02
-5.343347460524938697e-02
-5.343347460524938697e-02
-5.852708307931209220e-02
-6.107388731634344481e-02
-5.343347460524938697e-02
-5.343347460524938697e-02
-5.343347460524938697e-02
-5.088667036821803435e-02
-5.852708307931209220e-02
-6.107388731634344481e-02
-5.088667036821803435e-02
-5.343347460524938697e-02
-4.579306189415532913e-02
-4.833986613118668174e-02
-5.088667036821803435e-02
-6.107388731634344481e-02
-5.852708307931209220e-02
-6.107388731634344481e-02
-5.343347460524938697e-02
-5.343347460524938697e-02
-4.833986613118668174e-02
-5.343347460524938697e-02
-5.343347460524938697e-02
-5.852708307931209220e-02
-6.107388731634344481e-02
-5.088667036821803435e-02
-5.343347460524938697e-02
-4.579306189415532913e-02
-5.598027884228073958e-02
-5.343347460524938697e-02
-5.852708307931209220e-02
-5.088667036821803435e-02
-5.088667036821803435e-02
-4.833986613118668174e-02
-4.579306189415532913e-02
-5.088667036821803435e-02
-5.343347460524938697e-02
-5.343347460524938697e-02
-5.852708307931209220e-02
-5.088667036821803435e-02
-5.343347460524938697e-02
-4.579306189415532913e-02
-4.833986613118668174e-02
-5.343347460524938697e-02
-5.343347460524938697e-02
-5.852708307931209220e-02
-5.852708307931209220e-02
-5.343347460524938697e-02
-4.579306189415532913e-02
-5.343347460524938697e-02
-6.107388731634344481e-02
-5.852708307931209220e-02
-6.107388731634344481e-02
-6.107388731634344481e-02
-5.088667036821803435e-02
-4.324625765712397651e-02
-4.833986613118668174e-02
-5.088667036821803435e-02
-5.343347460524938697e-02
-5.852708307931209220e-02
-5.852708307931209220e-02
-5.343347460524938697e-02
-5.343347460524938697e-02
-4.579306189415532913e-02
-5.343347460524938697e-02
-5.343347460524938697e-02
-6.107388731634344481e-02
-5.343347460524938697e-02
-5.088667036821803435e-02
-4.833986613118668174e-02
-4.579306189415532913e-02
-5.088667036821803435e-02
-5.343347460524938697e-02
-5.852708307931209220e-02
-5.852708307931209220e-02
-5.088667036821803435e-02
-5.343347460524938697e-02
-4.579306189415532913e-02
-4.833986613118668174e-02
-5.343347460524938697e-02
-5.852708307931209220e-02
-5.852708307931209220e-02
-5.343347460524938697e-02
-5.343347460524938697e-02
-4.579306189415532913e-02
-4.833986613118668174e-02
-5.343347460524938697e-02
-5.852708307931209220e-02
-6.107388731634344481e-02
-5.343347460524938697e-02
-5.343347460524938697e-02
-4.833986613118668174e-02
-5.343347460524938697e-02
-5.088667036821803435e-02
-6.107388731634344481e-02
-5.343347460524938697e-02
-5.343347460524938697e-02
-5.088667036821803435e-02
-4.579306189415532913e-02
-5.088667036821803435e-02
-5.343347460524938697e-02
-5.852708307931209220e-02
-5.088667036821803435e-02
-5.088667036821803435e-02
-4.833986613118668174e-02
-4.579306189415532913e-02
-5.088667036821803435e-02
-5.343347460524938697e-02
-5.852708307931209220e-02
-6.107388731634344481e-02
-5.343347460524938697e-02
-4.579306189415532913e-02
-4.833986613118668174e-02
-5.598027884228073958e-02
-6.107388731634344481e-02
-5.852708307931209220e-02
-5.343347460524938697e-02
-5.088667036821803435e-02
-4.833986613118668174e-02
-4.579306189415532913e-02
-5.088667036821803435e-02
-6.107388731634344481e-02
-5.343347460524938697e-02
-5.852708307931209220e-02
-5.088667036821803435e-02
-5.343347460524938697e-02
-4.579306189415532913e-02
-4.833986613118668174e-02
-5.088667036821803435e-02
-5.343347460524938697e-02
-5.852708307931209220e-02
-5.343347460524938697e-02
-5.343347460524938697e-02
-4.833986613118668174e-02
-5.088667036821803435e-02
-5.088667036821803435e-02
-5.343347460524938697e-02
-6.107388731634344481e-02
-5.088667036821803435e-02
-5.088667036821803435e-02
-4.579306189415532913e-02
-5.343347460524938697e-02
-5.088667036821803435e-02
-5.852708307931209220e-02
-6.107388731634344481e-02
-5.088667036821803435e-02
-5.343347460524938697e-02
-4.579306189415532913e-02
-4.833986613118668174e-02
-5.343347460524938697e-02
-5.343347460524938697e-02
-6.107388731634344481e-02
-5.343347460524938697e-02
-5.343347460524938697e-02
-4.833986613118668174e-02
-4.833986613118668174e-02
-5.088667036821803435e-02
-5.343347460524938697e-02
-6.107388731634344481e-02
-5.343347460524938697e-02
-5.343347460524938697e-02
-4.579306189415532913e-02
-5.088667036821803435e-02
-5.088667036821803435e-02
-5.343347460524938697e-02
-6.107388731634344481e-02
-5.343347460524938697e-02
-5.088667036821803435e-02
-4.579306189415532913e-02
-5.343347460524938697e-02
-5.343347460524938697e-02
-5.852708307931209220e-02
-6.107388731634344481e-02
-5.343347460524938697e-02
-5.088667036821803435e-02
-4.833986613118668174e-02
-4.833986613118668174e-02
-5.343347460524938697e-02
-5.343347460524938697e-02
-6.107388731634344481e-02
-5.852708307931209220e-02
-5.343347460524938697e-02
-5.343347460524938697e-02
-4.833986613118668174e-02
-5.343347460524938697e-02
-5.343347460524938697e-02
-5.852708307931209220e-02
-5.852708307931209220e-02
-5.343347460524938697e-02
-5.343347460524938697e-02
-4.579306189415532913e-02
-5.343347460524938697e-02
-5.343347460524938697e-02
-5.852708307931209220e-02
-6.107388731634344481e-02
-5.343347460524938697e-02
-5.088667036821803435e-02
-4.833986613118668174e-02
-4.579306189415532913e-02
-5.343347460524938697e-02
-6.107388731634344481e-02
-6.107388731634344481e-02
-5.343347460524938697e-02
-5.343347460524938697e-02
-4.579306189415532913e-02
-4.579306189415532913e-02
-5.088667036821803435e-02
-5.343347460524938697e-02
-6.107388731634344481e-02
-5.343347460524938697e-02
-5.598027884228073958e-02
-5.343347460524938697e-02
-4.579306189415532913e-02
-5.343347460524938697e-02
-5.088667036821803435e-02
-5.852708307931209220e-02
-5.852708307931209220e-02
-5.343347460524938697e-02
-4.579306189415532913e-02
-4.579306189415532913e-02
-4.833986613118668174e-02
-5.088667036821803435e-02
-5.343347460524938697e-02
-5.852708307931209220e-02
-6.107388731634344481e-02
-4.833986613118668174e-02
-4.579306189415532913e-02
-4.833986613118668174e-02
-5.343347460524938697e-02
-5.343347460524938697e-02
-5.852708307931209220e-02
-5.852708307931209220e-02
-5.088667036821803435e-02
-5.343347460524938697e-02
-4.833986613118668174e-02
-5.088667036821803435e-02
-5.343347460524938697e-02
-6.107388731634344481e-02
-5.852708307931209220e-02
-5.343347460524938697e-02
-5.088667036821803435e-02
-4.579306189415532913e-02
-5.343347460524938697e-02
-5.343347460524938697e-02
-5.852708307931209220e-02
-5.088667036821803435e-02
-5.088667036821803435e-02
-4.579306189415532913e-02
-5.088667036821803435e-02
-5.343347460524938697e-02
-5.343347460524938697e-02
-5.852708307931209220e-02
-6.107388731634344481e-02
-5.598027884228073958e-02
-4.579306189415532913e-02
-4.833986613118668174e-02
-5.343347460524938697e-02
-5.852708307931209220e-02
-5.343347460524938697e-02
-5.088667036821803435e-02
-4.833986613118668174e-02
-4.579306189415532913e-02
-5.088667036821803435e-02
-5.343347460524938697e-02
-6.107388731634344481e-02
-5.852708307931209220e-02
-5.343347460524938697e-02
-5.088667036821803435e-02
-5.088667036821803435e-02
-4.833986613118668174e-02
-5.088667036821803435e-02
-5.598027884228073958e-02
-5.852708307931209220e-02
-5.852708307931209220e-02
-5.343347460524938697e-02
-4.579306189415532913e-02
-5.088667036821803435e-02
-5.343347460524938697e-02
-5.088667036821803435e-02
-5.852708307931209220e-02
-5.852708307931209220e-02
-5.343347460524938697e-02
-4.833986613118668174e-02
-4.579306189415532913e-02
-5.598027884228073958e-02
-5.088667036821803435e-02
-5.852708307931209220e-02
-6.107388731634344481e-02
-5.343347460524938697e-02
-4.579306189415532913e-02
-5.343347460524938697e-02
-4.833986613118668174e-02
-5.343347460524938697e-02
-5.343347460524938697e-02
-5.852708307931209220e-02
-5.852708307931209220e-02
-5.343347460524938697e-02
-5.088667036821803435e-02
-4.833986613118668174e-02
-5.088667036821803435e-02
-5.343347460524938697e-02
-5.852708307931209220e-02
-6.107388731634344481e-02
-5.088667036821803435e-02
-5.343347460524938697e-02
-4.579306189415532913e-02
-5.088667036821803435e-02
-5.852708307931209220e-02
-5.852708307931209220e-02
-5.343347460524938697e-02
-5.343347460524938697e-02
-5.343347460524938697e-02
-4.579306189415532913e-02
-5.088667036821803435e-02
-5.343347460524938697e-02
-6.107388731634344481e-02
-5.343347460524938697e-02
-5.598027884228073958e-02
-5.343347460524938697e-02
-4.579306189415532913e-02
-4.579306189415532913e-02
-5.343347460524938697e-02
-6.107388731634344481e-02
-6.107388731634344481e-02
-5.088667036821803435e-02
-5.343347460524938697e-02
-4.579306189415532913e-02
-4.833986613118668174e-02
-5.343347460524938697e-02
-5.343347460524938697e-02
-5.852708307931209220e-02
-5.852708307931209220e-02
-5.343347460524938697e-02
-5.088667036821803435e-02
-4.579306189415532913e-02
-5.343347460524938697e-02
-6.107388731634344481e-02
-5.852708307931209220e-02
-5.852708307931209220e-02
-5.088667036821803435e-02
-5.343347460524938697e-02
-4.579306189415532913e-02
-4.833986613118668174e-02
-5.088667036821803435e-02
-5.852708307931209220e-02
-5.852708307931209220e-02
-5.343347460524938697e-02
-5.343347460524938697e-02
-4.833986613118668174e-02
-4.833986613118668174e-02
-5.343347460524938697e-02
-6.107388731634344481e-02
-5.343347460524938697e-02
-5.088667036821803435e-02
-5.343347460524938697e-02
-4.833986613118668174e-02
-4.833986613118668174e-02
-5.343347460524938697e-02
-5.852708307931209220e-02
-5.852708307931209220e-02
-5.343347460524938697e-02
-5.343347460524938697e-02
-4.833986613118668174e-02
-4.833986613118668174e-02
-5.343347460524938697e-02
-5.852708307931209220e-02
-5.852708307931209220e-02
-5.343347460524938697e-02
-5.343347460524938697e-02
-4.833986613118668174e-02
-4.833986613118668174e-02
-5.343347460524938697e-02
-5.088667036821803435e-02
-5.852708307931209220e-02
-5.343347460524938697e-02
-5.088667036821803435e-02
-4.833986613118668174e-02
-4.833986613118668174e-02
-5.088667036821803435e-02
-6.107388731634344481e-02
-6.107388731634344481e-02
-5.088667036821803435e-02
-4.833986613118668174e-02
-4.579306189415532913e-02
-5.088667036821803435e-02
-5.343347460524938697e-02
-5.852708307931209220e-02
-6.107388731634344481e-02
-5.598027884228073958e-02
-4.579306189415532913e-02
-4.833986613118668174e-02
-5.343347460524938697e-02
-5.343347460524938697e-02
-5.343347460524938697e-02
-6.107388731634344481e-02
-5.343347460524938697e-02
-5.343347460524938697e-02
-4.579306189415532913e-02
-4.579306189415532913e-02
-5.343347460524938697e-02
-5.598027884228073958e-02
-6.107388731634344481e-02
-5.343347460524938697e-02
-5.343347460524938697e-02
-4.579306189415532913e-02
-4.833986613118668174e-02
-5.343347460524938697e-02
-5.852708307931209220e-02
-5.343347460524938697e-02
-5.343347460524938697e-02
-4.833986613118668174e-02
-4.833986613118668174e-02
-5.088667036821803435e-02
-5.343347460524938697e-02
-6.107388731634344481e-02
-5.343347460524938697e-02
-5.343347460524938697e-02
-4.579306189415532913e-02
-4.833986613118668174e-02
-5.088667036821803435e-02
-6.107388731634344481e-02
-6.107388731634344481e-02
-5.343347460524938697e-02
-5.343347460524938697e-02
-4.833986613118668174e-02
-5.088667036821803435e-02
-5.343347460524938697e-02
-6.107388731634344481e-02
-5.088667036821803435e-02
-5.343347460524938697e-02
-5.343347460524938697e-02
-4.579306189415532913e-02
-4.833986613118668174e-02
-5.088667036821803435e-02
-5.088667036821803435e-02
-5.852708307931209220e-02
-5.598027884228073958e-02
-5.088667036821803435e-02
-4.579306189415532913e-02
-4.579306189415532913e-02
-5.598027884228073958e-02
-5.343347460524938697e-02
-6.107388731634344481e-02
-5.343347460524938697e-02
-5.343347460524938697e-02
-4.579306189415532913e-02
-4.579306189415532913e-02
-5.343347460524938697e-02
-5.088667036821803435e-02
-6.107388731634344481e-02
-5.852708307931209220e-02
-5.343347460524938697e-02
-5.088667036821803435e-02
-4.579306189415532913e-02
-4.833986613118668174e-02
-5.343347460524938697e-02
-5.343347460524938697e-02
-6.107388731634344481e-02
-5.852708307931209220e-02
-5.343347460524938697e-02
-4.579306189415532913e-02
-4.833986613118668174e-02
-5.343347460524938697e-02
-6.107388731634344481e-02
-5.852708307931209220e-02
-5.343347460524938697e-02
-5.343347460524938697e-02
-4.579306189415532913e-02
-5.088667036821803435e-02
-5.088667036821803435e-02
-5.343347460524938697e-02
-5.852708307931209220e-02
-5.088667036821803435e-02
-5.343347460524938697e-02
-5.343347460524938697e-02
-4.833986613118668174e-02
-4.833986613118668174e-02
-5.088667036821803435e-02
-5.852708307931209220e-02
-5.852708307931209220e-02
-5.343347460524938697e-02
-5.343347460524938697e-02
-5.343347460524938697e-02
-4.833986613118668174e-02
-5.343347460524938697e-02
-5.343347460524938697e-02
-5.852708307931209220e-02
-5.088667036821803435e-02
-5.343347460524938697e-02
-4.579306189415532913e-02
-4.579306189415532913e-02
-5.343347460524938697e-02
-5.343347460524938697e-02
-5.852708307931209220e-02
-5.852708307931209220e-02
-5.088667036821803435e-02
-4.833986613118668174e-02
-4.579306189415532913e-02
-5.343347460524938697e-02
-5.088667036821803435e-02
-5.852708307931209220e-02
-6.107388731634344481e-02
-5.343347460524938697e-02
-5.343347460524938697e-02
-4.833986613118668174e-02
-5.343347460524938697e-02
-5.343347460524938697e-02
-5.852708307931209220e-02
-6.107388731634344481e-02
-5.343347460524938697e-02
-5.343347460524938697e-02
-4.833986613118668174e-02
-5.088667036821803435e-02
-5.343347460524938697e-02
-5.852708307931209220e-02
-5.852708307931209220e-02
-5.598027884228073958e-02
-5.598027884228073958e-02
-4.579306189415532913e-02
-5.598027884228073958e-02
-5.343347460524938697e-02
-6.107388731634344481e-02
-5.852708307931209220e-02
-5.088667036821803435e-02
-5.088667036821803435e-02
-4.833986613118668174e-02
-5.343347460524938697e-02
-6.107388731634344481e-02
-5.852708307931209220e-02
-5.343347460524938697e-02
-4.833986613118668174e-02
-4.833986613118668174e-02
-4.833986613118668174e-02
-5.088667036821803435e-02
-5.343347460524938697e-02
-6.107388731634344481e-02
-5.343347460524938697e-02
-5.598027884228073958e-02
-4.833986613118668174e-02
-5.343347460524938697e-02
-5.343347460524938697e-02
-5.852708307931209220e-02
-5.852708307931209220e-02
-5.343347460524938697e-02
-5.343347460524938697e-02
-5.088667036821803435e-02
-4.833986613118668174e-02
-5.343347460524938697e-02
-5.343347460524938697e-02
-5.852708307931209220e-02
-6.107388731634344481e-02
-5.088667036821803435e-02
-4.579306189415532913e-02
-4.579306189415532913e-02
-5.343347460524938697e-02
-6.107388731634344481e-02
-6.107388731634344481e-02
-5.343347460524938697e-02
-5.343347460524938697e-02
-4.833986613118668174e-02
-4.833986613118668174e-02
-5.343347460524938697e-02
-5.343347460524938697e-02
-6.107388731634344481e-02
-5.088667036821803435e-02
-5.343347460524938697e-02
-5.343347460524938697e-02
-4.579306189415532913e-02
-4.579306189415532913e-02
-5.088667036821803435e-02
-5.343347460524938697e-02
-5.852708307931209220e-02
-5.598027884228073958e-02
-5.088667036821803435e-02
-4.833986613118668174e-02
-4.579306189415532913e-02
-5.343347460524938697e-02
-5.343347460524938697e-02
-5.852708307931209220e-02
-5.343347460524938697e-02
-5.088667036821803435e-02
-4.833986613118668174e-02
-4.579306189415532913e-02
-5.343347460524938697e-02
-5.088667036821803435e-02
-5.852708307931209220e-02
-5.343347460524938697e-02
-5.088667036821803435e-02
-4.833986613118668174e-02
-4.579306189415532913e-02
-5.088667036821803435e-02
-5.343347460524938697e-02
-5.852708307931209220e-02
-5.598027884228073958e-02
-5.343347460524938697e-02
-5.088667036821803435e-02
-4.833986613118668174e-02
-5.343347460524938697e-02
-5.343347460524938697e-02
-5.852708307931209220e-02
-5.343347460524938697e-02
-5.088667036821803435e-02
-4.833986613118668174e-02
-4.579306189415532913e-02
-5.343347460524938697e-02
-5.343347460524938697e-02
-5.852708307931209220e-02
-5.343347460524938697e-02
-5.343347460524938697e-02
-4.579306189415532913e-02
-4.579306189415532913e-02
-5.343347460524938697e-02
-5.343347460524938697e-02
-5.852708307931209220e-02
-5.852708307931209220e-02
-5.343347460524938697e-02
-5.088667036821803435e-02
-4.833986613118668174e-02
-5.343347460524938697e-02
-5.088667036821803435e-02
-5.852708307931209220e-02
-5.852708307931209220e-02
-5.343347460524938697e-02
-4.579306189415532913e-02
-4.579306189415532913e-02
-5.343347460524938697e-02
-5.852708307931209220e-02
-6.107388731634344481e-02
-5.852708307931209220e-02
-5.343347460524938697e-02
-5.343347460524938697e-02
-4.833986613118668174e-02
-5.598027884228073958e-02
-5.343347460524938697e-02
-5.852708307931209220e-02
-5.852708307931209220e-02
-5.088667036821803435e-02
-5.088667036821803435e-02
-4.579306189415532913e-02
-4.833986613118668174e-02
-5.343347460524938697e-02
-5.343347460524938697e-02
-5.852708307931209220e-02
-5.343347460524938697e-02
-5.343347460524938697e-02
-4.579306189415532913e-02
-4.833986613118668174e-02
-5.343347460524938697e-02
-6.107388731634344481e-02
-5.852708307931209220e-02
-5.343347460524938697e-02
-5.343347460524938697e-02
-4.579306189415532913e-02
-5.088667036821803435e-02
-5.343347460524938697e-02
-5.343347460524938697e-02
-5.852708307931209220e-02
-5.088667036821803435e-02
-4.833986613118668174e-02
-4.833986613118668174e-02
-5.088667036821803435e-02
-5.343347460524938697e-02
-6.107388731634344481e-02
-5.852708307931209220e-02
-5.343347460524938697e-02
-4.833986613118668174e-02
-4.579306189415532913e-02
-4.833986613118668174e-02
-5.343347460524938697e-02
-5.088667036821803435e-02
-6.107388731634344481e-02
-5.343347460524938697e-02
-5.343347460524938697e-02
-5.088667036821803435e-02
-4.579306189415532913e-02
-5.343347460524938697e-02
-5.343347460524938697e-02
-6.107388731634344481e-02
-5.343347460524938697e-02
-5.343347460524938697e-02
-5.088667036821803435e-02
-4.833986613118668174e-02
-5.343347460524938697e-02
-5.088667036821803435e-02
-5.852708307931209220e-02
-5.598027884228073958e-02
-5.343347460524938697e-02
-4.833986613118668174e-02
-4.833986613118668174e-02
-5.343347460524938697e-02
-5.343347460524938697e-02
-6.107388731634344481e-02
-5.852708307931209220e-02
-5.343347460524938697e-02
-5.343347460524938697e-02
-4.833986613118668174e-02
-4.833986613118668174e-02
-5.343347460524938697e-02
-5.852708307931209220e-02
-6.107388731634344481e-02
-5.343347460524938697e-02
-5.088667036821803435e-02
-4.833986613118668174e-02
-5.343347460524938697e-02
-5.343347460524938697e-02
-5.852708307931209220e-02
-5.852708307931209220e-02
-5.088667036821803435e-02
-4.833986613118668174e-02
-4.579306189415532913e-02
-5.343347460524938697e-02
-5.088667036821803435e-02
-6.107388731634344481e-02
-5.852708307931209220e-02
-5.343347460524938697e-02
-5.343347460524938697e-02
-4.833986613118668174e-02
-5.343347460524938697e-02
-5.088667036821803435e-02
-5.852708307931209220e-02
-5.852708307931209220e-02
-5.343347460524938697e-02
-5.343347460524938697e-02
-5.088667036821803435e-02
-4.833986613118668174e-02
-5.343347460524938697e-02
-5.343347460524938697e-02
-6.107388731634344481e-02
-5.852708307931209220e-02
-5.343347460524938697e-02
-5.088667036821803435e-02
-4.833986613118668174e-02
-4.833986613118668174e-02
-5.343347460524938697e-02
-5.598027884228073958e-02
-5.598027884228073958e-02
-5.343347460524938697e-02
-5.343347460524938697e-02
-4.833986613118668174e-02
-4.833986613118668174e-02
-5.088667036821803435e-02
-5.852708307931209220e-02
-5.852708307931209220e-02
-5.343347460524938697e-02
-5.088667036821803435e-02
-4.833986613118668174e-02
-4.833986613118668174e-02
-6.107388731634344481e-02
-5.852708307931209220e-02
-5.088667036821803435e-02
-5.598027884228073958e-02
-4.833986613118668174e-02
-5.088667036821803435e-02
-5.343347460524938697e-02
-5.343347460524938697e-02
-6.107388731634344481e-02
-5.852708307931209220e-02
-5.343347460524938697e-02
-5.343347460524938697e-02
-4.833986613118668174e-02
-5.343347460524938697e-02
-5.343347460524938697e-02
-6.107388731634344481e-02
-6.107388731634344481e-02
-5.852708307931209220e-02
-5.343347460524938697e-02
-4.833986613118668174e-02
-4.833986613118668174e-02
-5.088667036821803435e-02
-5.343347460524938697e-02
-6.107388731634344481e-02
-5.343347460524938697e-02
-5.088667036821803435e-02
-4.579306189415532913e-02
-4.579306189415532913e-02
-5.343347460524938697e-02
-5.598027884228073958e-02
-6.107388731634344481e-02
-5.852708307931209220e-02
-5.343347460524938697e-02
-5.598027884228073958e-02
-4.833986613118668174e-02
-4.579306189415532913e-02
-5.343347460524938697e-02
-5.852708307931209220e-02
-5.852708307931209220e-02
-5.343347460524938697e-02
-5.088667036821803435e-02
-5.088667036821803435e-02
-4.833986613118668174e-02
-5.343347460524938697e-02
-6.107388731634344481e-02
-5.343347460524938697e-02
-5.343347460524938697e-02
-4.833986613118668174e-02
-4.833986613118668174e-02
-5.343347460524938697e-02
-5.343347460524938697e-02
-5.852708307931209220e-02
-5.598027884228073958e-02
-5.343347460524938697e-02
-4.833986613118668174e-02
-4.833986613118668174e-02
-5.343347460524938697e-02
-5.343347460524938697e-02
-6.107388731634344481e-02
-5.852708307931209220e-02
-5.343347460524938697e-02
-4.833986613118668174e-02
-4.833986613118668174e-02
-5.343347460524938697e-02
-5.343347460524938697e-02
-5.088667036821803435e-02
-6.107388731634344481e-02
-5.343347460524938697e-02
-5.343347460524938697e-02
-4.833986613118668174e-02
-4.579306189415532913e-02
-5.343347460524938697e-02
-5.343347460524938697e-02
-5.852708307931209220e-02
-6.107388731634344481e-02
-5.598027884228073958e-02
-4.833986613118668174e-02
-4.833986613118668174e-02
-5.343347460524938697e-02
-5.343347460524938697e-02
-6.107388731634344481e-02
-5.852708307931209220e-02
-5.343347460524938697e-02
-4.833986613118668174e-02
-4.833986613118668174e-02
-5.343347460524938697e-02
-5.343347460524938697e-02
-5.852708307931209220e-02
-6.107388731634344481e-02
-5.598027884228073958e-02
-5.343347460524938697e-02
-4.833986613118668174e-02
-5.343347460524938697e-02
-5.343347460524938697e-02
-5.852708307931209220e-02
-5.852708307931209220e-02
-5.343347460524938697e-02
-5.343347460524938697e-02
-4.579306189415532913e-02
-5.343347460524938697e-02
-5.852708307931209220e-02
-5.852708307931209220e-02
-5.088667036821803435e-02
-5.343347460524938697e-02
-4.833986613118668174e-02
-5.343347460524938697e-02
-5.343347460524938697e-02
-5.852708307931209220e-02
-6.107388731634344481e-02
-5.852708307931209220e-02
-5.343347460524938697e-02
-5.343347460524938697e-02
-4.833986613118668174e-02
-5.088667036821803435e-02
-5.088667036821803435e-02
-5.852708307931209220e-02
-5.852708307931209220e-02
-5.343347460524938697e-02
-5.088667036821803435e-02
-4.833986613118668174e-02
-4.833986613118668174e-02
-5.343347460524938697e-02
-5.852708307931209220e-02
-5.343347460524938697e-02
-5.343347460524938697e-02
-4.833986613118668174e-02
-5.088667036821803435e-02
-4.833986613118668174e-02
-5.343347460524938697e-02
-5.343347460524938697e-02
-5.852708307931209220e-02
-5.343347460524938697e-02
-5.343347460524938697e-02
-4.833986613118668174e-02
-4.833986613118668174e-02
-5.343347460524938697e-02
-5.343347460524938697e-02
-6.107388731634344481e-02
-5.598027884228073958e-02
-5.343347460524938697e-02
-4.579306189415532913e-02
-4.833986613118668174e-02
-5.343347460524938697e-02
-5.343347460524938697e-02
-5.852708307931209220e-02
-5.852708307931209220e-02
-5.343347460524938697e-02
-5.088667036821803435e-02
-4.833986613118668174e-02
-5.343347460524938697e-02
-5.343347460524938697e-02
-5.852708307931209220e-02
-5.852708307931209220e-02
-5.598027884228073958e-02
-5.088667036821803435e-02
-4.579306189415532913e-02
-4.579306189415532913e-02
-5.088667036821803435e-02
-5.852708307931209220e-02
-5.852708307931209220e-02
-5.343347460524938697e-02
-5.343347460524938697e-02
-4.833986613118668174e-02
-5.343347460524938697e-02
-5.343347460524938697e-02
-6.107388731634344481e-02
-5.088667036821803435e-02
-5.343347460524938697e-02
-5.088667036821803435e-02
-4.579306189415532913e-02
-5.598027884228073958e-02
-5.343347460524938697e-02
-6.107388731634344481e-02
-5.088667036821803435e-02
-5.343347460524938697e-02
-5.343347460524938697e-02
-5.088667036821803435e-02
-4.579306189415532913e-02
-5.343347460524938697e-02
-6.107388731634344481e-02
-6.107388731634344481e-02
-5.088667036821803435e-02
-5.343347460524938697e-02
-4.833986613118668174e-02
-5.343347460524938697e-02
-5.343347460524938697e-02
-5.343347460524938697e-02
-5.852708307931209220e-02
-5.852708307931209220e-02
-5.343347460524938697e-02
-5.088667036821803435e-02
-4.833986613118668174e-02
-5.343347460524938697e-02
-5.343347460524938697e-02
-6.107388731634344481e-02
-6.107388731634344481e-02
-5.343347460524938697e-02
-4.833986613118668174e-02
-4.579306189415532913e-02
-5.343347460524938697e-02
-5.343347460524938697e-02
-6.107388731634344481e-02
-5.852708307931209220e-02
-5.088667036821803435e-02
-5.598027884228073958e-02
-5.088667036821803435e-02
-5.343347460524938697e-02
-5.343347460524938697e-02
-5.852708307931209220e-02
-5.852708307931209220e-02
-5.598027884228073958e-02
-5.343347460524938697e-02
-4.833986613118668174e-02
-5.343347460524938697e-02
-5.343347460524938697e-02
-6.107388731634344481e-02
-6.107388731634344481e-02
-5.088667036821803435e-02
-5.598027884228073958e-02
-5.088667036821803435e-02
-5.088667036821803435e-02
-5.343347460524938697e-02
-5.852708307931209220e-02
-5.852708307931209220e-02
-5.598027884228073958e-02
-4.579306189415532913e-02
-5.088667036821803435e-02
-4.833986613118668174e-02
-5.343347460524938697e-02
-5.343347460524938697e-02
-5.852708307931209220e-02
-5.852708307931209220e-02
-5.343347460524938697e-02
-5.343347460524938697e-02
-4.833986613118668174e-02
-4.833986613118668174e-02
-5.343347460524938697e-02
-6.107388731634344481e-02
-6.107388731634344481e-02
-5.343347460524938697e-02
-4.833986613118668174e-02
-4.579306189415532913e-02
-5.343347460524938697e-02
-5.343347460524938697e-02
-6.107388731634344481e-02
-5.852708307931209220e-02
-5.343347460524938697e-02
-5.343347460524938697e-02
-4.833986613118668174e-02
-5.343347460524938697e-02
-5.852708307931209220e-02
-5.852708307931209220e-02
-6.107388731634344481e-02
-5.343347460524938697e-02
-5.343347460524938697e-02
-4.579306189415532913e-02
-5.088667036821803435e-02
-5.343347460524938697e-02
-5.343347460524938697e-02
-6.107388731634344481e-02
-5.343347460524938697e-02
-5.343347460524938697e-02
-4.579306189415532913e-02
-4.579306189415532913e-02
-5.343347460524938697e-02
-5.343347460524938697e-02
-6.107388731634344481e-02
-5.343347460524938697e-02
-5.343347460524938697e-02
-4.833986613118668174e-02
-5.088667036821803435e-02
-5.343347460524938697e-02
-5.343347460524938697e-02
-5.343347460524938697e-02
-6.107388731634344481e-02
-5.343347460524938697e-02
-5.343347460524938697e-02
-4.833986613118668174e-02
-4.833986613118668174e-02
-5.343347460524938697e-02
-5.343347460524938697e-02
-5.852708307931209220e-02
-5.598027884228073958e-02
-5.343347460524938697e-02
-4.579306189415532913e-02
-4.833986613118668174e-02
-5.343347460524938697e-02
-5.598027884228073958e-02
-5.852708307931209220e-02
-5.852708307931209220e-02
-5.343347460524938697e-02
-5.343347460524938697e-02
-4.833986613118668174e-02
-4.833986613118668174e-02
-5.088667036821803435e-02
-5.852708307931209220e-02
-5.852708307931209220e-02
-5.343347460524938697e-02
-5.343347460524938697e-02
-4.579306189415532913e-02
-4.833986613118668174e-02
-5.343347460524938697e-02
-5.088667036821803435e-02
-5.852708307931209220e-02
-5.598027884228073958e-02
-5.088667036821803435e-02
-4.833986613118668174e-02
-4.579306189415532913e-02
-5.343347460524938697e-02
-5.343347460524938697e-02
-5.852708307931209220e-02
-5.343347460524938697e-02
-5.343347460524938697e-02
-4.833986613118668174e-02
-4.579306189415532913e-02
-5.343347460524938697e-02
-5.343347460524938697e-02
-6.107388731634344481e-02
-5.852708307931209220e-02
-5.343347460524938697e-02
-5.088667036821803435e-02
-4.833986613118668174e-02
-4.579306189415532913e-02
-5.343347460524938697e-02
-6.107388731634344481e-02
-5.852708307931209220e-02
-5.343347460524938697e-02
-5.343347460524938697e-02
-4.833986613118668174e-02
-4.579306189415532913e-02
-5.343347460524938697e-02
-6.107388731634344481e-02
-5.852708307931209220e-02
-5.343347460524938697e-02
-5.088667036821803435e-02
-4.833986613118668174e-02
-4.833986613118668174e-02
-5.343347460524938697e-02
-5.343347460524938697e-02
-6.107388731634344481e-02
-5.343347460524938697e-02
-5.343347460524938697e-02
-4.579306189415532913e-02
-5.343347460524938697e-02
-5.343347460524938697e-02
-5.088667036821803435e-02
-5.852708307931209220e-02
-5.343347460524938697e-02
-5.088667036821803435e-02
-4.833986613118668174e-02
-5.088667036821803435e-02
-5.343347460524938697e-02
-5.343347460524938697e-02
-5.852708307931209220e-02
-6.107388731634344481e-02
-5.343347460524938697e-02
-5.088667036821803435e-02
-5.343347460524938697e-02
-5.598027884228073958e-02
-5.088667036821803435e-02
-5.852708307931209220e-02
-5.343347460524938697e-02
-5.343347460524938697e-02
-4.833986613118668174e-02
-5.088667036821803435e-02
-5.343347460524938697e-02
-5.343347460524938697e-02
-6.107388731634344481e-02
-5.343347460524938697e-02
-5.343347460524938697e-02
-4.579306189415532913e-02
-5.343347460524938697e-02
-5.343347460524938697e-02
-5.343347460524938697e-02
-5.852708307931209220e-02
-5.852708307931209220e-02
-5.343347460524938697e-02
-5.343347460524938697e-02
-4.833986613118668174e-02
-4.579306189415532913e-02
-5.343347460524938697e-02
-6.107388731634344481e-02
-5.852708307931209220e-02
-5.343347460524938697e-02
-5.088667036821803435e-02
-5.088667036821803435e-02
-5.343347460524938697e-02
-5.852708307931209220e-02
-6.107388731634344481e-02
-5.852708307931209220e-02
-5.343347460524938697e-02
-4.579306189415532913e-02
-4.833986613118668174e-02
-5.088667036821803435e-02
-5.343347460524938697e-02
-6.107388731634344481e-02
-6.107388731634344481e-02
-5.343347460524938697e-02
-5.343347460524938697e-02
-4.579306189415532913e-02
-4.833986613118668174e-02
-5.343347460524938697e-02
-5.088667036821803435e-02
-5.852708307931209220e-02
-6.107388731634344481e-02
-5.343347460524938697e-02
-5.343347460524938697e-02
-4.833986613118668174e-02
-4.579306189415532913e-02
-5.343347460524938697e-02
-6.107388731634344481e-02
-5.852708307931209220e-02
-5.343347460524938697e-02
-5.088667036821803435e-02
-4.833986613118668174e-02
-4.833986613118668174e-02
-5.343347460524938697e-02
-5.343347460524938697e-02
-5.852708307931209220e-02
-5.343347460524938697e-02
-5.598027884228073958e-02
-4.833986613118668174e-02
-4.579306189415532913e-02
-5.343347460524938697e-02
-5.343347460524938697e-02
-5.852708307931209220e-02
-5.852708307931209220e-02
-5.343347460524938697e-02
-4.833986613118668174e-02
-4.833986613118668174e-02
-5.088667036821803435e-02
-6.107388731634344481e-02
-5.852708307931209220e-02
-5.343347460524938697e-02
-5.088667036821803435e-02
-4.833986613118668174e-02
-4.833986613118668174e-02
-5.343347460524938697e-02
-5.343347460524938697e-02
-6.107388731634344481e-02
-5.852708307931209220e-02
-5.343347460524938697e-02
-5.343347460524938697e-02
-4.833986613118668174e-02
-4.833986613118668174e-02
-5.343347460524938697e-02
-6.107388731634344481e-02
-6.107388731634344481e-02
-5.343347460524938697e-02
-5.088667036821803435e-02
-4.833986613118668174e-02
-4.579306189415532913e-02
-5.343347460524938697e-02
-5.852708307931209220e-02
-5.343347460524938697e-02
-5.343347460524938697e-02
-5.088667036821803435e-02
-4.833986613118668174e-02
-5.343347460524938697e-02
-5.343347460524938697e-02
-5.343347460524938697e-02
-5.852708307931209220e-02
-5.598027884228073958e-02
-5.343347460524938697e-02
-4.833986613118668174e-02
-5.343347460524938697e-02
-5.088667036821803435e-02
-5.852708307931209220e-02
-5.852708307931209220e-02
-5.343347460524938697e-02
-5.343347460524938697e-02
-5.343347460524938697e-02
-4.579306189415532913e-02
-4.833986613118668174e-02
-5.088667036821803435e-02
-6.107388731634344481e-02
-5.852708307931209220e-02
-5.343347460524938697e-02
-4.833986613118668174e-02
-4.833986613118668174e-02
-5.343347460524938697e-02
-6.107388731634344481e-02
-6.107388731634344481e-02
-5.598027884228073958e-02
-5.088667036821803435e-02
-5.343347460524938697e-02
-4.833986613118668174e-02
-4.579306189415532913e-02
-5.343347460524938697e-02
-5.852708307931209220e-02
-5.852708307931209220e-02
-5.598027884228073958e-02
-4.579306189415532913e-02
-4.833986613118668174e-02
-5.088667036821803435e-02
-5.343347460524938697e-02
-5.852708307931209220e-02
-5.852708307931209220e-02
-5.598027884228073958e-02
-5.343347460524938697e-02
-5.088667036821803435e-02
-5.088667036821803435e-02
-5.343347460524938697e-02
-5.343347460524938697e-02
-5.852708307931209220e-02
-5.852708307931209220e-02
-5.343347460524938697e-02
-5.343347460524938697e-02
-5.088667036821803435e-02
-4.833986613118668174e-02
-5.088667036821803435e-02
-5.852708307931209220e-02
-5.852708307931209220e-02
-5.343347460524938697e-02
-5.343347460524938697e-02
-4.833986613118668174e-02
-4.579306189415532913e-02
-5.343347460524938697e-02
-5.343347460524938697e-02
-5.852708307931209220e-02
-6.107388731634344481e-02
-5.343347460524938697e-02
-4.833986613118668174e-02
-4.833986613118668174e-02
-5.088667036821803435e-02
-5.852708307931209220e-02
-6.107388731634344481e-02
-5.343347460524938697e-02
-5.598027884228073958e-02
-5.343347460524938697e-02
-4.579306189415532913e-02
-5.343347460524938697e-02
-6.107388731634344481e-02
-6.107388731634344481e-02
-5.088667036821803435e-02
-5.343347460524938697e-02
-4.579306189415532913e-02
-4.579306189415532913e-02
-4.833986613118668174e-02
-5.343347460524938697e-02
-5.343347460524938697e-02
-6.107388731634344481e-02
-5.343347460524938697e-02
-5.343347460524938697e-02
-4.579306189415532913e-02
-4.833986613118668174e-02
-5.088667036821803435e-02
-5.343347460524938697e-02
-6.107388731634344481e-02
-5.852708307931209220e-02
-5.343347460524938697e-02
-4.833986613118668174e-02
-4.579306189415532913e-02
-5.343347460524938697e-02
-5.343347460524938697e-02
-5.852708307931209220e-02
-5.852708307931209220e-02
-5.598027884228073958e-02
-4.579306189415532913e-02
-4.579306189415532913e-02
-5.343347460524938697e-02
-5.343347460524938697e-02
-6.107388731634344481e-02
-5.343347460524938697e-02
-5.343347460524938697e-02
-4.579306189415532913e-02
-4.579306189415532913e-02
-5.343347460524938697e-02
-5.343347460524938697e-02
-6.107388731634344481e-02
-5.852708307931209220e-02
-5.343347460524938697e-02
-4.833986613118668174e-02
-4.833986613118668174e-02
-5.343347460524938697e-02
-5.343347460524938697e-02
-5.852708307931209220e-02
-5.852708307931209220e-02
-5.343347460524938697e-02
-5.088667036821803435e-02
-4.579306189415532913e-02
-5.343347460524938697e-02
-5.343347460524938697e-02
-5.852708307931209220e-02
-5.852708307931209220e-02
-5.343347460524938697e-02
-5.088667036821803435e-02
-4.833986613118668174e-02
-4.833986613118668174e-02
-5.343347460524938697e-02
-6.107388731634344481e-02
-5.852708307931209220e-02
-5.343347460524938697e-02
-5.343347460524938697e-02
-4.579306189415532913e-02
-4.833986613118668174e-02
-5.343347460524938697e-02
-5.343347460524938697e-02
-5.852708307931209220e-02
-5.852708307931209220e-02
-5.598027884228073958e-02
-5.343347460524938697e-02
-4.833986613118668174e-02
-5.343347460524938697e-02
-5.088667036821803435e-02
-6.107388731634344481e-02
-6.107388731634344481e-02
-5.343347460524938697e-02
-5.088667036821803435e-02
-4.579306189415532913e-02
-5.343347460524938697e-02
-5.343347460524938697e-02
-5.852708307931209220e-02
-6.107388731634344481e-02
-5.343347460524938697e-02
-5.088667036821803435e-02
-4.833986613118668174e-02
-5.088667036821803435e-02
-5.343347460524938697e-02
-6.107388731634344481e-02
-6.107388731634344481e-02
-5.343347460524938697e-02
-4.579306189415532913e-02
-4.833986613118668174e-02
-5.343347460524938697e-02
-6.107388731634344481e-02
-6.107388731634344481e-02
-5.343347460524938697e-02
-5.343347460524938697e-02
-5.343347460524938697e-02
-4.833986613118668174e-02
-5.343347460524938697e-02
-5.343347460524938697e-02
-5.852708307931209220e-02
-6.107388731634344481e-02
-5.088667036821803435e-02
-4.833986613118668174e-02
-4.833986613118668174e-02
-5.343347460524938697e-02
-5.343347460524938697e-02
-5.852708307931209220e-02
-6.107388731634344481e-02
-5.088667036821803435e-02
-5.343347460524938697e-02
-4.579306189415532913e-02
-4.579306189415532913e-02
-5.088667036821803435e-02
-5.343347460524938697e-02
-6.107388731634344481e-02
-5.343347460524938697e-02
-5.343347460524938697e-02
-4.833986613118668174e-02
-4.833986613118668174e-02
-4.579306189415532913e-02
-5.343347460524938697e-02
-5.852708307931209220e-02
-5.852708307931209220e-02
-5.598027884228073958e-02
-4.579306189415532913e-02
-5.088667036821803435e-02
-5.343347460524938697e-02
-5.343347460524938697e-02
-6.107388731634344481e-02
-5.852708307931209220e-02
-5.343347460524938697e-02
-4.579306189415532913e-02
-5.088667036821803435e-02
-5.088667036821803435e-02
-5.343347460524938697e-02
-5.852708307931209220e-02
-5.852708307931209220e-02
-5.343347460524938697e-02
-4.833986613118668174e-02
-4.579306189415532913e-02
-5.343347460524938697e-02
-5.343347460524938697e-02
-5.598027884228073958e-02
-5.088667036821803435e-02
-5.088667036821803435e-02
-4.833986613118668174e-02
-4.833986613118668174e-02
-4.579306189415532913e-02
-5.343347460524938697e-02
-5.852708307931209220e-02
-5.852708307931209220e-02
-5.343347460524938697e-02
-5.598027884228073958e-02
-4.579306189415532913e-02
-4.579306189415532913e-02
-5.343347460524938697e-02
-5.343347460524938697e-02
-5.852708307931209220e-02
-5.088667036821803435e-02
-5.343347460524938697e-02
-4.833986613118668174e-02
-5.343347460524938697e-02
-5.343347460524938697e-02
-6.107388731634344481e-02
-5.852708307931209220e-02
-5.343347460524938697e-02
-5.343347460524938697e-02
-4.833986613118668174e-02
-5.343347460524938697e-02
-5.343347460524938697e-02
-5.852708307931209220e-02
-6.107388731634344481e-02
-5.852708307931209220e-02
-5.088667036821803435e-02
-5.343347460524938697e-02
-4.833986613118668174e-02
-4.579306189415532913e-02
-5.852708307931209220e-02
-5.852708307931209220e-02
-5.343347460524938697e-02
-5.343347460524938697e-02
-5.088667036821803435e-02
-4.579306189415532913e-02
-4.579306189415532913e-02
-5.343347460524938697e-02
-5.852708307931209220e-02
-6.107388731634344481e-02
-5.343347460524938697e-02
-5.598027884228073958e-02
-4.579306189415532913e-02
-5.088667036821803435e-02
-5.598027884228073958e-02
-5.343347460524938697e-02
-5.852708307931209220e-02
-6.107388731634344481e-02
-5.343347460524938697e-02
-5.343347460524938697e-02
-4.579306189415532913e-02
-5.343347460524938697e-02
-5.088667036821803435e-02
-6.107388731634344481e-02
-5.852708307931209220e-02
-5.088667036821803435e-02
-5.343347460524938697e-02
-4.579306189415532913e-02
-4.579306189415532913e-02
-5.343347460524938697e-02
-6.107388731634344481e-02
-5.852708307931209220e-02
-5.343347460524938697e-02
-5.343347460524938697e-02
-5.343347460524938697e-02
-4.833986613118668174e-02
-4.833986613118668174e-02
-5.343347460524938697e-02
-5.852708307931209220e-02
-5.852708307931209220e-02
-5.343347460524938697e-02
-5.343347460524938697e-02
-4.833986613118668174e-02
-4.833986613118668174e-02
-5.343347460524938697e-02
-6.107388731634344481e-02
-6.107388731634344481e-02
-5.343347460524938697e-02
-5.088667036821803435e-02
-4.833986613118668174e-02
-5.088667036821803435e-02
-5.343347460524938697e-02
-6.107388731634344481e-02
-6.107388731634344481e-02
-5.343347460524938697e-02
-4.579306189415532913e-02
-4.833986613118668174e-02
-5.343347460524938697e-02
-5.343347460524938697e-02
-6.107388731634344481e-02
-5.343347460524938697e-02
-5.598027884228073958e-02
-4.833986613118668174e-02
-4.833986613118668174e-02
-5.852708307931209220e-02
-5.598027884228073958e-02
-5.852708307931209220e-02
-5.088667036821803435e-02
-5.343347460524938697e-02
-4.579306189415532913e-02
-5.343347460524938697e-02
-5.852708307931209220e-02
-5.852708307931209220e-02
-5.088667036821803435e-02
-5.343347460524938697e-02
-4.579306189415532913e-02
-4.833986613118668174e-02
-5.343347460524938697e-02
-5.343347460524938697e-02
-5.852708307931209220e-02
-5.852708307931209220e-02
-5.343347460524938697e-02
-5.343347460524938697e-02
-4.833986613118668174e-02
-4.579306189415532913e-02
-5.343347460524938697e-02
-5.852708307931209220e-02
-5.852708307931209220e-02
-5.343347460524938697e-02
-5.343347460524938697e-02
-4.579306189415532913e-02
-4.833986613118668174e-02
-5.088667036821803435e-02
-5.088667036821803435e-02
-6.107388731634344481e-02
-5.343347460524938697e-02
-5.343347460524938697e-02
-4.579306189415532913e-02
-5.343347460524938697e-02
-5.343347460524938697e-02
-5.852708307931209220e-02
-6.107388731634344481e-02
-5.343347460524938697e-02
-4.579306189415532913e-02
-4.579306189415532913e-02
-4.579306189415532913e-02
-5.088667036821803435e-02
-5.598027884228073958e-02
-5.852708307931209220e-02
-5.852708307931209220e-02
-5.343347460524938697e-02
-4.833986613118668174e-02
-4.833986613118668174e-02
-5.088667036821803435e-02
-5.598027884228073958e-02
-5.852708307931209220e-02
-5.088667036821803435e-02
-5.598027884228073958e-02
-4.833986613118668174e-02
-4.833986613118668174e-02
-5.343347460524938697e-02
-5.343347460524938697e-02
-5.852708307931209220e-02
-6.107388731634344481e-02
-5.343347460524938697e-02
-5.088667036821803435e-02
-4.833986613118668174e-02
-5.343347460524938697e-02
-5.088667036821803435e-02
-5.852708307931209220e-02
-5.343347460524938697e-02
-5.343347460524938697e-02
-4.579306189415532913e-02
-4.579306189415532913e-02
-5.343347460524938697e-02
-5.088667036821803435e-02
-6.107388731634344481e-02
-5.343347460524938697e-02
-5.343347460524938697e-02
-4.833986613118668174e-02
-5.343347460524938697e-02
-5.343347460524938697e-02
-5.088667036821803435e-02
-5.852708307931209220e-02
-5.088667036821803435e-02
-5.343347460524938697e-02
-5.088667036821803435e-02
-4.833986613118668174e-02
-5.088667036821803435e-02
-5.343347460524938697e-02
-5.852708307931209220e-02
-6.107388731634344481e-02
-5.088667036821803435e-02
-5.343347460524938697e-02
-4.833986613118668174e-02
-4.833986613118668174e-02
-5.088667036821803435e-02
-5.343347460524938697e-02
-5.852708307931209220e-02
-5.088667036821803435e-02
-5.343347460524938697e-02
-4.579306189415532913e-02
-5.088667036821803435e-02
-5.343347460524938697e-02
-5.343347460524938697e-02
-6.107388731634344481e-02
-5.852708307931209220e-02
-5.088667036821803435e-02
-4.833986613118668174e-02
-4.833986613118668174e-02
-5.343347460524938697e-02
-5.343347460524938697e-02
-5.852708307931209220e-02
-6.107388731634344481e-02
-5.343347460524938697e-02
-5.343347460524938697e-02
-4.833986613118668174e-02
-4.579306189415532913e-02
-5.343347460524938697e-02
-6.107388731634344481e-02
-6.107388731634344481e-02
-5.343347460524938697e-02
-5.343347460524938697e-02
-4.579306189415532913e-02
-4.579306189415532913e-02
-5.343347460524938697e-02
-5.343347460524938697e-02
-6.107388731634344481e-02
-5.088667036821803435e-02
-5.343347460524938697e-02
-4.833986613118668174e-02
-4.833986613118668174e-02
-5.343347460524938697e-02
-5.343347460524938697e-02
-5.852708307931209220e-02
-5.343347460524938697e-02
-5.343347460524938697e-02
-4.579306189415532913e-02
-5.088667036821803435e-02
-5.088667036821803435e-02
-5.852708307931209220e-02
-5.852708307931209220e-02
-5.343347460524938697e-02
-5.343347460524938697e-02
-4.833986613118668174e-02
-4.579306189415532913e-02
-5.088667036821803435e-02
-5.852708307931209220e-02
-5.598027884228073958e-02
-5.598027884228073958e-02
-5.343347460524938697e-02
-5.343347460524938697e-02
-4.579306189415532913e-02
-4.833986613118668174e-02
-5.088667036821803435e-02
-5.088667036821803435e-02
-5.852708307931209220e-02
-5.343347460524938697e-02
-5.343347460524938697e-02
-4.579306189415532913e-02
-5.088667036821803435e-02
-5.343347460524938697e-02
-5.852708307931209220e-02
-5.852708307931209220e-02
-5.343347460524938697e-02
-5.088667036821803435e-02
-4.833986613118668174e-02
-4.579306189415532913e-02
-5.088667036821803435e-02
-5.343347460524938697e-02
-5.852708307931209220e-02
-6.107388731634344481e-02
-5.088667036821803435e-02
-5.343347460524938697e-02
-4.833986613118668174e-02
-4.833986613118668174e-02
-5.343347460524938697e-02
-6.107388731634344481e-02
-5.343347460524938697e-02
-5.343347460524938697e-02
-4.833986613118668174e-02
-4.833986613118668174e-02
-5.088667036821803435e-02
-5.343347460524938697e-02
-5.852708307931209220e-02
-6.107388731634344481e-02
-5.088667036821803435e-02
-4.833986613118668174e-02
-4.579306189415532913e-02
-5.343347460524938697e-02
-5.088667036821803435e-02
-5.343347460524938697e-02
-5.852708307931209220e-02
-5.852708307931209220e-02
-5.343347460524938697e-02
-4.579306189415532913e-02
-4.833986613118668174e-02
-5.343347460524938697e-02
-5.343347460524938697e-02
-5.852708307931209220e-02
-5.343347460524938697e-02
-5.088667036821803435e-02
-5.598027884228073958e-02
-4.833986613118668174e-02
-4.833986613118668174e-02
-5.343347460524938697e-02
-5.598027884228073958e-02
-5.852708307931209220e-02
-5.852708307931209220e-02
-5.343347460524938697e-02
-4.579306189415532913e-02
-4.833986613118668174e-02
-5.343347460524938697e-02
-5.088667036821803435e-02
-5.852708307931209220e-02
-5.852708307931209220e-02
-5.343347460524938697e-02
-4.833986613118668174e-02
-5.343347460524938697e-02
-5.088667036821803435e-02
-5.343347460524938697e-02
-5.852708307931209220e-02
-5.343347460524938697e-02
-5.343347460524938697e-02
-4.579306189415532913e-02
-4.579306189415532913e-02
-5.343347460524938697e-02
-5.343347460524938697e-02
-5.852708307931209220e-02
-5.598027884228073958e-02
-5.343347460524938697e-02
-4.833986613118668174e-02
-5.343347460524938697e-02
-4.833986613118668174e-02
-5.088667036821803435e-02
-6.107388731634344481e-02
-5.852708307931209220e-02
-5.852708307931209220e-02
-5.343347460524938697e-02
-5.088667036821803435e-02
-4.579306189415532913e-02
-4.833986613118668174e-02
-5.343347460524938697e-02
-5.598027884228073958e-02
-6.107388731634344481e-02
-5.088667036821803435e-02
-5.088667036821803435e-02
-4.833986613118668174e-02
-4.833986613118668174e-02
-5.343347460524938697e-02
-5.343347460524938697e-02
-6.107388731634344481e-02
-5.343347460524938697e-02
-5.598027884228073958e-02
-4.579306189415532913e-02
-4.833986613118668174e-02
-5.343347460524938697e-02
-5.343347460524938697e-02
-6.107388731634344481e-02
-6.107388731634344481e-02
-5.343347460524938697e-02
-4.579306189415532913e-02
-4.579306189415532913e-02
-5.343347460524938697e-02
-5.343347460524938697e-02
-6.107388731634344481e-02
-5.852708307931209220e-02
-5.343347460524938697e-02
-5.343347460524938697e-02
-4.579306189415532913e-02
-5.343347460524938697e-02
-5.343347460524938697e-02
-6.107388731634344481e-02
-5.852708307931209220e-02
-5.088667036821803435e-02
-5.343347460524938697e-02
-4.833986613118668174e-02
-4.579306189415532913e-02
-5.088667036821803435e-02
-5.343347460524938697e-02
-5.852708307931209220e-02
-5.088667036821803435e-02
-5.343347460524938697e-02
-4.833986613118668174e-02
-4.833986613118668174e-02
-5.343347460524938697e-02
-5.088667036821803435e-02
-5.852708307931209220e-02
-5.852708307931209220e-02
-5.343347460524938697e-02
-4.579306189415532913e-02
-5.343347460524938697e-02
-5.343347460524938697e-02
-5.852708307931209220e-02
-5.598027884228073958e-02
-5.088667036821803435e-02
-5.343347460524938697e-02
-4.833986613118668174e-02
-4.833986613118668174e-02
-5.088667036821803435e-02
-5.343347460524938697e-02
-5.852708307931209220e-02
-5.343347460524938697e-02
-5.088667036821803435e-02
-4.833986613118668174e-02
-4.579306189415532913e-02
-5.088667036821803435e-02
-5.343347460524938697e-02
-5.852708307931209220e-02
-6.107388731634344481e-02
-5.088667036821803435e-02
-5.343347460524938697e-02
-4.833986613118668174e-02
-4.833986613118668174e-02
-5.343347460524938697e-02
-5.343347460524938697e-02
-5.852708307931209220e-02
-5.343347460524938697e-02
-4.579306189415532913e-02
-4.833986613118668174e-02
-4.833986613118668174e-02
-5.343347460524938697e-02
-5.343347460524938697e-02
-6.107388731634344481e-02
-5.343347460524938697e-02
-5.343347460524938697e-02
-4.579306189415532913e-02
-4.579306189415532913e-02
-5.088667036821803435e-02
-5.598027884228073958e-02
-5.852708307931209220e-02
-5.088667036821803435e-02
-5.088667036821803435e-02
-4.579306189415532913e-02
-4.833986613118668174e-02
-5.088667036821803435e-02
-6.107388731634344481e-02
-5.852708307931209220e-02
-5.852708307931209220e-02
-5.343347460524938697e-02
-5.343347460524938697e-02
-4.833986613118668174e-02
-5.598027884228073958e-02
-5.088667036821803435e-02
-5.343347460524938697e-02
-5.852708307931209220e-02
-5.343347460524938697e-02
-5.343347460524938697e-02
-4.833986613118668174e-02
-4.833986613118668174e-02
-5.088667036821803435e-02
-5.343347460524938697e-02
-5.852708307931209220e-02
-5.852708307931209220e-02
-5.343347460524938697e-02
-4.833986613118668174e-02
-4.579306189415532913e-02
-5.343347460524938697e-02
-5.343347460524938697e-02
-6.107388731634344481e-02
-5.343347460524938697e-02
-5.343347460524938697e-02
-4.579306189415532913e-02
-5.343347460524938697e-02
-5.088667036821803435e-02
-6.107388731634344481e-02
-5.598027884228073958e-02
-5.598027884228073958e-02
-5.088667036821803435e-02
-4.833986613118668174e-02
-4.579306189415532913e-02
-5.088667036821803435e-02
-5.343347460524938697e-02
-5.852708307931209220e-02
-5.343347460524938697e-02
-5.343347460524938697e-02
-5.343347460524938697e-02
-4.579306189415532913e-02
-5.088667036821803435e-02
-5.088667036821803435e-02
-5.852708307931209220e-02
-5.852708307931209220e-02
-5.343347460524938697e-02
-5.088667036821803435e-02
-4.579306189415532913e-02
-5.343347460524938697e-02
-5.343347460524938697e-02
-5.852708307931209220e-02
-5.852708307931209220e-02
-5.343347460524938697e-02
-5.343347460524938697e-02
-5.088667036821803435e-02
-4.833986613118668174e-02
-5.343347460524938697e-02
-5.088667036821803435e-02
-5.852708307931209220e-02
-6.107388731634344481e-02
-5.088667036821803435e-02
-4.833986613118668174e-02
-4.833986613118668174e-02
-5.088667036821803435e-02
-5.343347460524938697e-02
-6.107388731634344481e-02
-5.852708307931209220e-02
-5.343347460524938697e-02
-5.343347460524938697e-02
-4.579306189415532913e-02
-4.833986613118668174e-02
-5.088667036821803435e-02
-5.852708307931209220e-02
-6.107388731634344481e-02
-5.088667036821803435e-02
-5.343347460524938697e-02
-4.579306189415532913e-02
-4.833986613118668174e-02
-5.343347460524938697e-02
-5.852708307931209220e-02
-5.852708307931209220e-02
-5.088667036821803435e-02
-5.343347460524938697e-02
-4.579306189415532913e-02
-4.833986613118668174e-02
-5.088667036821803435e-02
-5.343347460524938697e-02
-6.107388731634344481e-02
-5.343347460524938697e-02
-5.343347460524938697e-02
-4.579306189415532913e-02
-4.833986613118668174e-02
-5.343347460524938697e-02
-5.343347460524938697e-02
-5.852708307931209220e-02
-5.598027884228073958e-02
-5.088667036821803435e-02
-5.088667036821803435e-02
-4.579306189415532913e-02
-5.343347460524938697e-02
-5.088667036821803435e-02
-5.852708307931209220e-02
-5.852708307931209220e-02
-5.088667036821803435e-02
-5.343347460524938697e-02
-4.579306189415532913e-02
-5.088667036821803435e-02
-5.088667036821803435e-02
-5.343347460524938697e-02
-5.852708307931209220e-02
-5.088667036821803435e-02
-5.343347460524938697e-02
-4.579306189415532913e-02
-4.579306189415532913e-02
-5.343347460524938697e-02
-5.343347460524938697e-02
-6.107388731634344481e-02
-6.107388731634344481e-02
-5.343347460524938697e-02
-4.833986613118668174e-02
-5.088667036821803435e-02
-5.088667036821803435e-02
-5.343347460524938697e-02
-5.852708307931209220e-02
-5.852708307931209220e-02
-5.088667036821803435e-02
-5.343347460524938697e-02
-4.833986613118668174e-02
-5.343347460524938697e-02
-5.343347460524938697e-02
-5.852708307931209220e-02
-6.107388731634344481e-02
-5.343347460524938697e-02
-5.343347460524938697e-02
-4.579306189415532913e-02
-5.088667036821803435e-02
-5.852708307931209220e-02
-5.852708307931209220e-02
-5.598027884228073958e-02
-5.598027884228073958e-02
-4.833986613118668174e-02
-5.343347460524938697e-02
-5.343347460524938697e-02
-5.088667036821803435e-02
-5.852708307931209220e-02
-6.107388731634344481e-02
-5.343347460524938697e-02
-4.579306189415532913e-02
-4.579306189415532913e-02
-5.088667036821803435e-02
-5.088667036821803435e-02
-5.852708307931209220e-02
-5.343347460524938697e-02
-5.343347460524938697e-02
-5.088667036821803435e-02
-4.833986613118668174e-02
-5.343347460524938697e-02
-5.343347460524938697e-02
-5.343347460524938697e-02
-5.852708307931209220e-02
-5.343347460524938697e-02
-5.088667036821803435e-02
-4.579306189415532913e-02
-4.579306189415532913e-02
-5.343347460524938697e-02
-5.088667036821803435e-02
-5.852708307931209220e-02
-5.343347460524938697e-02
-5.343347460524938697e-02
-4.579306189415532913e-02
-4.579306189415532913e-02
-5.088667036821803435e-02
-5.343347460524938697e-02
-5.598027884228073958e-02
-6.107388731634344481e-02
-6.107388731634344481e-02
-5.343347460524938697e-02
-4.833986613118668174e-02
-5.088667036821803435e-02
-5.343347460524938697e-02
-5.852708307931209220e-02
-6.107388731634344481e-02
-5.343347460524938697e-02
-4.833986613118668174e-02
-4.833986613118668174e-02
-4.833986613118668174e-02
-5.343347460524938697e-02
-5.343347460524938697e-02
-6.107388731634344481e-02
-6.107388731634344481e-02
-5.343347460524938697e-02
-4.579306189415532913e-02
-4.833986613118668174e-02
-5.088667036821803435e-02
-5.598027884228073958e-02
-5.343347460524938697e-02
-5.088667036821803435e-02
-5.343347460524938697e-02
-5.343347460524938697e-02
-4.833986613118668174e-02
-4.833986613118668174e-02
-5.343347460524938697e-02
-5.852708307931209220e-02
-5.088667036821803435e-02
-5.343347460524938697e-02
-4.579306189415532913e-02
-4.833986613118668174e-02
-5.343347460524938697e-02
-5.343347460524938697e-02
-6.107388731634344481e-02
-5.343347460524938697e-02
-5.343347460524938697e-02
-4.833986613118668174e-02
-4.833986613118668174e-02
-4.833986613118668174e-02
-5.343347460524938697e-02
-5.343347460524938697e-02
-6.107388731634344481e-02
-6.107388731634344481e-02
-5.343347460524938697e-02
-4.833986613118668174e-02
-4.833986613118668174e-02
-5.088667036821803435e-02
-5.088667036821803435e-02
-5.852708307931209220e-02
-5.852708307931209220e-02
-5.343347460524938697e-02
-5.088667036821803435e-02
-4.833986613118668174e-02
-5.343347460524938697e-02
-5.598027884228073958e-02
-5.852708307931209220e-02
-5.852708307931209220e-02
-5.343347460524938697e-02
-4.833986613118668174e-02
-4.579306189415532913e-02
-5.088667036821803435e-02
-5.598027884228073958e-02
-5.852708307931209220e-02
-5.088667036821803435e-02
-5.088667036821803435e-02
-4.579306189415532913e-02
-4.833986613118668174e-02
-5.088667036821803435e-02
-5.088667036821803435e-02
-5.852708307931209220e-02
-5.852708307931209220e-02
-5.088667036821803435e-02
-4.579306189415532913e-02
-4.579306189415532913e-02
-5.343347460524938697e-02
-5.088667036821803435e-02
-6.107388731634344481e-02
-5.852708307931209220e-02
-6.107388731634344481e-02
-5.343347460524938697e-02
-4.579306189415532913e-02
-4.579306189415532913e-02
-5.343347460524938697e-02
-5.343347460524938697e-02
-6.107388731634344481e-02
-6.107388731634344481e-02
-5.343347460524938697e-02
-4.833986613118668174e-02
-4.579306189415532913e-02
-5.088667036821803435e-02
-5.343347460524938697e-02
-6.107388731634344481e-02
-6.107388731634344481e-02
-5.343347460524938697e-02
-5.343347460524938697e-02
-4.833986613118668174e-02
-5.088667036821803435e-02
-5.343347460524938697e-02
-5.852708307931209220e-02
-5.088667036821803435e-02
-5.343347460524938697e-02
-4.833986613118668174e-02
-4.833986613118668174e-02
-5.343347460524938697e-02
-5.343347460524938697e-02
-5.852708307931209220e-02
-5.088667036821803435e-02
-5.088667036821803435e-02
-5.343347460524938697e-02
-4.579306189415532913e-02
-5.088667036821803435e-02
-5.343347460524938697e-02
-5.598027884228073958e-02
-5.852708307931209220e-02
-5.852708307931209220e-02
-5.088667036821803435e-02
-5.343347460524938697e-02
-4.579306189415532913e-02
-4.833986613118668174e-02
-5.343347460524938697e-02
-5.343347460524938697e-02
-5.852708307931209220e-02
-5.088667036821803435e-02
-5.343347460524938697e-02
-4.833986613118668174e-02
-4.833986613118668174e-02
-5.343347460524938697e-02
-6.107388731634344481e-02
-6.107388731634344481e-02
-5.598027884228073958e-02
-4.833986613118668174e-02
-4.833986613118668174e-02
-4.833986613118668174e-02
-5.088667036821803435e-02
-5.343347460524938697e-02
-5.598027884228073958e-02
-5.852708307931209220e-02
-5.343347460524938697e-02
-5.343347460524938697e-02
-4.833986613118668174e-02
-5.343347460524938697e-02
-5.343347460524938697e-02
-6.107388731634344481e-02
-5.852708307931209220e-02
-5.343347460524938697e-02
-5.343347460524938697e-02
-4.833986613118668174e-02
-4.833986613118668174e-02
-5.343347460524938697e-02
-5.852708307931209220e-02
-5.852708307931209220e-02
-5.088667036821803435e-02
-5.598027884228073958e-02
-4.833986613118668174e-02
-4.833986613118668174e-02
-5.343347460524938697e-02
-5.852708307931209220e-02
-5.598027884228073958e-02
-5.343347460524938697e-02
-5.343347460524938697e-02
-5.088667036821803435e-02
-4.833986613118668174e-02
-5.343347460524938697e-02
-5.343347460524938697e-02
-5.852708307931209220e-02
-5.088667036821803435e-02
-5.088667036821803435e-02
-4.579306189415532913e-02
-4.833986613118668174e-02
-5.088667036821803435e-02
-5.343347460524938697e-02
-5.852708307931209220e-02
-6.107388731634344481e-02
-5.343347460524938697e-02
-5.343347460524938697e-02
-4.579306189415532913e-02
-5.088667036821803435e-02
-6.107388731634344481e-02
-6.107388731634344481e-02
-6.107388731634344481e-02
-5.343347460524938697e-02
-4.833986613118668174e-02
-4.579306189415532913e-02
-5.088667036821803435e-02
-6.107388731634344481e-02
-5.852708307931209220e-02
-5.088667036821803435e-02
-5.343347460524938697e-02
-5.343347460524938697e-02
-4.833986613118668174e-02
-4.579306189415532913e-02
-5.088667036821803435e-02
-5.852708307931209220e-02
-6.107388731634344481e-02
-5.343347460524938697e-02
-5.598027884228073958e-02
-4.833986613118668174e-02
-5.088667036821803435e-02
-5.343347460524938697e-02
-5.852708307931209220e-02
-5.852708307931209220e-02
-5.343347460524938697e-02
-4.833986613118668174e-02
-4.579306189415532913e-02
-5.088667036821803435e-02
-5.343347460524938697e-02
-5.852708307931209220e-02
-6.107388731634344481e-02
-5.088667036821803435e-02
-5.343347460524938697e-02
-5.343347460524938697e-02
-4.579306189415532913e-02
-4.833986613118668174e-02
-5.343347460524938697e-02
-5.852708307931209220e-02
-6.107388731634344481e-02
-5.343347460524938697e-02
-5.343347460524938697e-02
-4.833986613118668174e-02
-4.579306189415532913e-02
-5.343347460524938697e-02
-5.343347460524938697e-02
-5.852708307931209220e-02
-6.107388731634344481e-02
-5.343347460524938697e-02
-4.833986613118668174e-02
-4.833986613118668174e-02
-5.088667036821803435e-02
-5.343347460524938697e-02
-5.852708307931209220e-02
-5.852708307931209220e-02
-5.088667036821803435e-02
-4.833986613118668174e-02
-4.833986613118668174e-02
-5.343347460524938697e-02
-5.343347460524938697e-02
-5.852708307931209220e-02
-5.852708307931209220e-02
-5.088667036821803435e-02
-5.088667036821803435e-02
-4.833986613118668174e-02
-5.088667036821803435e-02
-5.088667036821803435e-02
-5.852708307931209220e-02
-5.852708307931209220e-02
-5.343347460524938697e-02
-5.343347460524938697e-02
-4.833986613118668174e-02
-5.343347460524938697e-02
-5.343347460524938697e-02
-5.852708307931209220e-02
-5.343347460524938697e-02
-5.088667036821803435e-02
-4.833986613118668174e-02
-4.833986613118668174e-02
-5.343347460524938697e-02
-5.343347460524938697e-02
-6.107388731634344481e-02
-5.088667036821803435e-02
-5.343347460524938697e-02
-4.833986613118668174e-02
-4.833986613118668174e-02
-5.343347460524938697e-02
-5.088667036821803435e-02
-5.852708307931209220e-02
-6.107388731634344481e-02
-5.598027884228073958e-02
-5.343347460524938697e-02
-4.579306189415532913e-02
-4.833986613118668174e-02
-5.343347460524938697e-02
-5.088667036821803435e-02
-5.852708307931209220e-02
-5.852708307931209220e-02
-5.343347460524938697e-02
-4.833986613118668174e-02
-5.343347460524938697e-02
-5.088667036821803435e-02
-5.088667036821803435e-02
-5.852708307931209220e-02
-5.088667036821803435e-02
-5.088667036821803435e-02
-5.088667036821803435e-02
-4.579306189415532913e-02
-5.343347460524938697e-02
-5.343347460524938697e-02
-6.107388731634344481e-02
-5.088667036821803435e-02
-5.598027884228073958e-02
-5.088667036821803435e-02
-4.833986613118668174e-02
-5.088667036821803435e-02
-5.343347460524938697e-02
-5.852708307931209220e-02
-5.598027884228073958e-02
-5.088667036821803435e-02
-5.088667036821803435e-02
-4.833986613118668174e-02
-4.579306189415532913e-02
-5.343347460524938697e-02
-5.852708307931209220e-02
-6.107388731634344481e-02
-5.343347460524938697e-02
-5.343347460524938697e-02
-4.833986613118668174e-02
-5.088667036821803435e-02
-5.343347460524938697e-02
-5.343347460524938697e-02
-5.598027884228073958e-02
-5.852708307931209220e-02
-5.343347460524938697e-02
-5.343347460524938697e-02
-4.579306189415532913e-02
-5.343347460524938697e-02
-5.343347460524938697e-02
-5.852708307931209220e-02
-5.852708307931209220e-02
-5.343347460524938697e-02
-5.343347460524938697e-02
-4.833986613118668174e-02
-4.833986613118668174e-02
-5.852708307931209220e-02
-5.088667036821803435e-02
-5.852708307931209220e-02
-5.088667036821803435e-02
-5.088667036821803435e-02
-4.833986613118668174e-02
-4.579306189415532913e-02
-5.088667036821803435e-02
-5.852708307931209220e-02
-6.107388731634344481e-02
-5.852708307931209220e-02
-5.088667036821803435e-02
-4.833986613118668174e-02
-4.833986613118668174e-02
-5.343347460524938697e-02
-5.088667036821803435e-02
-6.107388731634344481e-02
-5.343347460524938697e-02
-5.343347460524938697e-02
-4.324625765712397651e-02
-4.833986613118668174e-02
-5.343347460524938697e-02
-5.852708307931209220e-02
-6.107388731634344481e-02
-5.088667036821803435e-02
-5.343347460524938697e-02
-5.343347460524938697e-02
-5.088667036821803435e-02
-5.598027884228073958e-02
-5.343347460524938697e-02
-6.107388731634344481e-02
-5.852708307931209220e-02
-5.343347460524938697e-02
-4.579306189415532913e-02
-4.833986613118668174e-02
-4.579306189415532913e-02
-5.343347460524938697e-02
-5.343347460524938697e-02
-5.852708307931209220e-02
-5.088667036821803435e-02
-5.598027884228073958e-02
-4.579306189415532913e-02
-4.833986613118668174e-02
-5.088667036821803435e-02
-5.088667036821803435e-02
-5.852708307931209220e-02
-5.852708307931209220e-02
-5.343347460524938697e-02
-4.833986613118668174e-02
-4.833986613118668174e-02
-5.343347460524938697e-02
-5.852708307931209220e-02
-5.852708307931209220e-02
-5.343347460524938697e-02
-5.088667036821803435e-02
-4.579306189415532913e-02
-5.343347460524938697e-02
-5.343347460524938697e-02
-5.852708307931209220e-02
-6.107388731634344481e-02
-5.343347460524938697e-02
-5.343347460524938697e-02
-4.579306189415532913e-02
-4.833986613118668174e-02
-5.343347460524938697e-02
-6.107388731634344481e-02
-5.852708307931209220e-02
-5.343347460524938697e-02
-5.343347460524938697e-02
-5.343347460524938697e-02
-4.579306189415532913e-02
-4.833986613118668174e-02
-5.343347460524938697e-02
-5.852708307931209220e-02
-5.852708307931209220e-02
-5.343347460524938697e-02
-4.579306189415532913e-02
-4.579306189415532913e-02
-5.088667036821803435e-02
-5.343347460524938697e-02
-5.852708307931209220e-02
-5.852708307931209220e-02
-5.088667036821803435e-02
-4.833986613118668174e-02
-4.579306189415532913e-02
-5.343347460524938697e-02
-5.343347460524938697e-02
-5.852708307931209220e-02
-6.107388731634344481e-02
-5.343347460524938697e-02
-5.088667036821803435e-02
-4.833986613118668174e-02
-4.579306189415532913e-02
-5.088667036821803435e-02
-5.852708307931209220e-02
-5.852708307931209220e-02
-6.107388731634344481e-02
-5.343347460524938697e-02
-5.343347460524938697e-02
-4.833986613118668174e-02
-4.579306189415532913e-02
-5.343347460524938697e-02
-5.852708307931209220e-02
-5.852708307931209220e-02
-5.598027884228073958e-02
-5.343347460524938697e-02
-5.088667036821803435e-02
-5.343347460524938697e-02
-5.343347460524938697e-02
-6.107388731634344481e-02
-5.852708307931209220e-02
-5.343347460524938697e-02
-5.343347460524938697e-02
-4.833986613118668174e-02
-4.833986613118668174e-02
-5.343347460524938697e-02
-5.343347460524938697e-02
-5.852708307931209220e-02
-5.852708307931209220e-02
-5.598027884228073958e-02
-5.343347460524938697e-02
-4.579306189415532913e-02
-4.833986613118668174e-02
-5.343347460524938697e-02
-6.107388731634344481e-02
-5.852708307931209220e-02
-5.343347460524938697e-02
-5.343347460524938697e-02
-5.088667036821803435e-02
-4.833986613118668174e-02
-5.088667036821803435e-02
-5.343347460524938697e-02
-6.107388731634344481e-02
-5.852708307931209220e-02
-5.343347460524938697e-02
-4.833986613118668174e-02
-4.833986613118668174e-02
-5.088667036821803435e-02
-5.343347460524938697e-02
-5.852708307931209220e-02
-5.852708307931209220e-02
-5.088667036821803435e-02
-4.579306189415532913e-02
-5.088667036821803435e-02
-5.343347460524938697e-02
-5.343347460524938697e-02
-6.107388731634344481e-02
-5.852708307931209220e-02
-5.598027884228073958e-02
-4.579306189415532913e-02
-4.579306189415532913e-02
-5.598027884228073958e-02
-5.343347460524938697e-02
-6.107388731634344481e-02
-5.852708307931209220e-02
-5.343347460524938697e-02
-4.579306189415532913e-02
-5.088667036821803435e-02
-5.088667036821803435e-02
-6.107388731634344481e-02
-5.852708307931209220e-02
-5.088667036821803435e-02
-5.088667036821803435e-02
-4.833986613118668174e-02
-4.833986613118668174e-02
-5.343347460524938697e-02
-5.088667036821803435e-02
-6.107388731634344481e-02
-5.852708307931209220e-02
-5.088667036821803435e-02
-5.343347460524938697e-02
-5.088667036821803435e-02
-4.833986613118668174e-02
-5.343347460524938697e-02
-5.343347460524938697e-02
-5.852708307931209220e-02
-5.088667036821803435e-02
-5.088667036821803435e-02
-4.579306189415532913e-02
-4.833986613118668174e-02
-5.343347460524938697e-02
-5.343347460524938697e-02
-5.852708307931209220e-02
-5.852708307931209220e-02
-5.343347460524938697e-02
-5.343347460524938697e-02
-4.833986613118668174e-02
-5.088667036821803435e-02
-5.343347460524938697e-02
-5.852708307931209220e-02
-5.598027884228073958e-02
-5.343347460524938697e-02
-4.833986613118668174e-02
-4.833986613118668174e-02
-5.343347460524938697e-02
-5.343347460524938697e-02
-5.852708307931209220e-02
-5.598027884228073958e-02
-5.343347460524938697e-02
-4.833986613118668174e-02
-4.579306189415532913e-02
-4.579306189415532913e-02
-5.088667036821803435e-02
-6.107388731634344481e-02
-6.107388731634344481e-02
-5.088667036821803435e-02
-5.598027884228073958e-02
-5.088667036821803435e-02
-4.833986613118668174e-02
-5.343347460524938697e-02
-6.107388731634344481e-02
-5.852708307931209220e-02
-5.088667036821803435e-02
-5.343347460524938697e-02
-4.579306189415532913e-02
-4.833986613118668174e-02
-5.343347460524938697e-02
-5.598027884228073958e-02
-6.107388731634344481e-02
-5.343347460524938697e-02
-5.852708307931209220e-02
-5.343347460524938697e-02
-4.833986613118668174e-02
-4.579306189415532913e-02
-5.343347460524938697e-02
-5.088667036821803435e-02
-5.852708307931209220e-02
-5.852708307931209220e-02
-5.343347460524938697e-02
-5.088667036821803435e-02
-4.833986613118668174e-02
-4.579306189415532913e-02
-5.343347460524938697e-02
-5.343347460524938697e-02
-5.852708307931209220e-02
-5.343347460524938697e-02
-5.343347460524938697e-02
-4.579306189415532913e-02
-4.579306189415532913e-02
-5.343347460524938697e-02
-5.088667036821803435e-02
-5.852708307931209220e-02
-5.852708307931209220e-02
-5.343347460524938697e-02
-4.579306189415532913e-02
-4.833986613118668174e-02
-5.088667036821803435e-02
-5.088667036821803435e-02
-5.852708307931209220e-02
-5.852708307931209220e-02
-5.343347460524938697e-02
-5.343347460524938697e-02
-4.833986613118668174e-02
-5.343347460524938697e-02
-5.852708307931209220e-02
-6.107388731634344481e-02
-5.598027884228073958e-02
-5.343347460524938697e-02
-4.833986613118668174e-02
-4.833986613118668174e-02
-5.343347460524938697e-02
-5.343347460524938697e-02
-6.107388731634344481e-02
-5.852708307931209220e-02
-5.343347460524938697e-02
-5.088667036821803435e-02
-4.833986613118668174e-02
-4.579306189415532913e-02
-5.088667036821803435e-02
-6.107388731634344481e-02
-5.852708307931209220e-02
-5.598027884228073958e-02
-5.088667036821803435e-02
-4.833986613118668174e-02
-4.579306189415532913e-02
-5.343347460524938697e-02
-5.343347460524938697e-02
-5.852708307931209220e-02
-5.343347460524938697e-02
-5.343347460524938697e-02
-4.833986613118668174e-02
-4.833986613118668174e-02
-5.343347460524938697e-02
-5.343347460524938697e-02
-5.852708307931209220e-02
-5.852708307931209220e-02
-5.088667036821803435e-02
-5.343347460524938697e-02
-4.579306189415532913e-02
-5.343347460524938697e-02
-5.343347460524938697e-02
-6.107388731634344481e-02
-5.852708307931209220e-02
-5.343347460524938697e-02
-5.088667036821803435e-02
-4.833986613118668174e-02
-5.343347460524938697e-02
-5.343347460524938697e-02
-6.107388731634344481e-02
-6.107388731634344481e-02
-5.343347460524938697e-02
-4.833986613118668174e-02
-4.833986613118668174e-02
-5.088667036821803435e-02
-5.088667036821803435e-02
-5.343347460524938697e-02
-6.107388731634344481e-02
-5.852708307931209220e-02
-5.343347460524938697e-02
-5.088667036821803435e-02
-4.579306189415532913e-02
-5.343347460524938697e-02
-5.343347460524938697e-02
-6.362069155337479742e-02
-5.852708307931209220e-02
-5.343347460524938697e-02
-5.343347460524938697e-02
-4.579306189415532913e-02
-4.833986613118668174e-02
-5.343347460524938697e-02
-5.343347460524938697e-02
-5.852708307931209220e-02
-5.343347460524938697e-02
-5.343347460524938697e-02
-5.088667036821803435e-02
-4.833986613118668174e-02
-5.088667036821803435e-02
-5.088667036821803435e-02
-5.852708307931209220e-02
-5.343347460524938697e-02
-5.088667036821803435e-02
-4.833986613118668174e-02
-4.579306189415532913e-02
-5.088667036821803435e-02
-5.343347460524938697e-02
-5.852708307931209220e-02
-5.852708307931209220e-02
-5.343347460524938697e-02
-5.088667036821803435e-02
-4.833986613118668174e-02
-5.343347460524938697e-02
-5.343347460524938697e-02
-5.852708307931209220e-02
-5.852708307931209220e-02
-5.343347460524938697e-02
-5.343347460524938697e-02
-4.324625765712397651e-02
-5.343347460524938697e-02
-5.343347460524938697e-02
-5.852708307931209220e-02
-5.852708307931209220e-02
-5.088667036821803435e-02
-5.088667036821803435e-02
-4.833986613118668174e-02
-4.579306189415532913e-02
-5.343347460524938697e-02
-5.088667036821803435e-02
-5.852708307931209220e-02
-5.598027884228073958e-02
-5.088667036821803435e-02
-4.833986613118668174e-02
-5.088667036821803435e-02
-5.343347460524938697e-02
-5.343347460524938697e-02
-5.852708307931209220e-02
-6.107388731634344481e-02
-5.088667036821803435e-02
-4.833986613118668174e-02
-4.833986613118668174e-02
-5.343347460524938697e-02
-5.343347460524938697e-02
-5.852708307931209220e-02
-5.598027884228073958e-02
-5.343347460524938697e-02
-5.088667036821803435e-02
-5.088667036821803435e-02
-4.833986613118668174e-02
-5.088667036821803435e-02
-6.107388731634344481e-02
-5.852708307931209220e-02
-5.343347460524938697e-02
-5.343347460524938697e-02
-4.833986613118668174e-02
-4.579306189415532913e-02
-5.343347460524938697e-02
-6.107388731634344481e-02
-6.107388731634344481e-02
-5.343347460524938697e-02
-5.343347460524938697e-02
-4.579306189415532913e-02
-5.343347460524938697e-02
-5.343347460524938697e-02
-6.107388731634344481e-02
-5.852708307931209220e-02
-5.343347460524938697e-02
-5.088667036821803435e-02
-4.833986613118668174e-02
-4.579306189415532913e-02
-5.343347460524938697e-02
-5.852708307931209220e-02
-5.598027884228073958e-02
-5.343347460524938697e-02
-4.579306189415532913e-02
-4.833986613118668174e-02
-4.833986613118668174e-02
-5.343347460524938697e-02
-5.088667036821803435e-02
-5.852708307931209220e-02
-5.852708307931209220e-02
-5.343347460524938697e-02
-4.833986613118668174e-02
-4.579306189415532913e-02
-5.343347460524938697e-02
-5.088667036821803435e-02
-5.852708307931209220e-02
-5.852708307931209220e-02
-5.343347460524938697e-02
-5.088667036821803435e-02
-5.088667036821803435e-02
-5.343347460524938697e-02
-5.343347460524938697e-02
-5.852708307931209220e-02
-5.852708307931209220e-02
-5.343347460524938697e-02
-5.343347460524938697e-02
-4.579306189415532913e-02
-5.343347460524938697e-02
-5.343347460524938697e-02
-6.107388731634344481e-02
-6.107388731634344481e-02
-5.343347460524938697e-02
-5.088667036821803435e-02
-4.833986613118668174e-02
-5.343347460524938697e-02
-5.343347460524938697e-02
-5.852708307931209220e-02
-5.343347460524938697e-02
-5.343347460524938697e-02
-5.343347460524938697e-02
-4.579306189415532913e-02
-5.343347460524938697e-02
-5.343347460524938697e-02
-6.107388731634344481e-02
-6.107388731634344481e-02
-5.088667036821803435e-02
-5.343347460524938697e-02
-5.343347460524938697e-02
-4.579306189415532913e-02
-5.088667036821803435e-02
-5.343347460524938697e-02
-5.852708307931209220e-02
-5.852708307931209220e-02
-5.598027884228073958e-02
-5.088667036821803435e-02
-4.833986613118668174e-02
-4.579306189415532913e-02
-5.598027884228073958e-02
-6.107388731634344481e-02
-5.852708307931209220e-02
-5.343347460524938697e-02
-5.343347460524938697e-02
-4.579306189415532913e-02
-5.343347460524938697e-02
-5.088667036821803435e-02
-6.107388731634344481e-02
-5.852708307931209220e-02
-5.343347460524938697e-02
-5.343347460524938697e-02
-4.833986613118668174e-02
-4.579306189415532913e-02
-5.598027884228073958e-02
-5.852708307931209220e-02
-5.852708307931209220e-02
-5.343347460524938697e-02
-5.343347460524938697e-02
-4.833986613118668174e-02
-4.833986613118668174e-02
-5.343347460524938697e-02
-5.343347460524938697e-02
-6.107388731634344481e-02
-6.107388731634344481e-02
-5.598027884228073958e-02
-5.343347460524938697e-02
-5.088667036821803435e-02
-5.343347460524938697e-02
-5.343347460524938697e-02
-5.852708307931209220e-02
-5.343347460524938697e-02
-5.343347460524938697e-02
-5.343347460524938697e-02
-4.579306189415532913e-02
-4.833986613118668174e-02
-5.343347460524938697e-02
-5.343347460524938697e-02
-6.107388731634344481e-02
-5.343347460524938697e-02
-5.343347460524938697e-02
-4.833986613118668174e-02
-4.833986613118668174e-02
-5.343347460524938697e-02
-6.107388731634344481e-02
-5.852708307931209220e-02
-5.852708307931209220e-02
-5.343347460524938697e-02
-4.579306189415532913e-02
-4.833986613118668174e-02
-5.343347460524938697e-02
-5.343347460524938697e-02
-5.852708307931209220e-02
-5.852708307931209220e-02
-5.343347460524938697e-02
-5.088667036821803435e-02
-4.833986613118668174e-02
-4.833986613118668174e-02
-5.343347460524938697e-02
-5.852708307931209220e-02
-6.107388731634344481e-02
-5.852708307931209220e-02
-5.343347460524938697e-02
-5.088667036821803435e-02
-4.833986613118668174e-02
-4.579306189415532913e-02
-5.343347460524938697e-02
-5.088667036821803435e-02
-6.107388731634344481e-02
-5.343347460524938697e-02
-4.579306189415532913e-02
-5.088667036821803435e-02
-4.579306189415532913e-02
-5.343347460524938697e-02
-5.852708307931209220e-02
-5.852708307931209220e-02
-5.852708307931209220e-02
-5.343347460524938697e-02
-4.833986613118668174e-02
-4.833986613118668174e-02
-5.343347460524938697e-02
-5.343347460524938697e-02
-5.852708307931209220e-02
-5.852708307931209220e-02
-5.343347460524938697e-02
-4.833986613118668174e-02
-4.833986613118668174e-02
-5.343347460524938697e-02
-5.852708307931209220e-02
-6.107388731634344481e-02
-5.343347460524938697e-02
-5.598027884228073958e-02
-4.833986613118668174e-02
-4.833986613118668174e-02
-5.343347460524938697e-02
-5.343347460524938697e-02
-5.343347460524938697e-02
-6.107388731634344481e-02
-6.107388731634344481e-02
-5.343347460524938697e-02
-5.088667036821803435e-02
-4.579306189415532913e-02
-5.598027884228073958e-02
-5.343347460524938697e-02
-6.107388731634344481e-02
-5.852708307931209220e-02
-5.343347460524938697e-02
-5.343347460524938697e-02
-4.579306189415532913e-02
-5.343347460524938697e-02
-5.088667036821803435e-02
-5.852708307931209220e-02
-5.852708307931209220e-02
-5.343347460524938697e-02
-5.088667036821803435e-02
-5.343347460524938697e-02
-5.598027884228073958e-02
-5.343347460524938697e-02
-6.107388731634344481e-02
-5.852708307931209220e-02
-5.343347460524938697e-02
-5.343347460524938697e-02
-4.833986613118668174e-02
-4.833986613118668174e-02
-5.088667036821803435e-02
-5.852708307931209220e-02
-5.852708307931209220e-02
-5.088667036821803435e-02
-4.833986613118668174e-02
-4.833986613118668174e-02
-5.343347460524938697e-02
-5.088667036821803435e-02
-6.107388731634344481e-02
-5.088667036821803435e-02
-5.343347460524938697e-02
-5.088667036821803435e-02
-4.579306189415532913e-02
-4.579306189415532913e-02
-5.088667036821803435e-02
-5.852708307931209220e-02
-6.107388731634344481e-02
-5.343347460524938697e-02
-5.343347460524938697e-02
-4.579306189415532913e-02
-4.833986613118668174e-02
-5.088667036821803435e-02
-6.107388731634344481e-02
-5.852708307931209220e-02
-5.343347460524938697e-02
-5.343347460524938697e-02
-4.833986613118668174e-02
-4.579306189415532913e-02
-5.088667036821803435e-02
-5.852708307931209220e-02
-5.852708307931209220e-02
-5.343347460524938697e-02
-5.343347460524938697e-02
-4.833986613118668174e-02
-5.343347460524938697e-02
-5.598027884228073958e-02
-5.088667036821803435e-02
-5.852708307931209220e-02
-5.343347460524938697e-02
-5.343347460524938697e-02
-5.343347460524938697e-02
-4.579306189415532913e-02
-5.343347460524938697e-02
-5.598027884228073958e-02
-6.107388731634344481e-02
-5.852708307931209220e-02
-5.088667036821803435e-02
-5.088667036821803435e-02
-4.579306189415532913e-02
-4.579306189415532913e-02
-5.343347460524938697e-02
-5.343347460524938697e-02
-5.852708307931209220e-02
-5.852708307931209220e-02
-5.088667036821803435e-02
-5.343347460524938697e-02
-4.579306189415532913e-02
-5.343347460524938697e-02
-5.343347460524938697e-02
-6.107388731634344481e-02
-5.852708307931209220e-02
-5.088667036821803435e-02
-5.343347460524938697e-02
-4.579306189415532913e-02
-5.343347460524938697e-02
-5.343347460524938697e-02
-5.852708307931209220e-02
-5.852708307931209220e-02
-5.343347460524938697e-02
-5.343347460524938697e-02
-5.088667036821803435e-02
-5.343347460524938697e-02
-5.343347460524938697e-02
-6.107388731634344481e-02
-5.343347460524938697e-02
-5.343347460524938697e-02
-5.343347460524938697e-02
-4.833986613118668174e-02
-4.833986613118668174e-02
-5.088667036821803435e-02
-5.852708307931209220e-02
-5.852708307931209220e-02
-5.343347460524938697e-02
-5.088667036821803435e-02
-4.833986613118668174e-02
-4.579306189415532913e-02
-5.343347460524938697e-02
-5.852708307931209220e-02
-5.343347460524938697e-02
-5.343347460524938697e-02
-4.579306189415532913e-02
-4.579306189415532913e-02
-5.343347460524938697e-02
-6.107388731634344481e-02
-5.852708307931209220e-02
-5.852708307931209220e-02
-5.343347460524938697e-02
-5.343347460524938697e-02
-4.833986613118668174e-02
-4.579306189415532913e-02
-5.343347460524938697e-02
-5.088667036821803435e-02
-6.107388731634344481e-02
-5.852708307931209220e-02
-5.343347460524938697e-02
-5.343347460524938697e-02
-4.833986613118668174e-02
-4.579306189415532913e-02
-5.343347460524938697e-02
-5.088667036821803435e-02
-5.852708307931209220e-02
-5.343347460524938697e-02
-5.343347460524938697e-02
-4.833986613118668174e-02
-5.343347460524938697e-02
-5.852708307931209220e-02
-5.852708307931209220e-02
-6.107388731634344481e-02
-5.343347460524938697e-02
-5.343347460524938697e-02
-4.833986613118668174e-02
-4.833986613118668174e-02
-4.833986613118668174e-02
-5.343347460524938697e-02
-5.852708307931209220e-02
-5.852708307931209220e-02
-5.343347460524938697e-02
-5.343347460524938697e-02
-4.833986613118668174e-02
-4.579306189415532913e-02
-5.343347460524938697e-02
-5.343347460524938697e-02
-6.107388731634344481e-02
-5.852708307931209220e-02
-5.343347460524938697e-02
-4.833986613118668174e-02
-4.833986613118668174e-02
-5.088667036821803435e-02
-6.107388731634344481e-02
-5.852708307931209220e-02
-5.343347460524938697e-02
-5.343347460524938697e-02
-4.833986613118668174e-02
-4.579306189415532913e-02
-5.343347460524938697e-02
-6.107388731634344481e-02
-5.852708307931209220e-02
-5.343347460524938697e-02
-5.343347460524938697e-02
-5.343347460524938697e-02
-4.579306189415532913e-02
-5.343347460524938697e-02
-5.343347460524938697e-02
-5.088667036821803435e-02
-6.107388731634344481e-02
-5.852708307931209220e-02
-5.343347460524938697e-02
-5.343347460524938697e-02
-4.833986613118668174e-02
-5.343347460524938697e-02
-5.343347460524938697e-02
-5.852708307931209220e-02
-5.852708307931209220e-02
-5.088667036821803435e-02
-5.343347460524938697e-02
-4.579306189415532913e-02
-5.343347460524938697e-02
-5.852708307931209220e-02
-6.107388731634344481e-02
-5.343347460524938697e-02
-5.343347460524938697e-02
-4.833986613118668174e-02
-4.833986613118668174e-02
-5.343347460524938697e-02
-5.852708307931209220e-02
-5.852708307931209220e-02
-5.598027884228073958e-02
-5.598027884228073958e-02
-5.088667036821803435e-02
-4.579306189415532913e-02
-5.343347460524938697e-02
-5.852708307931209220e-02
-5.852708307931209220e-02
-5.598027884228073958e-02
-5.343347460524938697e-02
-5.343347460524938697e-02
-4.833986613118668174e-02
-4.579306189415532913e-02
-5.343347460524938697e-02
-5.343347460524938697e-02
-5.852708307931209220e-02
-6.107388731634344481e-02
-5.088667036821803435e-02
-4.833986613118668174e-02
-4.579306189415532913e-02
-5.343347460524938697e-02
-5.343347460524938697e-02
-5.852708307931209220e-02
-5.852708307931209220e-02
-5.088667036821803435e-02
-4.579306189415532913e-02
-5.343347460524938697e-02
-5.343347460524938697e-02
-6.107388731634344481e-02
-6.362069155337479742e-02
-5.598027884228073958e-02
-5.343347460524938697e-02
-5.088667036821803435e-02
-4.833986613118668174e-02
-4.579306189415532913e-02
-5.343347460524938697e-02
-5.343347460524938697e-02
-5.852708307931209220e-02
-5.343347460524938697e-02
-5.343347460524938697e-02
-5.088667036821803435e-02
-4.579306189415532913e-02
-5.343347460524938697e-02
-5.343347460524938697e-02
-5.852708307931209220e-02
-5.343347460524938697e-02
-4.833986613118668174e-02
-4.833986613118668174e-02
-4.579306189415532913e-02
-5.343347460524938697e-02
-5.343347460524938697e-02
-6.107388731634344481e-02
-5.852708307931209220e-02
-5.343347460524938697e-02
-5.343347460524938697e-02
-4.833986613118668174e-02
-5.343347460524938697e-02
-5.343347460524938697e-02
-6.107388731634344481e-02
-5.852708307931209220e-02
-5.088667036821803435e-02
-5.343347460524938697e-02
-4.833986613118668174e-02
-4.833986613118668174e-02
-5.343347460524938697e-02
-5.343347460524938697e-02
-5.852708307931209220e-02
-5.852708307931209220e-02
-5.088667036821803435e-02
-5.343347460524938697e-02
-4.833986613118668174e-02
-4.833986613118668174e-02
-5.088667036821803435e-02
-5.343347460524938697e-02
-5.598027884228073958e-02
-5.852708307931209220e-02
-5.088667036821803435e-02
-4.579306189415532913e-02
-4.833986613118668174e-02
-5.088667036821803435e-02
-5.852708307931209220e-02
-6.107388731634344481e-02
-5.343347460524938697e-02
-5.343347460524938697e-02
-4.833986613118668174e-02
-4.833986613118668174e-02
-5.343347460524938697e-02
-6.107388731634344481e-02
-6.107388731634344481e-02
-5.343347460524938697e-02
-5.343347460524938697e-02
-5.088667036821803435e-02
-4.833986613118668174e-02
-5.343347460524938697e-02
-5.088667036821803435e-02
-5.852708307931209220e-02
-5.852708307931209220e-02
-5.598027884228073958e-02
-5.343347460524938697e-02
-4.579306189415532913e-02
-4.579306189415532913e-02
-5.343347460524938697e-02
-5.088667036821803435e-02
-5.852708307931209220e-02
-6.107388731634344481e-02
-5.088667036821803435e-02
-4.579306189415532913e-02
-4.833986613118668174e-02
-5.088667036821803435e-02
-5.343347460524938697e-02
-5.852708307931209220e-02
-5.343347460524938697e-02
-5.343347460524938697e-02
-5.088667036821803435e-02
-4.833986613118668174e-02
-5.343347460524938697e-02
-5.852708307931209220e-02
-6.107388731634344481e-02
-6.107388731634344481e-02
-5.088667036821803435e-02
-5.088667036821803435e-02
-4.579306189415532913e-02
-4.579306189415532913e-02
-5.343347460524938697e-02
-6.362069155337479742e-02
-5.852708307931209220e-02
-5.343347460524938697e-02
-5.343347460524938697e-02
-4.833986613118668174e-02
-4.833986613118668174e-02
-5.343347460524938697e-02
-5.088667036821803435e-02
-5.852708307931209220e-02
-6.107388731634344481e-02
-5.088667036821803435e-02
-5.088667036821803435e-02
-4.579306189415532913e-02
-5.598027884228073958e-02
-5.343347460524938697e-02
-6.107388731634344481e-02
-5.852708307931209220e-02
-5.343347460524938697e-02
-5.088667036821803435e-02
-5.088667036821803435e-02
-5.343347460524938697e-02
-5.088667036821803435e-02
-5.598027884228073958e-02
-5.852708307931209220e-02
-5.343347460524938697e-02
-5.343347460524938697e-02
-4.833986613118668174e-02
-4.833986613118668174e-02
-5.343347460524938697e-02
-5.852708307931209220e-02
-5.852708307931209220e-02
-5.343347460524938697e-02
-4.833986613118668174e-02
-4.833986613118668174e-02
-5.343347460524938697e-02
-5.088667036821803435e-02
-5.852708307931209220e-02
-5.343347460524938697e-02
-5.343347460524938697e-02
-4.833986613118668174e-02
-4.833986613118668174e-02
-4.833986613118668174e-02
-5.088667036821803435e-02
-5.852708307931209220e-02
-6.107388731634344481e-02
-5.598027884228073958e-02
-5.343347460524938697e-02
-5.088667036821803435e-02
-5.343347460524938697e-02
-5.343347460524938697e-02
-5.343347460524938697e-02
-5.852708307931209220e-02
-5.343347460524938697e-02
-5.343347460524938697e-02
-5.598027884228073958e-02
-4.833986613118668174e-02
-4.833986613118668174e-02
-5.343347460524938697e-02
-5.852708307931209220e-02
-5.852708307931209220e-02
-5.343347460524938697e-02
-4.833986613118668174e-02
-4.579306189415532913e-02
-5.088667036821803435e-02
-5.343347460524938697e-02
-5.852708307931209220e-02
-5.343347460524938697e-02
-5.343347460524938697e-02
-4.833986613118668174e-02
-4.579306189415532913e-02
-5.343347460524938697e-02
-5.852708307931209220e-02
-5.852708307931209220e-02
-5.343347460524938697e-02
-5.343347460524938697e-02
-5.088667036821803435e-02
-4.579306189415532913e-02
-5.343347460524938697e-02
-5.343347460524938697e-02
-6.107388731634344481e-02
-5.852708307931209220e-02
-5.088667036821803435e-02
-4.833986613118668174e-02
-4.579306189415532913e-02
-4.833986613118668174e-02
-5.343347460524938697e-02
-5.852708307931209220e-02
-5.852708307931209220e-02
-5.343347460524938697e-02
-5.343347460524938697e-02
-4.579306189415532913e-02
-5.343347460524938697e-02
-5.088667036821803435e-02
-5.343347460524938697e-02
-5.852708307931209220e-02
-5.343347460524938697e-02
-5.343347460524938697e-02
-4.579306189415532913e-02
-4.833986613118668174e-02
-5.088667036821803435e-02
-5.343347460524938697e-02
-5.852708307931209220e-02
-6.107388731634344481e-02
-5.343347460524938697e-02
-5.343347460524938697e-02
-4.579306189415532913e-02
-5.343347460524938697e-02
-5.343347460524938697e-02
-5.852708307931209220e-02
-5.852708307931209220e-02
-5.598027884228073958e-02
-5.343347460524938697e-02
-4.833986613118668174e-02
-4.579306189415532913e-02
-5.088667036821803435e-02
-5.343347460524938697e-02
-5.852708307931209220e-02
-5.852708307931209220e-02
-5.343347460524938697e-02
-4.579306189415532913e-02
-4.833986613118668174e-02
-5.088667036821803435e-02
-5.343347460524938697e-02
-5.852708307931209220e-02
-5.852708307931209220e-02
-5.343347460524938697e-02
-5.343347460524938697e-02
-4.833986613118668174e-02
-5.088667036821803435e-02
-5.343347460524938697e-02
-5.852708307931209220e-02
-5.852708307931209220e-02
-5.343347460524938697e-02
-5.088667036821803435e-02
-4.579306189415532913e-02
-4.833986613118668174e-02
-5.343347460524938697e-02
-5.852708307931209220e-02
-5.852708307931209220e-02
-5.343347460524938697e-02
-5.088667036821803435e-02
-4.833986613118668174e-02
-4.833986613118668174e-02
-5.343347460524938697e-02
-5.852708307931209220e-02
-5.852708307931209220e-02
-5.343347460524938697e-02
-5.088667036821803435e-02
-4.833986613118668174e-02
-4.579306189415532913e-02
-5.343347460524938697e-02
-5.343347460524938697e-02
-6.107388731634344481e-02
-5.343347460524938697e-02
-5.598027884228073958e-02
-4.833986613118668174e-02
-5.088667036821803435e-02
-5.088667036821803435e-02
-6.107388731634344481e-02
-5.852708307931209220e-02
-5.343347460524938697e-02
-5.343347460524938697e-02
-4.579306189415532913e-02
-4.833986613118668174e-02
-5.343347460524938697e-02
-6.107388731634344481e-02
-5.852708307931209220e-02
-5.343347460524938697e-02
-5.088667036821803435e-02
-4.833986613118668174e-02
-4.833986613118668174e-02
-4.579306189415532913e-02
-5.343347460524938697e-02
-5.343347460524938697e-02
-6.107388731634344481e-02
-6.107388731634344481e-02
-5.343347460524938697e-02
-5.088667036821803435e-02
-4.833986613118668174e-02
-5.343347460524938697e-02
-5.343347460524938697e-02
-6.107388731634344481e-02
-5.343347460524938697e-02
-5.088667036821803435e-02
-4.579306189415532913e-02
-4.579306189415532913e-02
-5.088667036821803435e-02
-5.343347460524938697e-02
-5.852708307931209220e-02
-5.343347460524938697e-02
-5.088667036821803435e-02
-4.579306189415532913e-02
-4.833986613118668174e-02
-5.598027884228073958e-02
-5.343347460524938697e-02
-5.852708307931209220e-02
-5.852708307931209220e-02
-5.343347460524938697e-02
-5.088667036821803435e-02
-4.833986613118668174e-02
-4.833986613118668174e-02
-5.343347460524938697e-02
-5.343347460524938697e-02
-5.598027884228073958e-02
-5.852708307931209220e-02
-5.343347460524938697e-02
-4.579306189415532913e-02
-4.579306189415532913e-02
-5.088667036821803435e-02
-5.343347460524938697e-02
-5.852708307931209220e-02
-6.107388731634344481e-02
-5.343347460524938697e-02
-4.833986613118668174e-02
-4.833986613118668174e-02
-5.088667036821803435e-02
-5.852708307931209220e-02
-5.852708307931209220e-02
-5.088667036821803435e-02
-5.343347460524938697e-02
-4.833986613118668174e-02
-5.343347460524938697e-02
-5.343347460524938697e-02
-6.107388731634344481e-02
-6.107388731634344481e-02
-5.343347460524938697e-02
-5.088667036821803435e-02
-4.833986613118668174e-02
-5.343347460524938697e-02
-5.343347460524938697e-02
-6.107388731634344481e-02
-5.852708307931209220e-02
-5.343347460524938697e-02
-5.343347460524938697e-02
-4.833986613118668174e-02
-4.579306189415532913e-02
-5.088667036821803435e-02
-6.107388731634344481e-02
-5.852708307931209220e-02
-5.852708307931209220e-02
-5.088667036821803435e-02
-5.343347460524938697e-02
-4.833986613118668174e-02
-5.088667036821803435e-02
-6.107388731634344481e-02
-5.852708307931209220e-02
-5.598027884228073958e-02
-5.088667036821803435e-02
-5.088667036821803435e-02
-4.579306189415532913e-02
-4.833986613118668174e-02
-5.343347460524938697e-02
-5.343347460524938697e-02
-5.852708307931209220e-02
-5.343347460524938697e-02
-5.088667036821803435e-02
-4.579306189415532913e-02
-5.343347460524938697e-02
-5.088667036821803435e-02
-5.343347460524938697e-02
-5.598027884228073958e-02
-5.852708307931209220e-02
-5.343347460524938697e-02
-5.598027884228073958e-02
-4.579306189415532913e-02
-4.833986613118668174e-02
-5.088667036821803435e-02
-5.343347460524938697e-02
-5.852708307931209220e-02
-5.343347460524938697e-02
-5.088667036821803435e-02
-4.579306189415532913e-02
-4.579306189415532913e-02
-5.343347460524938697e-02
-5.343347460524938697e-02
-5.598027884228073958e-02
-5.343347460524938697e-02
-5.343347460524938697e-02
-4.833986613118668174e-02
-4.579306189415532913e-02
-5.088667036821803435e-02
-5.088667036821803435e-02
-6.107388731634344481e-02
-5.852708307931209220e-02
-5.598027884228073958e-02
-5.343347460524938697e-02
-4.833986613118668174e-02
-5.343347460524938697e-02
-5.343347460524938697e-02
-5.852708307931209220e-02
-5.852708307931209220e-02
-5.343347460524938697e-02
-5.343347460524938697e-02
-4.579306189415532913e-02
-4.833986613118668174e-02
-5.343347460524938697e-02
-5.343347460524938697e-02
-6.107388731634344481e-02
-5.852708307931209220e-02
-5.343347460524938697e-02
-5.343347460524938697e-02
-4.833986613118668174e-02
-5.343347460524938697e-02
-5.088667036821803435e-02
-5.852708307931209220e-02
-5.852708307931209220e-02
-5.088667036821803435e-02
-5.088667036821803435e-02
-5.088667036821803435e-02
-4.579306189415532913e-02
-5.088667036821803435e-02
-5.343347460524938697e-02
-6.107388731634344481e-02
-5.343347460524938697e-02
-5.343347460524938697e-02
-4.833986613118668174e-02
-4.833986613118668174e-02
-5.088667036821803435e-02
-5.343347460524938697e-02
-5.852708307931209220e-02
-5.343347460524938697e-02
-5.343347460524938697e-02
-4.833986613118668174e-02
-4.833986613118668174e-02
-5.088667036821803435e-02
-5.088667036821803435e-02
-5.598027884228073958e-02
-5.852708307931209220e-02
-5.598027884228073958e-02
-5.343347460524938697e-02
-4.579306189415532913e-02
-4.579306189415532913e-02
-5.088667036821803435e-02
-6.107388731634344481e-02
-6.107388731634344481e-02
-5.088667036821803435e-02
-5.343347460524938697e-02
-5.343347460524938697e-02
-4.833986613118668174e-02
-5.088667036821803435e-02
-5.343347460524938697e-02
-6.107388731634344481e-02
-5.852708307931209220e-02
-5.088667036821803435e-02
-5.343347460524938697e-02
-4.833986613118668174e-02
-4.833986613118668174e-02
-5.343347460524938697e-02
-5.852708307931209220e-02
-5.852708307931209220e-02
-5.343347460524938697e-02
-5.343347460524938697e-02
-4.833986613118668174e-02
-5.088667036821803435e-02
-5.343347460524938697e-02
-6.107388731634344481e-02
-5.852708307931209220e-02
-5.343347460524938697e-02
-4.833986613118668174e-02
-5.088667036821803435e-02
-5.343347460524938697e-02
-5.343347460524938697e-02
-6.107388731634344481e-02
-5.343347460524938697e-02
-5.343347460524938697e-02
-4.833986613118668174e-02
-4.833986613118668174e-02
-5.088667036821803435e-02
-5.343347460524938697e-02
-5.088667036821803435e-02
-5.852708307931209220e-02
-5.852708307931209220e-02
-5.343347460524938697e-02
-5.088667036821803435e-02
-4.833986613118668174e-02
-5.343347460524938697e-02
-5.088667036821803435e-02
-5.852708307931209220e-02
-5.088667036821803435e-02
-5.343347460524938697e-02
-5.088667036821803435e-02
-4.579306189415532913e-02
-5.343347460524938697e-02
-5.088667036821803435e-02
-5.852708307931209220e-02
-5.343347460524938697e-02
-5.343347460524938697e-02
-5.088667036821803435e-02
-4.579306189415532913e-02
-4.833986613118668174e-02
-5.343347460524938697e-02
-5.852708307931209220e-02
-5.852708307931209220e-02
-5.343347460524938697e-02
-5.343347460524938697e-02
-4.833986613118668174e-02
-4.579306189415532913e-02
-5.343347460524938697e-02
-5.598027884228073958e-02
-6.107388731634344481e-02
-5.088667036821803435e-02
-5.343347460524938697e-02
-4.833986613118668174e-02
-4.579306189415532913e-02
-5.088667036821803435e-02
-5.088667036821803435e-02
-5.852708307931209220e-02
-5.343347460524938697e-02
-5.343347460524938697e-02
-5.088667036821803435e-02
-4.579306189415532913e-02
-5.343347460524938697e-02
-5.088667036821803435e-02
-6.107388731634344481e-02
-5.852708307931209220e-02
-5.343347460524938697e-02
-5.343347460524938697e-02
-4.579306189415532913e-02
-5.088667036821803435e-02
-5.343347460524938697e-02
-5.852708307931209220e-02
-5.343347460524938697e-02
-5.343347460524938697e-02
-4.579306189415532913e-02
-4.833986613118668174e-02
-5.088667036821803435e-02
-5.343347460524938697e-02
-5.852708307931209220e-02
-5.852708307931209220e-02
-5.343347460524938697e-02
-5.343347460524938697e-02
-4.833986613118668174e-02
-5.343347460524938697e-02
-5.343347460524938697e-02
-5.852708307931209220e-02
-5.852708307931209220e-02
-5.343347460524938697e-02
-5.343347460524938697e-02
-4.833986613118668174e-02
-4.579306189415532913e-02
-5.343347460524938697e-02
-5.343347460524938697e-02
-5.852708307931209220e-02
-5.343347460524938697e-02
-4.579306189415532913e-02
-4.579306189415532913e-02
-4.579306189415532913e-02
-5.343347460524938697e-02
-6.107388731634344481e-02
-5.598027884228073958e-02
-5.343347460524938697e-02
-5.343347460524938697e-02
-4.833986613118668174e-02
-5.343347460524938697e-02
-5.343347460524938697e-02
-5.852708307931209220e-02
-5.852708307931209220e-02
-5.088667036821803435e-02
-5.343347460524938697e-02
-4.579306189415532913e-02
-4.324625765712397651e-02
-5.343347460524938697e-02
-5.088667036821803435e-02
-5.852708307931209220e-02
-5.852708307931209220e-02
-5.343347460524938697e-02
-5.343347460524938697e-02
-4.579306189415532913e-02
-5.088667036821803435e-02
-5.343347460524938697e-02
-5.852708307931209220e-02
-5.852708307931209220e-02
-5.088667036821803435e-02
-5.343347460524938697e-02
-4.833986613118668174e-02
-5.343347460524938697e-02
-5.343347460524938697e-02
-5.852708307931209220e-02
-6.107388731634344481e-02
-5.343347460524938697e-02
-5.088667036821803435e-02
-4.833986613118668174e-02
-4.833986613118668174e-02
-5.088667036821803435e-02
-5.343347460524938697e-02
-5.852708307931209220e-02
-5.088667036821803435e-02
-4.579306189415532913e-02
-4.579306189415532913e-02
-5.088667036821803435e-02
-5.088667036821803435e-02
-6.107388731634344481e-02
-6.107388731634344481e-02
-5.598027884228073958e-02
-4.833986613118668174e-02
-4.833986613118668174e-02
-5.088667036821803435e-02
-5.343347460524938697e-02
-6.107388731634344481e-02
-5.852708307931209220e-02
-5.343347460524938697e-02
-5.598027884228073958e-02
-4.833986613118668174e-02
-4.579306189415532913e-02
-5.343347460524938697e-02
-6.107388731634344481e-02
-5.852708307931209220e-02
-5.088667036821803435e-02
-5.343347460524938697e-02
-4.579306189415532913e-02
-4.579306189415532913e-02
-5.088667036821803435e-02
-5.852708307931209220e-02
-5.852708307931209220e-02
-5.852708307931209220e-02
-5.088667036821803435e-02
-5.343347460524938697e-02
-4.833986613118668174e-02
-5.088667036821803435e-02
-5.343347460524938697e-02
-5.088667036821803435e-02
-6.107388731634344481e-02
-5.852708307931209220e-02
-5.088667036821803435e-02
-4.579306189415532913e-02
-4.833986613118668174e-02
-5.088667036821803435e-02
-5.343347460524938697e-02
-5.852708307931209220e-02
-6.107388731634344481e-02
-5.343347460524938697e-02
-5.598027884228073958e-02
-4.833986613118668174e-02
-5.343347460524938697e-02
-5.343347460524938697e-02
-5.852708307931209220e-02
-6.107388731634344481e-02
-5.343347460524938697e-02
-5.343347460524938697e-02
-4.833986613118668174e-02
-4.579306189415532913e-02
-5.343347460524938697e-02
-5.852708307931209220e-02
-5.852708307931209220e-02
-5.088667036821803435e-02
-5.343347460524938697e-02
-4.579306189415532913e-02
-5.088667036821803435e-02
-5.343347460524938697e-02
-5.852708307931209220e-02
-6.107388731634344481e-02
-5.343347460524938697e-02
-5.088667036821803435e-02
-4.833986613118668174e-02
-4.833986613118668174e-02
-5.088667036821803435e-02
-5.852708307931209220e-02
-5.852708307931209220e-02
-5.343347460524938697e-02
-5.088667036821803435e-02
-4.833986613118668174e-02
-4.579306189415532913e-02
-5.343347460524938697e-02
-5.088667036821803435e-02
-5.852708307931209220e-02
-5.088667036821803435e-02
-5.343347460524938697e-02
-4.579306189415532913e-02
-5.343347460524938697e-02
-5.343347460524938697e-02
-6.107388731634344481e-02
-5.852708307931209220e-02
-5.343347460524938697e-02
-4.833986613118668174e-02
-4.579306189415532913e-02
-5.088667036821803435e-02
-5.343347460524938697e-02
-5.343347460524938697e-02
-6.107388731634344481e-02
-5.343347460524938697e-02
-5.343347460524938697e-02
-4.579306189415532913e-02
-4.579306189415532913e-02
-5.343347460524938697e-02
-5.088667036821803435e-02
-5.852708307931209220e-02
-5.343347460524938697e-02
-5.343347460524938697e-02
-4.833986613118668174e-02
-4.833986613118668174e-02
-5.343347460524938697e-02
-5.343347460524938697e-02
-5.852708307931209220e-02
-5.852708307931209220e-02
-5.343347460524938697e-02
-5.088667036821803435e-02
-4.833986613118668174e-02
-5.343347460524938697e-02
-5.088667036821803435e-02
-5.852708307931209220e-02
-5.852708307931209220e-02
-5.088667036821803435e-02
-4.833986613118668174e-02
-4.833986613118668174e-02
-5.088667036821803435e-02
-5.343347460524938697e-02
-5.852708307931209220e-02
-5.852708307931209220e-02
-5.343347460524938697e-02
-5.088667036821803435e-02
-4.833986613118668174e-02
-5.343347460524938697e-02
-5.088667036821803435e-02
-5.852708307931209220e-02
-5.343347460524938697e-02
-5.088667036821803435e-02
-5.088667036821803435e-02
-5.088667036821803435e-02
-4.833986613118668174e-02
-5.088667036821803435e-02
-5.852708307931209220e-02
-6.107388731634344481e-02
-5.343347460524938697e-02
-5.343347460524938697e-02
-4.833986613118668174e-02
-4.579306189415532913e-02
-5.343347460524938697e-02
-6.107388731634344481e-02
-6.107388731634344481e-02
-5.343347460524938697e-02
-5.088667036821803435e-02
-4.579306189415532913e-02
-4.833986613118668174e-02
-6.107388731634344481e-02
-5.852708307931209220e-02
-5.852708307931209220e-02
-5.088667036821803435e-02
-4.579306189415532913e-02
-4.833986613118668174e-02
-4.833986613118668174e-02
-5.343347460524938697e-02
-5.088667036821803435e-02
-5.852708307931209220e-02
-5.852708307931209220e-02
-5.343347460524938697e-02
-4.833986613118668174e-02
-5.088667036821803435e-02
-5.088667036821803435e-02
-5.343347460524938697e-02
-6.107388731634344481e-02
-5.852708307931209220e-02
-5.343347460524938697e-02
-4.579306189415532913e-02
-4.833986613118668174e-02
-4.579306189415532913e-02
-5.343347460524938697e-02
-5.343347460524938697e-02
-5.852708307931209220e-02
-5.852708307931209220e-02
-5.088667036821803435e-02
-4.579306189415532913e-02
-4.833986613118668174e-02
-5.088667036821803435e-02
-5.343347460524938697e-02
-5.852708307931209220e-02
-5.852708307931209220e-02
-5.088667036821803435e-02
-5.088667036821803435e-02
-4.833986613118668174e-02
-5.343347460524938697e-02
-5.088667036821803435e-02
-5.852708307931209220e-02
-6.107388731634344481e-02
-5.088667036821803435e-02
-5.088667036821803435e-02
-4.833986613118668174e-02
-4.833986613118668174e-02
-5.343347460524938697e-02
-5.343347460524938697e-02
-5.852708307931209220e-02
-5.852708307931209220e-02
-5.343347460524938697e-02
-4.579306189415532913e-02
-4.579306189415532913e-02
-5.343347460524938697e-02
-5.343347460524938697e-02
-5.852708307931209220e-02
-5.598027884228073958e-02
-5.343347460524938697e-02
-4.579306189415532913e-02
-4.833986613118668174e-02
-5.088667036821803435e-02
-5.852708307931209220e-02
-6.107388731634344481e-02
-5.852708307931209220e-02
-5.343347460524938697e-02
-5.088667036821803435e-02
-4.833986613118668174e-02
-4.833986613118668174e-02
-5.343347460524938697e-02
-5.598027884228073958e-02
-6.107388731634344481e-02
-5.088667036821803435e-02
-4.833986613118668174e-02
-4.579306189415532913e-02
-4.833986613118668174e-02
-5.088667036821803435e-02
-5.852708307931209220e-02
-6.107388731634344481e-02
-6.107388731634344481e-02
-5.088667036821803435e-02
-4.579306189415532913e-02
-4.833986613118668174e-02
-4.579306189415532913e-02
-5.088667036821803435e-02
-5.343347460524938697e-02
-5.852708307931209220e-02
-5.852708307931209220e-02
-5.343347460524938697e-02
-4.579306189415532913e-02
-4.833986613118668174e-02
-5.343347460524938697e-02
-5.852708307931209220e-02
-5.852708307931209220e-02
-5.088667036821803435e-02
-5.088667036821803435e-02
-5.088667036821803435e-02
-5.343347460524938697e-02
-5.343347460524938697e-02
-5.343347460524938697e-02
-5.598027884228073958e-02
-5.343347460524938697e-02
-5.343347460524938697e-02
-4.579306189415532913e-02
-4.833986613118668174e-02
-5.343347460524938697e-02
-5.852708307931209220e-02
-5.852708307931209220e-02
-5.852708307931209220e-02
-5.343347460524938697e-02
-4.833986613118668174e-02
-4.833986613118668174e-02
-5.088667036821803435e-02
-5.343347460524938697e-02
-5.343347460524938697e-02
-5.852708307931209220e-02
-6.107388731634344481e-02
-5.343347460524938697e-02
-5.598027884228073958e-02
-4.833986613118668174e-02
-5.088667036821803435e-02
-5.343347460524938697e-02
-5.852708307931209220e-02
-5.852708307931209220e-02
-5.343347460524938697e-02
-5.343347460524938697e-02
-4.833986613118668174e-02
-4.833986613118668174e-02
-5.343347460524938697e-02
-5.852708307931209220e-02
-6.107388731634344481e-02
-5.088667036821803435e-02
-4.579306189415532913e-02
-4.579306189415532913e-02
-5.088667036821803435e-02
-5.343347460524938697e-02
-6.107388731634344481e-02
-5.343347460524938697e-02
-5.343347460524938697e-02
-4.833986613118668174e-02
-5.088667036821803435e-02
-5.343347460524938697e-02
-5.088667036821803435e-02
-5.852708307931209220e-02
-5.852708307931209220e-02
-5.598027884228073958e-02
-4.579306189415532913e-02
-4.833986613118668174e-02
-5.343347460524938697e-02
-5.343347460524938697e-02
-5.852708307931209220e-02
-6.107388731634344481e-02
-5.598027884228073958e-02
-4.833986613118668174e-02
-4.833986613118668174e-02
-5.088667036821803435e-02
-5.598027884228073958e-02
-6.107388731634344481e-02
-6.107388731634344481e-02
-5.343347460524938697e-02
-5.088667036821803435e-02
-4.833986613118668174e-02
-4.579306189415532913e-02
-5.343347460524938697e-02
-5.852708307931209220e-02
-5.852708307931209220e-02
-6.107388731634344481e-02
-5.343347460524938697e-02
-4.833986613118668174e-02
-4.833986613118668174e-02
-5.343347460524938697e-02
-5.343347460524938697e-02
-6.107388731634344481e-02
-5.852708307931209220e-02
-5.343347460524938697e-02
-5.343347460524938697e-02
-4.579306189415532913e-02
-5.343347460524938697e-02
-5.343347460524938697e-02
-5.852708307931209220e-02
-5.852708307931209220e-02
-5.088667036821803435e-02
-4.579306189415532913e-02
-4.579306189415532913e-02
-5.343347460524938697e-02
-5.852708307931209220e-02
-6.107388731634344481e-02
-5.088667036821803435e-02
-5.343347460524938697e-02
-4.833986613118668174e-02
-5.343347460524938697e-02
-5.343347460524938697e-02
-5.088667036821803435e-02
-5.852708307931209220e-02
-5.088667036821803435e-02
-5.343347460524938697e-02
-4.833986613118668174e-02
-4.833986613118668174e-02
-5.088667036821803435e-02
-5.343347460524938697e-02
-5.852708307931209220e-02
-6.107388731634344481e-02
-5.343347460524938697e-02
-5.343347460524938697e-02
-4.833986613118668174e-02
-5.343347460524938697e-02
-5.343347460524938697e-02
-5.852708307931209220e-02
-5.088667036821803435e-02
-5.343347460524938697e-02
-4.833986613118668174e-02
-4.579306189415532913e-02
-5.088667036821803435e-02
-5.343347460524938697e-02
-5.343347460524938697e-02
-6.107388731634344481e-02
-5.852708307931209220e-02
-5.343347460524938697e-02
-4.579306189415532913e-02
-5.088667036821803435e-02
-5.343347460524938697e-02
-5.343347460524938697e-02
-6.107388731634344481e-02
-6.107388731634344481e-02
-5.343347460524938697e-02
-4.833986613118668174e-02
-4.579306189415532913e-02
-5.343347460524938697e-02
-5.852708307931209220e-02
-5.343347460524938697e-02
-5.088667036821803435e-02
-4.579306189415532913e-02
-4.579306189415532913e-02
-4.579306189415532913e-02
-5.343347460524938697e-02
-5.343347460524938697e-02
-5.852708307931209220e-02
-5.598027884228073958e-02
-5.343347460524938697e-02
-4.579306189415532913e-02
-5.088667036821803435e-02
-5.088667036821803435e-02
-5.343347460524938697e-02
-5.852708307931209220e-02
-5.852708307931209220e-02
-5.343347460524938697e-02
-4.579306189415532913e-02
-4.579306189415532913e-02
-5.088667036821803435e-02
-5.343347460524938697e-02
-5.852708307931209220e-02
-6.107388731634344481e-02
-5.343347460524938697e-02
-5.343347460524938697e-02
-4.833986613118668174e-02
-4.833986613118668174e-02
-5.343347460524938697e-02
-5.343347460524938697e-02
-5.852708307931209220e-02
-5.343347460524938697e-02
-4.579306189415532913e-02
-4.833986613118668174e-02
-4.833986613118668174e-02
-5.598027884228073958e-02
-5.852708307931209220e-02
-5.852708307931209220e-02
-5.343347460524938697e-02
-5.088667036821803435e-02
-4.833986613118668174e-02
-5.343347460524938697e-02
-5.343347460524938697e-02
-5.852708307931209220e-02
-6.107388731634344481e-02
-5.088667036821803435e-02
-5.343347460524938697e-02
-4.833986613118668174e-02
-4.833986613118668174e-02
-5.343347460524938697e-02
-6.107388731634344481e-02
-5.852708307931209220e-02
-5.852708307931209220e-02
-5.343347460524938697e-02
-5.343347460524938697e-02
-4.579306189415532913e-02
-4.579306189415532913e-02
-5.343347460524938697e-02
-5.343347460524938697e-02
-5.852708307931209220e-02
-5.088667036821803435e-02
-5.343347460524938697e-02
-4.833986613118668174e-02
-5.343347460524938697e-02
-5.343347460524938697e-02
-5.598027884228073958e-02
-5.852708307931209220e-02
-6.107388731634344481e-02
-5.088667036821803435e-02
-5.343347460524938697e-02
-4.833986613118668174e-02
-5.088667036821803435e-02
-5.343347460524938697e-02
-5.852708307931209220e-02
-6.107388731634344481e-02
-5.343347460524938697e-02
-4.579306189415532913e-02
-4.833986613118668174e-02
-5.598027884228073958e-02
-5.343347460524938697e-02
-5.852708307931209220e-02
-5.852708307931209220e-02
-5.088667036821803435e-02
-5.343347460524938697e-02
-4.579306189415532913e-02
-4.833986613118668174e-02
-5.343347460524938697e-02
-5.088667036821803435e-02
-6.107388731634344481e-02
-5.343347460524938697e-02
-5.088667036821803435e-02
-4.833986613118668174e-02
-4.833986613118668174e-02
-5.343347460524938697e-02
-5.852708307931209220e-02
-5.852708307931209220e-02
-5.343347460524938697e-02
-5.088667036821803435e-02
-4.579306189415532913e-02
-4.833986613118668174e-02
-5.088667036821803435e-02
-5.088667036821803435e-02
-5.852708307931209220e-02
-5.343347460524938697e-02
-5.343347460524938697e-02
-5.088667036821803435e-02
-5.343347460524938697e-02
-5.343347460524938697e-02
-5.343347460524938697e-02
-6.107388731634344481e-02
-5.852708307931209220e-02
-5.343347460524938697e-02
-5.088667036821803435e-02
-4.579306189415532913e-02
-5.343347460524938697e-02
-5.343347460524938697e-02
-5.852708307931209220e-02
-6.107388731634344481e-02
-5.343347460524938697e-02
-5.343347460524938697e-02
-4.579306189415532913e-02
-5.088667036821803435e-02
-5.343347460524938697e-02
-5.852708307931209220e-02
-6.107388731634344481e-02
-5.343347460524938697e-02
-5.343347460524938697e-02
-4.833986613118668174e-02
-4.833986613118668174e-02
-5.343347460524938697e-02
-6.107388731634344481e-02
-5.852708307931209220e-02
-5.343347460524938697e-02
-5.343347460524938697e-02
-4.579306189415532913e-02
-4.579306189415532913e-02
-5.343347460524938697e-02
-5.852708307931209220e-02
-5.852708307931209220e-02
-5.088667036821803435e-02
-5.343347460524938697e-02
-4.579306189415532913e-02
-5.088667036821803435e-02
-5.343347460524938697e-02
-5.343347460524938697e-02
-5.852708307931209220e-02
-5.852708307931209220e-02
-5.343347460524938697e-02
-4.579306189415532913e-02
-5.088667036821803435e-02
-5.088667036821803435e-02
-5.343347460524938697e-02
-5.852708307931209220e-02
-5.852708307931209220e-02
-5.343347460524938697e-02
-4.579306189415532913e-02
-5.088667036821803435e-02
-5.343347460524938697e-02
-5.343347460524938697e-02
-5.852708307931209220e-02
-5.852708307931209220e-02
-5.088667036821803435e-02
-4.579306189415532913e-02
-5.343347460524938697e-02
-5.598027884228073958e-02
-5.088667036821803435e-02
-5.852708307931209220e-02
-5.088667036821803435e-02
-5.088667036821803435e-02
-4.833986613118668174e-02
-4.833986613118668174e-02
-4.833986613118668174e-02
-5.343347460524938697e-02
-5.852708307931209220e-02
-5.852708307931209220e-02
-5.343347460524938697e-02
-5.343347460524938697e-02
-4.579306189415532913e-02
-4.833986613118668174e-02
-5.343347460524938697e-02
-5.852708307931209220e-02
-6.107388731634344481e-02
-5.343347460524938697e-02
-5.343347460524938697e-02
-4.579306189415532913e-02
-5.343347460524938697e-02
-5.343347460524938697e-02
-5.343347460524938697e-02
-6.107388731634344481e-02
-5.598027884228073958e-02
-5.343347460524938697e-02
-4.833986613118668174e-02
-4.579306189415532913e-02
-5.343347460524938697e-02
-5.343347460524938697e-02
-6.107388731634344481e-02
-6.107388731634344481e-02
-5.343347460524938697e-02
-5.088667036821803435e-02
-4.833986613118668174e-02
-5.343347460524938697e-02
-5.343347460524938697e-02
-6.107388731634344481e-02
-6.107388731634344481e-02
-5.343347460524938697e-02
-5.343347460524938697e-02
-4.833986613118668174e-02
-4.833986613118668174e-02
-5.852708307931209220e-02
-5.852708307931209220e-02
-6.107388731634344481e-02
-5.343347460524938697e-02
-5.343347460524938697e-02
-4.579306189415532913e-02
-4.833986613118668174e-02
-5.598027884228073958e-02
-5.088667036821803435e-02
-5.852708307931209220e-02
-5.088667036821803435e-02
-4.833986613118668174e-02
-4.833986613118668174e-02
-5.343347460524938697e-02
-5.343347460524938697e-02
-6.107388731634344481e-02
-6.107388731634344481e-02
-5.088667036821803435e-02
-4.833986613118668174e-02
-5.088667036821803435e-02
-5.088667036821803435e-02
-5.343347460524938697e-02
-5.852708307931209220e-02
-5.088667036821803435e-02
-5.088667036821803435e-02
-4.833986613118668174e-02
-4.579306189415532913e-02
-5.343347460524938697e-02
-5.343347460524938697e-02
-6.107388731634344481e-02
-5.852708307931209220e-02
-5.343347460524938697e-02
-5.343347460524938697e-02
-4.579306189415532913e-02
-4.833986613118668174e-02
-5.343347460524938697e-02
-5.343347460524938697e-02
-6.107388731634344481e-02
-6.107388731634344481e-02
-5.343347460524938697e-02
-5.088667036821803435e-02
-5.088667036821803435e-02
-5.088667036821803435e-02
-5.343347460524938697e-02
-5.852708307931209220e-02
-5.088667036821803435e-02
-5.088667036821803435e-02
-4.579306189415532913e-02
-4.579306189415532913e-02
-5.343347460524938697e-02
-5.088667036821803435e-02
-5.343347460524938697e-02
-5.852708307931209220e-02
-5.088667036821803435e-02
-5.343347460524938697e-02
-4.579306189415532913e-02
-5.088667036821803435e-02
-5.343347460524938697e-02
-5.343347460524938697e-02
-6.107388731634344481e-02
-5.852708307931209220e-02
-5.343347460524938697e-02
-5.343347460524938697e-02
-4.833986613118668174e-02
-5.343347460524938697e-02
-5.343347460524938697e-02
-5.852708307931209220e-02
-5.852708307931209220e-02
-5.343347460524938697e-02
-5.598027884228073958e-02
-4.833986613118668174e-02
-4.579306189415532913e-02
-5.088667036821803435e-02
-5.852708307931209220e-02
-5.852708307931209220e-02
-5.343347460524938697e-02
-5.343347460524938697e-02
-4.833986613118668174e-02
-4.833986613118668174e-02
-5.598027884228073958e-02
-5.852708307931209220e-02
-5.852708307931209220e-02
-5.343347460524938697e-02
-5.343347460524938697e-02
-4.579306189415532913e-02
-5.088667036821803435e-02
-5.088667036821803435e-02
-5.852708307931209220e-02
-5.852708307931209220e-02
-5.343347460524938697e-02
-5.598027884228073958e-02
-4.579306189415532913e-02
-4.833986613118668174e-02
-5.088667036821803435e-02
-5.088667036821803435e-02
-6.107388731634344481e-02
-5.343347460524938697e-02
-5.343347460524938697e-02
-4.833986613118668174e-02
-5.088667036821803435e-02
-5.343347460524938697e-02
-5.343347460524938697e-02
-6.107388731634344481e-02
-6.107388731634344481e-02
-5.598027884228073958e-02
-4.833986613118668174e-02
-5.088667036821803435e-02
-5.343347460524938697e-02
-5.343347460524938697e-02
-6.107388731634344481e-02
-5.852708307931209220e-02
-5.598027884228073958e-02
-4.579306189415532913e-02
-4.579306189415532913e-02
-4.833986613118668174e-02
-5.343347460524938697e-02
-5.852708307931209220e-02
-5.852708307931209220e-02
-5.088667036821803435e-02
-4.833986613118668174e-02
-4.833986613118668174e-02
-4.833986613118668174e-02
-5.343347460524938697e-02
-5.852708307931209220e-02
-5.088667036821803435e-02
-5.598027884228073958e-02
-4.833986613118668174e-02
-4.833986613118668174e-02
-4.833986613118668174e-02
-5.088667036821803435e-02
-5.598027884228073958e-02
-5.852708307931209220e-02
-5.852708307931209220e-02
-5.343347460524938697e-02
-5.343347460524938697e-02
-4.833986613118668174e-02
-5.343347460524938697e-02
-5.343347460524938697e-02
-5.852708307931209220e-02
-6.107388731634344481e-02
-5.088667036821803435e-02
-5.343347460524938697e-02
-4.833986613118668174e-02
-4.833986613118668174e-02
-5.088667036821803435e-02
-6.107388731634344481e-02
-6.107388731634344481e-02
-5.088667036821803435e-02
-5.343347460524938697e-02
-4.833986613118668174e-02
-4.833986613118668174e-02
-5.343347460524938697e-02
-5.852708307931209220e-02
-6.107388731634344481e-02
-5.343347460524938697e-02
-5.343347460524938697e-02
-4.833986613118668174e-02
-5.343347460524938697e-02
-5.343347460524938697e-02
-6.107388731634344481e-02
-5.852708307931209220e-02
-5.343347460524938697e-02
-5.343347460524938697e-02
-4.579306189415532913e-02
-5.343347460524938697e-02
-5.343347460524938697e-02
-6.107388731634344481e-02
-5.852708307931209220e-02
-5.088667036821803435e-02
-4.833986613118668174e-02
-4.833986613118668174e-02
-5.343347460524938697e-02
-5.343347460524938697e-02
-6.107388731634344481e-02
-6.107388731634344481e-02
-5.343347460524938697e-02
-5.088667036821803435e-02
-5.088667036821803435e-02
-5.343347460524938697e-02
-5.343347460524938697e-02
-5.852708307931209220e-02
-5.343347460524938697e-02
-5.343347460524938697e-02
-4.833986613118668174e-02
-4.833986613118668174e-02
-5.088667036821803435e-02
-5.088667036821803435e-02
-5.343347460524938697e-02
-5.852708307931209220e-02
-5.343347460524938697e-02
-4.833986613118668174e-02
-4.833986613118668174e-02
-4.833986613118668174e-02
-5.088667036821803435e-02
-5.852708307931209220e-02
-6.107388731634344481e-02
-5.343347460524938697e-02
-5.343347460524938697e-02
-4.579306189415532913e-02
-4.833986613118668174e-02
-5.343347460524938697e-02
-5.343347460524938697e-02
-5.852708307931209220e-02
-5.343347460524938697e-02
-5.343347460524938697e-02
-5.088667036821803435e-02
-4.833986613118668174e-02
-5.343347460524938697e-02
-5.852708307931209220e-02
-5.852708307931209220e-02
-5.852708307931209220e-02
-5.343347460524938697e-02
-4.833986613118668174e-02
-4.833986613118668174e-02
-5.088667036821803435e-02
-5.088667036821803435e-02
-5.598027884228073958e-02
-5.852708307931209220e-02
-5.852708307931209220e-02
-5.343347460524938697e-02
-5.343347460524938697e-02
-4.833986613118668174e-02
-5.088667036821803435e-02
-5.343347460524938697e-02
-5.852708307931209220e-02
-6.107388731634344481e-02
-5.088667036821803435e-02
-5.343347460524938697e-02
-4.579306189415532913e-02
-4.833986613118668174e-02
-5.088667036821803435e-02
-5.343347460524938697e-02
-5.852708307931209220e-02
-5.852708307931209220e-02
-5.598027884228073958e-02
-4.833986613118668174e-02
-4.833986613118668174e-02
-5.343347460524938697e-02
-5.598027884228073958e-02
-6.107388731634344481e-02
-5.852708307931209220e-02
-5.343347460524938697e-02
-5.343347460524938697e-02
-4.833986613118668174e-02
-5.343347460524938697e-02
-5.088667036821803435e-02
-6.107388731634344481e-02
-5.343347460524938697e-02
-5.343347460524938697e-02
-4.833986613118668174e-02
-5.343347460524938697e-02
-5.088667036821803435e-02
-5.343347460524938697e-02
-5.852708307931209220e-02
-5.088667036821803435e-02
-5.343347460524938697e-02
-4.579306189415532913e-02
-4.833986613118668174e-02
-5.088667036821803435e-02
-5.343347460524938697e-02
-5.852708307931209220e-02
-6.107388731634344481e-02
-5.852708307931209220e-02
-5.343347460524938697e-02
-4.579306189415532913e-02
-4.579306189415532913e-02
-5.088667036821803435e-02
-5.852708307931209220e-02
-6.107388731634344481e-02
-6.107388731634344481e-02
-5.343347460524938697e-02
-5.343347460524938697e-02
-4.579306189415532913e-02
-4.833986613118668174e-02
-5.343347460524938697e-02
-5.343347460524938697e-02
-6.107388731634344481e-02
-5.088667036821803435e-02
-5.343347460524938697e-02
-4.579306189415532913e-02
-5.343347460524938697e-02
-5.343347460524938697e-02
-5.852708307931209220e-02
-6.107388731634344481e-02
-5.343347460524938697e-02
-4.579306189415532913e-02
-5.088667036821803435e-02
-4.579306189415532913e-02
-5.343347460524938697e-02
-6.107388731634344481e-02
-5.343347460524938697e-02
-5.343347460524938697e-02
-4.833986613118668174e-02
-4.579306189415532913e-02
-4.833986613118668174e-02
-5.343347460524938697e-02
-5.343347460524938697e-02
-5.852708307931209220e-02
-5.343347460524938697e-02
-5.343347460524938697e-02
-4.579306189415532913e-02
-4.833986613118668174e-02
-5.088667036821803435e-02
-5.343347460524938697e-02
-6.107388731634344481e-02
-6.107388731634344481e-02
-5.343347460524938697e-02
-5.343347460524938697e-02
-4.579306189415532913e-02
-4.833986613118668174e-02
-5.343347460524938697e-02
-5.343347460524938697e-02
-6.107388731634344481e-02
-5.088667036821803435e-02
-5.088667036821803435e-02
-4.579306189415532913e-02
-5.088667036821803435e-02
-5.343347460524938697e-02
-5.343347460524938697e-02
-6.107388731634344481e-02
-5.088667036821803435e-02
-5.598027884228073958e-02
-5.343347460524938697e-02
-4.833986613118668174e-02
-5.343347460524938697e-02
-5.088667036821803435e-02
-5.852708307931209220e-02
-5.852708307931209220e-02
-5.343347460524938697e-02
-5.343347460524938697e-02
-4.579306189415532913e-02
-4.833986613118668174e-02
-5.343347460524938697e-02
-5.852708307931209220e-02
-6.107388731634344481e-02
-5.343347460524938697e-02
-5.343347460524938697e-02
-4.579306189415532913e-02
-5.088667036821803435e-02
-5.343347460524938697e-02
-5.852708307931209220e-02
-5.852708307931209220e-02
-5.343347460524938697e-02
-5.088667036821803435e-02
-4.833986613118668174e-02
-4.579306189415532913e-02
-5.343347460524938697e-02
-6.107388731634344481e-02
-6.107388731634344481e-02
-5.343347460524938697e-02
-5.343347460524938697e-02
-4.833986613118668174e-02
-5.343347460524938697e-02
-5.088667036821803435e-02
-5.852708307931209220e-02
-5.852708307931209220e-02
-5.088667036821803435e-02
-5.343347460524938697e-02
-4.833986613118668174e-02
-5.343347460524938697e-02
-5.343347460524938697e-02
-5.852708307931209220e-02
-5.852708307931209220e-02
-5.343347460524938697e-02
-4.579306189415532913e-02
-4.833986613118668174e-02
-5.343347460524938697e-02
-5.343347460524938697e-02
-5.852708307931209220e-02
-6.107388731634344481e-02
-5.343347460524938697e-02
-4.833986613118668174e-02
-4.579306189415532913e-02
-5.343347460524938697e-02
-5.088667036821803435e-02
-6.107388731634344481e-02
-5.343347460524938697e-02
-5.088667036821803435e-02
-4.579306189415532913e-02
-5.088667036821803435e-02
-5.343347460524938697e-02
-5.343347460524938697e-02
-5.852708307931209220e-02
-5.852708307931209220e-02
-5.088667036821803435e-02
-4.579306189415532913e-02
-4.833986613118668174e-02
-5.343347460524938697e-02
-5.343347460524938697e-02
-5.852708307931209220e-02
-5.852708307931209220e-02
-5.088667036821803435e-02
-5.088667036821803435e-02
-4.833986613118668174e-02
-4.579306189415532913e-02
-5.343347460524938697e-02
-5.852708307931209220e-02
-5.852708307931209220e-02
-5.088667036821803435e-02
-5.343347460524938697e-02
-4.833986613118668174e-02
-4.579306189415532913e-02
-5.088667036821803435e-02
-5.852708307931209220e-02
-6.107388731634344481e-02
-5.088667036821803435e-02
-4.833986613118668174e-02
-4.579306189415532913e-02
-5.343347460524938697e-02
-5.343347460524938697e-02
-6.107388731634344481e-02
-5.852708307931209220e-02
-5.343347460524938697e-02
-5.088667036821803435e-02
-4.579306189415532913e-02
-5.343347460524938697e-02
-5.343347460524938697e-02
-5.852708307931209220e-02
-5.852708307931209220e-02
-5.088667036821803435e-02
-5.088667036821803435e-02
-4.579306189415532913e-02
-4.579306189415532913e-02
-4.833986613118668174e-02
-5.343347460524938697e-02
-5.852708307931209220e-02
-6.107388731634344481e-02
-5.343347460524938697e-02
-5.343347460524938697e-02
-5.088667036821803435e-02
-4.833986613118668174e-02
-5.343347460524938697e-02
-5.343347460524938697e-02
-5.598027884228073958e-02
-5.343347460524938697e-02
-5.343347460524938697e-02
-4.833986613118668174e-02
-4.579306189415532913e-02
-5.343347460524938697e-02
-5.343347460524938697e-02
-5.852708307931209220e-02
-5.343347460524938697e-02
-5.343347460524938697e-02
-4.833986613118668174e-02
-4.833986613118668174e-02
-5.343347460524938697e-02
-5.343347460524938697e-02
-5.852708307931209220e-02
-5.343347460524938697e-02
-5.343347460524938697e-02
-4.579306189415532913e-02
-4.833986613118668174e-02
-5.343347460524938697e-02
-5.343347460524938697e-02
-5.598027884228073958e-02
-5.852708307931209220e-02
-5.088667036821803435e-02
-4.833986613118668174e-02
-4.579306189415532913e-02
-5.343347460524938697e-02
-5.343347460524938697e-02
-5.852708307931209220e-02
-6.107388731634344481e-02
-5.088667036821803435e-02
-5.088667036821803435e-02
-4.579306189415532913e-02
-5.598027884228073958e-02
-5.088667036821803435e-02
-6.107388731634344481e-02
-5.343347460524938697e-02
-5.343347460524938697e-02
-4.579306189415532913e-02
-4.579306189415532913e-02
-5.343347460524938697e-02
-5.343347460524938697e-02
-5.852708307931209220e-02
-5.343347460524938697e-02
-5.598027884228073958e-02
-4.833986613118668174e-02
-4.579306189415532913e-02
-5.343347460524938697e-02
-5.343347460524938697e-02
-5.852708307931209220e-02
-5.343347460524938697e-02
-5.343347460524938697e-02
-5.088667036821803435e-02
-4.833986613118668174e-02
-4.833986613118668174e-02
-5.343347460524938697e-02
-5.343347460524938697e-02
-5.852708307931209220e-02
-5.852708307931209220e-02
-5.343347460524938697e-02
-4.833986613118668174e-02
-4.579306189415532913e-02
-5.343347460524938697e-02
-5.343347460524938697e-02
-5.852708307931209220e-02
-5.852708307931209220e-02
-5.088667036821803435e-02
-4.833986613118668174e-02
-4.579306189415532913e-02
-5.088667036821803435e-02
-5.343347460524938697e-02
-5.852708307931209220e-02
-5.852708307931209220e-02
-5.598027884228073958e-02
-4.833986613118668174e-02
-4.579306189415532913e-02
-5.343347460524938697e-02
-5.343347460524938697e-02
-6.107388731634344481e-02
-6.107388731634344481e-02
-5.343347460524938697e-02
-4.833986613118668174e-02
-4.579306189415532913e-02
-5.343347460524938697e-02
-5.343347460524938697e-02
-5.852708307931209220e-02
-5.088667036821803435e-02
-5.088667036821803435e-02
-5.088667036821803435e-02
-4.579306189415532913e-02
-5.088667036821803435e-02
-5.852708307931209220e-02
-5.852708307931209220e-02
-5.598027884228073958e-02
-5.343347460524938697e-02
-4.579306189415532913e-02
-5.088667036821803435e-02
-5.088667036821803435e-02
-5.343347460524938697e-02
-6.107388731634344481e-02
-5.343347460524938697e-02
-5.343347460524938697e-02
-4.833986613118668174e-02
-5.088667036821803435e-02
-5.343347460524938697e-02
-5.598027884228073958e-02
-5.852708307931209220e-02
-5.343347460524938697e-02
-5.088667036821803435e-02
-4.833986613118668174e-02
-4.833986613118668174e-02
-5.343347460524938697e-02
-5.343347460524938697e-02
-5.852708307931209220e-02
-6.107388731634344481e-02
-5.088667036821803435e-02
-5.343347460524938697e-02
-4.579306189415532913e-02
-4.833986613118668174e-02
-5.343347460524938697e-02
-5.343347460524938697e-02
-5.852708307931209220e-02
-6.107388731634344481e-02
-5.343347460524938697e-02
-4.579306189415532913e-02
-4.579306189415532913e-02
-5.088667036821803435e-02
-5.088667036821803435e-02
-5.852708307931209220e-02
-5.852708307931209220e-02
-5.343347460524938697e-02
-5.343347460524938697e-02
-4.833986613118668174e-02
-5.343347460524938697e-02
-5.343347460524938697e-02
-6.107388731634344481e-02
-5.852708307931209220e-02
-5.088667036821803435e-02
-5.088667036821803435e-02
-4.833986613118668174e-02
-5.343347460524938697e-02
-6.107388731634344481e-02
-5.852708307931209220e-02
-6.107388731634344481e-02
-5.343347460524938697e-02
-5.088667036821803435e-02
-4.833986613118668174e-02
-4.324625765712397651e-02
-5.343347460524938697e-02
-5.343347460524938697e-02
-5.852708307931209220e-02
-5.088667036821803435e-02
-5.088667036821803435e-02
-4.833986613118668174e-02
-4.833986613118668174e-02
-5.088667036821803435e-02
-5.343347460524938697e-02
-5.852708307931209220e-02
-6.107388731634344481e-02
-5.343347460524938697e-02
-4.833986613118668174e-02
-4.579306189415532913e-02
-5.343347460524938697e-02
-5.343347460524938697e-02
-5.852708307931209220e-02
-5.852708307931209220e-02
-5.343347460524938697e-02
-4.579306189415532913e-02
-4.833986613118668174e-02
-5.343347460524938697e-02
-5.088667036821803435e-02
-5.852708307931209220e-02
-5.598027884228073958e-02
-5.343347460524938697e-02
-5.088667036821803435e-02
-4.579306189415532913e-02
-5.343347460524938697e-02
-5.852708307931209220e-02
-5.852708307931209220e-02
-5.343347460524938697e-02
-5.343347460524938697e-02
-4.833986613118668174e-02
-4.833986613118668174e-02
-4.579306189415532913e-02
-5.343347460524938697e-02
-5.852708307931209220e-02
-5.852708307931209220e-02
-5.088667036821803435e-02
-4.579306189415532913e-02
-4.833986613118668174e-02
-5.343347460524938697e-02
-5.343347460524938697e-02
-5.852708307931209220e-02
-5.852708307931209220e-02
-5.343347460524938697e-02
-5.088667036821803435e-02
-4.579306189415532913e-02
-5.343347460524938697e-02
-5.343347460524938697e-02
-5.852708307931209220e-02
-5.852708307931209220e-02
-5.088667036821803435e-02
-5.088667036821803435e-02
-4.833986613118668174e-02
-5.343347460524938697e-02
-5.343347460524938697e-02
-5.343347460524938697e-02
-5.852708307931209220e-02
-5.852708307931209220e-02
-5.343347460524938697e-02
-4.579306189415532913e-02
-4.833986613118668174e-02
-5.343347460524938697e-02
-5.343347460524938697e-02
-5.598027884228073958e-02
-5.343347460524938697e-02
-5.088667036821803435e-02
-4.579306189415532913e-02
-5.343347460524938697e-02
-5.598027884228073958e-02
-6.107388731634344481e-02
-6.107388731634344481e-02
-5.343347460524938697e-02
-4.833986613118668174e-02
-4.833986613118668174e-02
-5.343347460524938697e-02
-5.343347460524938697e-02
-6.107388731634344481e-02
-6.107388731634344481e-02
-5.088667036821803435e-02
-4.579306189415532913e-02
-4.579306189415532913e-02
-5.088667036821803435e-02
-5.343347460524938697e-02
-6.107388731634344481e-02
-5.852708307931209220e-02
-5.343347460524938697e-02
-5.343347460524938697e-02
-4.579306189415532913e-02
-5.343347460524938697e-02
-5.852708307931209220e-02
-5.852708307931209220e-02
-5.343347460524938697e-02
-5.343347460524938697e-02
-4.833986613118668174e-02
-5.343347460524938697e-02
-4.833986613118668174e-02
-5.343347460524938697e-02
-6.107388731634344481e-02
-5.852708307931209220e-02
-5.343347460524938697e-02
-5.088667036821803435e-02
-4.579306189415532913e-02
-4.833986613118668174e-02
-5.343347460524938697e-02
-6.107388731634344481e-02
-5.852708307931209220e-02
-5.343347460524938697e-02
-5.343347460524938697e-02
-4.833986613118668174e-02
-4.833986613118668174e-02
-5.343347460524938697e-02
-6.107388731634344481e-02
-5.852708307931209220e-02
-5.088667036821803435e-02
-5.088667036821803435e-02
-4.833986613118668174e-02
-5.343347460524938697e-02
-5.343347460524938697e-02
-5.852708307931209220e-02
-5.852708307931209220e-02
-5.343347460524938697e-02
-5.343347460524938697e-02
-4.579306189415532913e-02
-5.088667036821803435e-02
-5.343347460524938697e-02
-6.107388731634344481e-02
-5.852708307931209220e-02
-5.088667036821803435e-02
-5.088667036821803435e-02
-4.579306189415532913e-02
-5.343347460524938697e-02
-6.107388731634344481e-02
-6.107388731634344481e-02
-5.088667036821803435e-02
-5.343347460524938697e-02
-5.343347460524938697e-02
-4.579306189415532913e-02
-5.343347460524938697e-02
-5.852708307931209220e-02
-5.852708307931209220e-02
-5.343347460524938697e-02
-5.598027884228073958e-02
-4.579306189415532913e-02
-4.579306189415532913e-02
-5.343347460524938697e-02
-5.088667036821803435e-02
-6.107388731634344481e-02
-5.343347460524938697e-02
-5.088667036821803435e-02
-4.833986613118668174e-02
-4.579306189415532913e-02
-4.833986613118668174e-02
-5.343347460524938697e-02
-5.343347460524938697e-02
-6.107388731634344481e-02
-5.343347460524938697e-02
-5.343347460524938697e-02
-4.579306189415532913e-02
-5.088667036821803435e-02
-5.088667036821803435e-02
-5.852708307931209220e-02
-5.852708307931209220e-02
-5.088667036821803435e-02
-5.343347460524938697e-02
-4.579306189415532913e-02
-4.833986613118668174e-02
-5.343347460524938697e-02
-5.598027884228073958e-02
-5.852708307931209220e-02
-5.852708307931209220e-02
-5.343347460524938697e-02
-5.088667036821803435e-02
-4.579306189415532913e-02
-5.088667036821803435e-02
-5.343347460524938697e-02
-5.852708307931209220e-02
-5.343347460524938697e-02
-5.088667036821803435e-02
-4.833986613118668174e-02
-4.579306189415532913e-02
-5.343347460524938697e-02
-5.343347460524938697e-02
-6.107388731634344481e-02
-5.598027884228073958e-02
-5.088667036821803435e-02
-5.343347460524938697e-02
-4.324625765712397651e-02
-4.833986613118668174e-02
-5.088667036821803435e-02
-6.107388731634344481e-02
-5.852708307931209220e-02
-5.088667036821803435e-02
-5.343347460524938697e-02
-4.833986613118668174e-02
-4.579306189415532913e-02
-5.343347460524938697e-02
-6.107388731634344481e-02
-6.107388731634344481e-02
-5.343347460524938697e-02
-5.343347460524938697e-02
-5.088667036821803435e-02
-4.833986613118668174e-02
-5.343347460524938697e-02
-5.343347460524938697e-02
-5.852708307931209220e-02
-5.088667036821803435e-02
-5.088667036821803435e-02
-4.579306189415532913e-02
-5.088667036821803435e-02
-5.343347460524938697e-02
-6.107388731634344481e-02
-6.107388731634344481e-02
-5.852708307931209220e-02
-5.343347460524938697e-02
-5.343347460524938697e-02
-4.833986613118668174e-02
-4.579306189415532913e-02
-5.088667036821803435e-02
-5.343347460524938697e-02
-5.852708307931209220e-02
-5.343347460524938697e-02
-5.343347460524938697e-02
-4.579306189415532913e-02
-4.579306189415532913e-02
-5.343347460524938697e-02
-5.852708307931209220e-02
-5.343347460524938697e-02
-5.343347460524938697e-02
-4.833986613118668174e-02
-4.833986613118668174e-02
-4.579306189415532913e-02
-5.852708307931209220e-02
-5.852708307931209220e-02
-5.088667036821803435e-02
-5.852708307931209220e-02
-5.088667036821803435e-02
-4.833986613118668174e-02
-4.833986613118668174e-02
-5.343347460524938697e-02
-5.343347460524938697e-02
-5.852708307931209220e-02
-5.852708307931209220e-02
-5.343347460524938697e-02
-4.833986613118668174e-02
-5.343347460524938697e-02
-5.343347460524938697e-02
-5.852708307931209220e-02
-5.852708307931209220e-02
-5.343347460524938697e-02
-5.343347460524938697e-02
-5.343347460524938697e-02
-4.833986613118668174e-02
-5.088667036821803435e-02
-5.088667036821803435e-02
-5.852708307931209220e-02
-5.852708307931209220e-02
-5.343347460524938697e-02
-5.088667036821803435e-02
-4.579306189415532913e-02
-4.833986613118668174e-02
-5.088667036821803435e-02
-5.852708307931209220e-02
-5.852708307931209220e-02
-5.343347460524938697e-02
-4.579306189415532913e-02
-4.833986613118668174e-02
-4.579306189415532913e-02
-5.088667036821803435e-02
-6.107388731634344481e-02
-5.852708307931209220e-02
-5.598027884228073958e-02
-5.088667036821803435e-02
-4.833986613118668174e-02
-4.833986613118668174e-02
-5.088667036821803435e-02
-6.107388731634344481e-02
-5.852708307931209220e-02
-5.343347460524938697e-02
-5.088667036821803435e-02
-4.579306189415532913e-02
-4.579306189415532913e-02
-5.343347460524938697e-02
-6.107388731634344481e-02
-6.107388731634344481e-02
-5.343347460524938697e-02
-5.088667036821803435e-02
-4.833986613118668174e-02
-5.598027884228073958e-02
-5.088667036821803435e-02
-5.343347460524938697e-02
-6.107388731634344481e-02
-5.343347460524938697e-02
-5.088667036821803435e-02
-4.579306189415532913e-02
-4.833986613118668174e-02
-5.343347460524938697e-02
-5.343347460524938697e-02
-5.852708307931209220e-02
-5.852708307931209220e-02
-5.343347460524938697e-02
-4.833986613118668174e-02
-4.579306189415532913e-02
-5.343347460524938697e-02
-6.107388731634344481e-02
-5.852708307931209220e-02
-5.088667036821803435e-02
-4.833986613118668174e-02
-4.833986613118668174e-02
-4.579306189415532913e-02
-5.343347460524938697e-02
-5.343347460524938697e-02
-5.852708307931209220e-02
-5.343347460524938697e-02
-5.343347460524938697e-02
-4.833986613118668174e-02
-5.343347460524938697e-02
-5.343347460524938697e-02
-6.107388731634344481e-02
-5.852708307931209220e-02
-5.343347460524938697e-02
-5.343347460524938697e-02
-4.579306189415532913e-02
-4.579306189415532913e-02
-5.343347460524938697e-02
-6.107388731634344481e-02
-5.852708307931209220e-02
-5.343347460524938697e-02
-5.343347460524938697e-02
-4.579306189415532913e-02
-5.343347460524938697e-02
-5.343347460524938697e-02
-5.343347460524938697e-02
-5.852708307931209220e-02
-5.852708307931209220e-02
-5.343347460524938697e-02
-4.833986613118668174e-02
-5.343347460524938697e-02
-5.088667036821803435e-02
-6.107388731634344481e-02
-5.852708307931209220e-02
-5.343347460524938697e-02
-5.088667036821803435e-02
-4.579306189415532913e-02
-4.579306189415532913e-02
-5.088667036821803435e-02
-6.107388731634344481e-02
-5.852708307931209220e-02
-5.598027884228073958e-02
-5.088667036821803435e-02
-4.833986613118668174e-02
-4.579306189415532913e-02
-5.343347460524938697e-02
-5.088667036821803435e-02
-5.852708307931209220e-02
-5.343347460524938697e-02
-4.833986613118668174e-02
-4.833986613118668174e-02
-4.579306189415532913e-02
-5.088667036821803435e-02
-6.107388731634344481e-02
-6.107388731634344481e-02
-5.852708307931209220e-02
-5.343347460524938697e-02
-5.343347460524938697e-02
-4.579306189415532913e-02
-4.833986613118668174e-02
-5.343347460524938697e-02
-5.088667036821803435e-02
-5.852708307931209220e-02
-5.598027884228073958e-02
-4.833986613118668174e-02
-5.088667036821803435e-02
-5.088667036821803435e-02
-5.343347460524938697e-02
-6.107388731634344481e-02
-5.852708307931209220e-02
-5.598027884228073958e-02
-5.088667036821803435e-02
-4.833986613118668174e-02
-4.579306189415532913e-02
-5.598027884228073958e-02
-5.343347460524938697e-02
-6.107388731634344481e-02
-5.343347460524938697e-02
-5.343347460524938697e-02
-5.088667036821803435e-02
-4.833986613118668174e-02
-5.343347460524938697e-02
-5.598027884228073958e-02
-6.107388731634344481e-02
-5.598027884228073958e-02
-5.343347460524938697e-02
-4.833986613118668174e-02
-5.088667036821803435e-02
-5.343347460524938697e-02
-5.088667036821803435e-02
-5.852708307931209220e-02
-5.852708307931209220e-02
-5.343347460524938697e-02
-4.833986613118668174e-02
-4.833986613118668174e-02
-5.343347460524938697e-02
-5.343347460524938697e-02
-5.852708307931209220e-02
-5.852708307931209220e-02
-5.343347460524938697e-02
-5.088667036821803435e-02
-5.088667036821803435e-02
-4.833986613118668174e-02
-5.343347460524938697e-02
-5.088667036821803435e-02
-5.852708307931209220e-02
-6.107388731634344481e-02
-5.343347460524938697e-02
-5.343347460524938697e-02
-4.579306189415532913e-02
-4.579306189415532913e-02
-5.343347460524938697e-02
-5.852708307931209220e-02
-5.852708307931209220e-02
-5.343347460524938697e-02
-5.088667036821803435e-02
-4.833986613118668174e-02
-4.324625765712397651e-02
-5.343347460524938697e-02
-5.852708307931209220e-02
-5.852708307931209220e-02
-5.852708307931209220e-02
-5.088667036821803435e-02
-4.833986613118668174e-02
-4.833986613118668174e-02
-5.598027884228073958e-02
-5.088667036821803435e-02
-5.852708307931209220e-02
-5.852708307931209220e-02
-4.833986613118668174e-02
-4.833986613118668174e-02
-5.343347460524938697e-02
-5.088667036821803435e-02
-6.107388731634344481e-02
-6.107388731634344481e-02
-5.598027884228073958e-02
-5.343347460524938697e-02
-5.088667036821803435e-02
-4.579306189415532913e-02
-5.343347460524938697e-02
-6.107388731634344481e-02
-5.852708307931209220e-02
-5.343347460524938697e-02
-5.088667036821803435e-02
-5.343347460524938697e-02
-4.579306189415532913e-02
-5.343347460524938697e-02
-5.088667036821803435e-02
-6.107388731634344481e-02
-6.107388731634344481e-02
-5.343347460524938697e-02
-5.088667036821803435e-02
-4.579306189415532913e-02
-5.343347460524938697e-02
-5.852708307931209220e-02
-5.852708307931209220e-02
-5.852708307931209220e-02
-5.343347460524938697e-02
-5.088667036821803435e-02
-4.833986613118668174e-02
-4.579306189415532913e-02
-5.343347460524938697e-02
-5.343347460524938697e-02
-5.852708307931209220e-02
-5.852708307931209220e-02
-5.088667036821803435e-02
-4.579306189415532913e-02
-4.579306189415532913e-02
-5.088667036821803435e-02
-5.343347460524938697e-02
-5.852708307931209220e-02
-5.852708307931209220e-02
-5.343347460524938697e-02
-4.579306189415532913e-02
-4.579306189415532913e-02
-5.088667036821803435e-02
-5.088667036821803435e-02
-5.852708307931209220e-02
-5.852708307931209220e-02
-5.088667036821803435e-02
-4.833986613118668174e-02
-5.598027884228073958e-02
-5.343347460524938697e-02
-6.107388731634344481e-02
-6.107388731634344481e-02
-5.343347460524938697e-02
-5.088667036821803435e-02
-4.833986613118668174e-02
-4.579306189415532913e-02
-5.343347460524938697e-02
-5.343347460524938697e-02
-5.852708307931209220e-02
-5.598027884228073958e-02
-5.088667036821803435e-02
-4.833986613118668174e-02
-4.324625765712397651e-02
-5.088667036821803435e-02
-5.852708307931209220e-02
-5.852708307931209220e-02
-5.343347460524938697e-02
-5.088667036821803435e-02
-4.833986613118668174e-02
-5.343347460524938697e-02
-5.598027884228073958e-02
-5.088667036821803435e-02
-5.852708307931209220e-02
-5.598027884228073958e-02
-5.343347460524938697e-02
-4.833986613118668174e-02
-5.088667036821803435e-02
-5.343347460524938697e-02
-5.343347460524938697e-02
-6.107388731634344481e-02
-5.343347460524938697e-02
-5.343347460524938697e-02
-5.088667036821803435e-02
-4.579306189415532913e-02
-5.088667036821803435e-02
-5.088667036821803435e-02
-6.107388731634344481e-02
-5.852708307931209220e-02
-5.343347460524938697e-02
-5.088667036821803435e-02
-4.579306189415532913e-02
-5.088667036821803435e-02
-5.343347460524938697e-02
-6.107388731634344481e-02
-5.852708307931209220e-02
-5.343347460524938697e-02
-5.088667036821803435e-02
-5.088667036821803435e-02
-4.579306189415532913e-02
-5.088667036821803435e-02
-5.088667036821803435e-02
-6.107388731634344481e-02
-5.852708307931209220e-02
-5.598027884228073958e-02
-5.343347460524938697e-02
-4.579306189415532913e-02
-4.833986613118668174e-02
-5.088667036821803435e-02
-5.852708307931209220e-02
-5.598027884228073958e-02
-5.088667036821803435e-02
-5.088667036821803435e-02
-4.579306189415532913e-02
-4.579306189415532913e-02
-5.343347460524938697e-02
-5.598027884228073958e-02
-5.343347460524938697e-02
-5.088667036821803435e-02
-4.833986613118668174e-02
-4.833986613118668174e-02
-5.343347460524938697e-02
-5.343347460524938697e-02
-5.852708307931209220e-02
-5.343347460524938697e-02
-5.343347460524938697e-02
-5.343347460524938697e-02
-5.088667036821803435e-02
-5.088667036821803435e-02
-5.343347460524938697e-02
-6.107388731634344481e-02
-5.852708307931209220e-02
-5.088667036821803435e-02
-5.343347460524938697e-02
-4.833986613118668174e-02
-4.579306189415532913e-02
-5.343347460524938697e-02
-6.107388731634344481e-02
-5.088667036821803435e-02
-5.852708307931209220e-02
-5.343347460524938697e-02
-5.343347460524938697e-02
-5.088667036821803435e-02
-5.343347460524938697e-02
-5.343347460524938697e-02
-5.852708307931209220e-02
-5.852708307931209220e-02
-5.343347460524938697e-02
-5.343347460524938697e-02
-4.579306189415532913e-02
-4.579306189415532913e-02
-5.343347460524938697e-02
-5.852708307931209220e-02
-5.852708307931209220e-02
-5.343347460524938697e-02
-5.598027884228073958e-02
-4.579306189415532913e-02
-5.343347460524938697e-02
-5.343347460524938697e-02
-5.598027884228073958e-02
-5.598027884228073958e-02
-5.343347460524938697e-02
-5.088667036821803435e-02
-4.833986613118668174e-02
-5.343347460524938697e-02
-5.088667036821803435e-02
-6.107388731634344481e-02
-5.852708307931209220e-02
-5.343347460524938697e-02
-4.833986613118668174e-02
-4.833986613118668174e-02
-5.343347460524938697e-02
-5.343347460524938697e-02
-6.107388731634344481e-02
-6.107388731634344481e-02
-5.343347460524938697e-02
-5.343347460524938697e-02
-4.579306189415532913e-02
-5.343347460524938697e-02
-5.343347460524938697e-02
-6.107388731634344481e-02
-6.107388731634344481e-02
-5.343347460524938697e-02
-5.343347460524938697e-02
-4.324625765712397651e-02
-4.833986613118668174e-02
-5.088667036821803435e-02
-5.088667036821803435e-02
-6.107388731634344481e-02
-6.107388731634344481e-02
-5.088667036821803435e-02
-4.833986613118668174e-02
-4.833986613118668174e-02
-5.343347460524938697e-02
-5.088667036821803435e-02
-6.107388731634344481e-02
-6.107388731634344481e-02
-5.343347460524938697e-02
-5.343347460524938697e-02
-4.579306189415532913e-02
-4.579306189415532913e-02
-5.343347460524938697e-02
-6.107388731634344481e-02
-5.852708307931209220e-02
-5.343347460524938697e-02
-5.088667036821803435e-02
-4.579306189415532913e-02
-4.833986613118668174e-02
-5.343347460524938697e-02
-6.107388731634344481e-02
-6.107388731634344481e-02
-5.343347460524938697e-02
-5.088667036821803435e-02
-4.833986613118668174e-02
-4.579306189415532913e-02
-5.088667036821803435e-02
-5.088667036821803435e-02
-6.107388731634344481e-02
-5.598027884228073958e-02
-5.343347460524938697e-02
-4.579306189415532913e-02
-4.579306189415532913e-02
-5.343347460524938697e-02
-5.088667036821803435e-02
-6.107388731634344481e-02
-6.107388731634344481e-02
-5.343347460524938697e-02
-5.088667036821803435e-02
-5.343347460524938697e-02
-5.343347460524938697e-02
-5.852708307931209220e-02
-5.852708307931209220e-02
-5.343347460524938697e-02
-5.343347460524938697e-02
-4.833986613118668174e-02
-4.833986613118668174e-02
-5.088667036821803435e-02
-5.088667036821803435e-02
-5.343347460524938697e-02
-5.852708307931209220e-02
-5.343347460524938697e-02
-5.343347460524938697e-02
-4.833986613118668174e-02
-4.833986613118668174e-02
-5.598027884228073958e-02
-5.088667036821803435e-02
-5.852708307931209220e-02
-5.598027884228073958e-02
-4.833986613118668174e-02
-4.833986613118668174e-02
-5.088667036821803435e-02
-5.343347460524938697e-02
-5.852708307931209220e-02
-5.852708307931209220e-02
-5.343347460524938697e-02
-5.343347460524938697e-02
-4.833986613118668174e-02
-4.579306189415532913e-02
-5.343347460524938697e-02
-5.088667036821803435e-02
-6.107388731634344481e-02
-5.343347460524938697e-02
-5.343347460524938697e-02
-4.579306189415532913e-02
-4.579306189415532913e-02
-5.343347460524938697e-02
-5.852708307931209220e-02
-6.107388731634344481e-02
-5.598027884228073958e-02
-5.343347460524938697e-02
-4.579306189415532913e-02
-4.579306189415532913e-02
-5.343347460524938697e-02
-5.088667036821803435e-02
-5.852708307931209220e-02
-5.852708307931209220e-02
-5.598027884228073958e-02
-5.343347460524938697e-02
-4.579306189415532913e-02
-4.833986613118668174e-02
-5.088667036821803435e-02
-5.852708307931209220e-02
-5.852708307931209220e-02
-5.088667036821803435e-02
-5.343347460524938697e-02
-4.833986613118668174e-02
-4.579306189415532913e-02
-5.088667036821803435e-02
-5.343347460524938697e-02
-6.107388731634344481e-02
-5.343347460524938697e-02
-5.343347460524938697e-02
-4.833986613118668174e-02
-4.833986613118668174e-02
-5.343347460524938697e-02
-5.088667036821803435e-02
-6.107388731634344481e-02
-5.852708307931209220e-02
-5.343347460524938697e-02
-5.343347460524938697e-02
-4.579306189415532913e-02
-5.343347460524938697e-02
-5.343347460524938697e-02
-5.852708307931209220e-02
-5.852708307931209220e-02
-5.343347460524938697e-02
-5.343347460524938697e-02
-4.833986613118668174e-02
-4.833986613118668174e-02
-5.343347460524938697e-02
-6.107388731634344481e-02
-5.598027884228073958e-02
-5.088667036821803435e-02
-5.343347460524938697e-02
-4.833986613118668174e-02
-4.579306189415532913e-02
-5.088667036821803435e-02
-5.343347460524938697e-02
-5.852708307931209220e-02
-5.343347460524938697e-02
-5.343347460524938697e-02
-4.833986613118668174e-02
-4.833986613118668174e-02
-5.343347460524938697e-02
-5.343347460524938697e-02
-5.343347460524938697e-02
-5.343347460524938697e-02
-4.833986613118668174e-02
-4.579306189415532913e-02
-5.343347460524938697e-02
-5.343347460524938697e-02
-6.107388731634344481e-02
-5.852708307931209220e-02
-5.088667036821803435e-02
-4.833986613118668174e-02
-4.579306189415532913e-02
-4.833986613118668174e-02
-5.088667036821803435e-02
-5.343347460524938697e-02
-5.852708307931209220e-02
-5.343347460524938697e-02
-5.598027884228073958e-02
-4.833986613118668174e-02
-4.579306189415532913e-02
-5.088667036821803435e-02
-5.343347460524938697e-02
-5.852708307931209220e-02
-5.343347460524938697e-02
-5.088667036821803435e-02
-4.833986613118668174e-02
-4.833986613118668174e-02
-5.343347460524938697e-02
-5.343347460524938697e-02
-5.852708307931209220e-02
-5.852708307931209220e-02
-5.343347460524938697e-02
-4.833986613118668174e-02
-5.343347460524938697e-02
-5.343347460524938697e-02
-5.343347460524938697e-02
-5.852708307931209220e-02
-5.852708307931209220e-02
-5.343347460524938697e-02
-5.343347460524938697e-02
-4.833986613118668174e-02
-5.343347460524938697e-02
-5.852708307931209220e-02
-5.852708307931209220e-02
-5.343347460524938697e-02
-5.343347460524938697e-02
-4.579306189415532913e-02
-4.833986613118668174e-02
-5.598027884228073958e-02
-5.852708307931209220e-02
-6.107388731634344481e-02
-5.343347460524938697e-02
-5.343347460524938697e-02
-4.833986613118668174e-02
-4.833986613118668174e-02
-4.579306189415532913e-02
-5.343347460524938697e-02
-5.343347460524938697e-02
-6.107388731634344481e-02
-5.343347460524938697e-02
-5.343347460524938697e-02
-4.833986613118668174e-02
-5.088667036821803435e-02
-5.088667036821803435e-02
-5.852708307931209220e-02
-6.107388731634344481e-02
-5.343347460524938697e-02
-5.088667036821803435e-02
-4.833986613118668174e-02
-5.343347460524938697e-02
-5.343347460524938697e-02
-5.852708307931209220e-02
-6.107388731634344481e-02
-5.598027884228073958e-02
-5.343347460524938697e-02
-5.088667036821803435e-02
-5.343347460524938697e-02
-5.343347460524938697e-02
-5.852708307931209220e-02
-5.852708307931209220e-02
-6.107388731634344481e-02
-5.598027884228073958e-02
-5.088667036821803435e-02
-4.833986613118668174e-02
-4.833986613118668174e-02
-5.343347460524938697e-02
-5.088667036821803435e-02
-5.852708307931209220e-02
-5.852708307931209220e-02
-5.343347460524938697e-02
-4.833986613118668174e-02
-5.343347460524938697e-02
-5.343347460524938697e-02
-5.088667036821803435e-02
-5.852708307931209220e-02
-5.852708307931209220e-02
-5.343347460524938697e-02
-4.833986613118668174e-02
-4.833986613118668174e-02
-5.343347460524938697e-02
-5.598027884228073958e-02
-5.852708307931209220e-02
-5.343347460524938697e-02
-5.598027884228073958e-02
-5.088667036821803435e-02
-4.833986613118668174e-02
-5.088667036821803435e-02
-5.343347460524938697e-02
-6.107388731634344481e-02
-5.852708307931209220e-02
-5.343347460524938697e-02
-4.579306189415532913e-02
-4.833986613118668174e-02
-5.088667036821803435e-02
-5.088667036821803435e-02
-6.107388731634344481e-02
-5.598027884228073958e-02
-5.088667036821803435e-02
-4.833986613118668174e-02
-5.088667036821803435e-02
-5.088667036821803435e-02
-5.343347460524938697e-02
-5.852708307931209220e-02
-6.107388731634344481e-02
-5.088667036821803435e-02
-4.833986613118668174e-02
-4.579306189415532913e-02
-5.343347460524938697e-02
-5.343347460524938697e-02
-5.852708307931209220e-02
-5.852708307931209220e-02
-5.343347460524938697e-02
-5.088667036821803435e-02
-5.088667036821803435e-02
-5.343347460524938697e-02
-6.107388731634344481e-02
-5.852708307931209220e-02
-5.088667036821803435e-02
-5.343347460524938697e-02
-4.833986613118668174e-02
-4.833986613118668174e-02
-5.343347460524938697e-02
-6.107388731634344481e-02
-6.107388731634344481e-02
-5.343347460524938697e-02
-5.088667036821803435e-02
-4.833986613118668174e-02
-4.833986613118668174e-02
-5.343347460524938697e-02
-5.343347460524938697e-02
-5.852708307931209220e-02
-5.852708307931209220e-02
-5.343347460524938697e-02
-4.833986613118668174e-02
-4.579306189415532913e-02
-5.343347460524938697e-02
-5.343347460524938697e-02
-6.107388731634344481e-02
-5.852708307931209220e-02
-5.088667036821803435e-02
-4.833986613118668174e-02
-5.088667036821803435e-02
-5.343347460524938697e-02
-5.852708307931209220e-02
-6.107388731634344481e-02
-5.088667036821803435e-02
-5.343347460524938697e-02
-4.579306189415532913e-02
-5.343347460524938697e-02
-5.343347460524938697e-02
-5.343347460524938697e-02
-5.852708307931209220e-02
-5.852708307931209220e-02
-5.343347460524938697e-02
-5.343347460524938697e-02
-4.579306189415532913e-02
-4.833986613118668174e-02
-5.343347460524938697e-02
-5.852708307931209220e-02
-6.107388731634344481e-02
-5.088667036821803435e-02
-5.343347460524938697e-02
-4.579306189415532913e-02
-5.088667036821803435e-02
-5.343347460524938697e-02
-5.852708307931209220e-02
-6.107388731634344481e-02
-6.107388731634344481e-02
-5.598027884228073958e-02
-4.833986613118668174e-02
-4.833986613118668174e-02
-5.343347460524938697e-02
-5.343347460524938697e-02
-6.107388731634344481e-02
-5.852708307931209220e-02
-5.088667036821803435e-02
-5.343347460524938697e-02
-4.579306189415532913e-02
-5.088667036821803435e-02
-5.343347460524938697e-02
-5.852708307931209220e-02
-5.852708307931209220e-02
-5.343347460524938697e-02
-4.833986613118668174e-02
-5.088667036821803435e-02
-5.343347460524938697e-02
-5.088667036821803435e-02
-5.852708307931209220e-02
-5.852708307931209220e-02
-4.833986613118668174e-02
-4.833986613118668174e-02
-4.833986613118668174e-02
-4.579306189415532913e-02
-5.343347460524938697e-02
-5.852708307931209220e-02
-6.107388731634344481e-02
-5.343347460524938697e-02
-5.088667036821803435e-02
-5.088667036821803435e-02
-5.343347460524938697e-02
-5.598027884228073958e-02
-5.343347460524938697e-02
-5.852708307931209220e-02
-5.343347460524938697e-02
-5.343347460524938697e-02
-4.579306189415532913e-02
-4.833986613118668174e-02
-5.088667036821803435e-02
-5.343347460524938697e-02
-5.852708307931209220e-02
-6.107388731634344481e-02
-5.088667036821803435e-02
-5.343347460524938697e-02
-4.833986613118668174e-02
-5.343347460524938697e-02
-5.343347460524938697e-02
-5.852708307931209220e-02
-6.107388731634344481e-02
-5.088667036821803435e-02
-5.343347460524938697e-02
-4.579306189415532913e-02
-4.579306189415532913e-02
-5.343347460524938697e-02
-5.852708307931209220e-02
-6.107388731634344481e-02
-5.598027884228073958e-02
-5.088667036821803435e-02
-4.579306189415532913e-02
-4.833986613118668174e-02
-5.343347460524938697e-02
-5.343347460524938697e-02
-5.852708307931209220e-02
-5.852708307931209220e-02
-5.343347460524938697e-02
-4.579306189415532913e-02
-4.833986613118668174e-02
-5.088667036821803435e-02
-5.343347460524938697e-02
-5.852708307931209220e-02
-5.088667036821803435e-02
-5.343347460524938697e-02
-4.579306189415532913e-02
-5.343347460524938697e-02
-5.343347460524938697e-02
-5.852708307931209220e-02
-6.107388731634344481e-02
-5.598027884228073958e-02
-5.343347460524938697e-02
-5.343347460524938697e-02
-4.579306189415532913e-02
-5.343347460524938697e-02
-5.343347460524938697e-02
-5.852708307931209220e-02
-6.107388731634344481e-02
-5.343347460524938697e-02
-4.833986613118668174e-02
-4.833986613118668174e-02
-5.343347460524938697e-02
-5.343347460524938697e-02
-5.852708307931209220e-02
-6.107388731634344481e-02
-5.343347460524938697e-02
-5.088667036821803435e-02
-4.833986613118668174e-02
-4.833986613118668174e-02
-5.343347460524938697e-02
-6.107388731634344481e-02
-5.852708307931209220e-02
-5.343347460524938697e-02
-4.579306189415532913e-02
-4.833986613118668174e-02
-5.343347460524938697e-02
-5.343347460524938697e-02
-6.107388731634344481e-02
-5.852708307931209220e-02
-5.343347460524938697e-02
-4.579306189415532913e-02
-4.833986613118668174e-02
-5.343347460524938697e-02
-5.852708307931209220e-02
-5.852708307931209220e-02
-5.343347460524938697e-02
-5.343347460524938697e-02
-4.579306189415532913e-02
-4.579306189415532913e-02
-5.088667036821803435e-02
-5.343347460524938697e-02
-6.107388731634344481e-02
-5.343347460524938697e-02
-5.343347460524938697e-02
-4.579306189415532913e-02
-4.833986613118668174e-02
-5.088667036821803435e-02
-5.852708307931209220e-02
-6.107388731634344481e-02
-5.852708307931209220e-02
-5.088667036821803435e-02
-5.343347460524938697e-02
-4.833986613118668174e-02
-5.088667036821803435e-02
-5.088667036821803435e-02
-5.852708307931209220e-02
-6.107388731634344481e-02
-5.343347460524938697e-02
-5.343347460524938697e-02
-5.088667036821803435e-02
-4.833986613118668174e-02
-5.343347460524938697e-02
-5.852708307931209220e-02
-6.107388731634344481e-02
-5.343347460524938697e-02
-5.343347460524938697e-02
-4.579306189415532913e-02
-5.088667036821803435e-02
-6.107388731634344481e-02
-5.852708307931209220e-02
-5.852708307931209220e-02
-5.343347460524938697e-02
-5.088667036821803435e-02
-4.579306189415532913e-02
-5.343347460524938697e-02
-5.343347460524938697e-02
-5.852708307931209220e-02
-5.343347460524938697e-02
-5.343347460524938697e-02
-4.579306189415532913e-02
-5.088667036821803435e-02
-5.088667036821803435e-02
-5.343347460524938697e-02
-5.852708307931209220e-02
-5.852708307931209220e-02
-5.343347460524938697e-02
-5.343347460524938697e-02
-4.579306189415532913e-02
-4.833986613118668174e-02
-5.343347460524938697e-02
-5.852708307931209220e-02
-6.107388731634344481e-02
-5.088667036821803435e-02
-5.598027884228073958e-02
-4.579306189415532913e-02
-5.088667036821803435e-02
-5.343347460524938697e-02
-6.107388731634344481e-02
-5.852708307931209220e-02
-5.088667036821803435e-02
-4.833986613118668174e-02
-4.579306189415532913e-02
-5.343347460524938697e-02
-5.852708307931209220e-02
-5.852708307931209220e-02
-6.107388731634344481e-02
-5.343347460524938697e-02
-4.579306189415532913e-02
-5.088667036821803435e-02
-5.343347460524938697e-02
-5.343347460524938697e-02
-6.107388731634344481e-02
-6.107388731634344481e-02
-5.088667036821803435e-02
-5.343347460524938697e-02
-5.088667036821803435e-02
-5.343347460524938697e-02
-5.343347460524938697e-02
-5.343347460524938697e-02
-5.852708307931209220e-02
-5.852708307931209220e-02
-5.343347460524938697e-02
-5.343347460524938697e-02
-4.833986613118668174e-02
-5.088667036821803435e-02
-5.088667036821803435e-02
-5.852708307931209220e-02
-5.852708307931209220e-02
-5.343347460524938697e-02
-5.343347460524938697e-02
-4.833986613118668174e-02
-4.579306189415532913e-02
-5.343347460524938697e-02
-5.343347460524938697e-02
-5.852708307931209220e-02
-5.088667036821803435e-02
-5.343347460524938697e-02
-5.088667036821803435e-02
-4.833986613118668174e-02
-5.343347460524938697e-02
-5.343347460524938697e-02
-5.852708307931209220e-02
-5.852708307931209220e-02
-5.598027884228073958e-02
-4.833986613118668174e-02
-4.833986613118668174e-02
-5.343347460524938697e-02
-5.343347460524938697e-02
-5.852708307931209220e-02
-5.852708307931209220e-02
-5.343347460524938697e-02
-4.833986613118668174e-02
-4.833986613118668174e-02
-5.343347460524938697e-02
-5.343347460524938697e-02
-6.107388731634344481e-02
-5.852708307931209220e-02
-5.088667036821803435e-02
-5.343347460524938697e-02
-4.833986613118668174e-02
-5.088667036821803435e-02
-5.343347460524938697e-02
-5.852708307931209220e-02
-5.088667036821803435e-02
-4.833986613118668174e-02
-4.579306189415532913e-02
-4.833986613118668174e-02
-5.343347460524938697e-02
-5.852708307931209220e-02
-6.107388731634344481e-02
-6.107388731634344481e-02
-5.598027884228073958e-02
-5.343347460524938697e-02
-4.833986613118668174e-02
-5.343347460524938697e-02
-5.343347460524938697e-02
-5.852708307931209220e-02
-5.852708307931209220e-02
-5.343347460524938697e-02
-5.343347460524938697e-02
-4.579306189415532913e-02
-4.833986613118668174e-02
-5.852708307931209220e-02
-6.107388731634344481e-02
-5.852708307931209220e-02
-5.088667036821803435e-02
-5.343347460524938697e-02
-4.579306189415532913e-02
-4.833986613118668174e-02
-5.343347460524938697e-02
-5.343347460524938697e-02
-5.852708307931209220e-02
-6.107388731634344481e-02
-5.343347460524938697e-02
-4.579306189415532913e-02
-5.088667036821803435e-02
-5.088667036821803435e-02
-5.343347460524938697e-02
-5.852708307931209220e-02
-6.107388731634344481e-02
-5.343347460524938697e-02
-4.833986613118668174e-02
-4.833986613118668174e-02
-5.343347460524938697e-02
-5.852708307931209220e-02
-5.852708307931209220e-02
-5.088667036821803435e-02
-5.343347460524938697e-02
-4.579306189415532913e-02
-4.579306189415532913e-02
-5.343347460524938697e-02
-5.343347460524938697e-02
-5.852708307931209220e-02
-5.852708307931209220e-02
-5.343347460524938697e-02
-4.579306189415532913e-02
-5.088667036821803435e-02
-5.343347460524938697e-02
-5.852708307931209220e-02
-5.852708307931209220e-02
-5.343347460524938697e-02
-5.343347460524938697e-02
-4.579306189415532913e-02
-4.833986613118668174e-02
-5.088667036821803435e-02
-5.088667036821803435e-02
-6.107388731634344481e-02
-5.598027884228073958e-02
-5.343347460524938697e-02
-4.579306189415532913e-02
-4.833986613118668174e-02
-5.343347460524938697e-02
-5.343347460524938697e-02
-6.107388731634344481e-02
-6.107388731634344481e-02
-5.088667036821803435e-02
-4.579306189415532913e-02
-4.579306189415532913e-02
-5.343347460524938697e-02
-5.343347460524938697e-02
-5.852708307931209220e-02
-6.107388731634344481e-02
-4.833986613118668174e-02
-5.343347460524938697e-02
-4.579306189415532913e-02
-4.833986613118668174e-02
-5.343347460524938697e-02
-5.343347460524938697e-02
-6.107388731634344481e-02
-5.852708307931209220e-02
-5.343347460524938697e-02
-5.343347460524938697e-02
-5.088667036821803435e-02
-5.088667036821803435e-02
-5.343347460524938697e-02
-5.343347460524938697e-02
-5.852708307931209220e-02
-5.343347460524938697e-02
-5.343347460524938697e-02
-4.833986613118668174e-02
-5.088667036821803435e-02
-5.343347460524938697e-02
-5.343347460524938697e-02
-5.852708307931209220e-02
-5.852708307931209220e-02
-5.343347460524938697e-02
-4.833986613118668174e-02
-4.833986613118668174e-02
-5.088667036821803435e-02
-5.852708307931209220e-02
-5.852708307931209220e-02
-5.852708307931209220e-02
-4.833986613118668174e-02
-4.833986613118668174e-02
-5.343347460524938697e-02
-5.088667036821803435e-02
-5.598027884228073958e-02
-5.852708307931209220e-02
-5.852708307931209220e-02
-5.088667036821803435e-02
-5.598027884228073958e-02
-4.833986613118668174e-02
-5.088667036821803435e-02
-5.343347460524938697e-02
-5.343347460524938697e-02
-6.107388731634344481e-02
-5.343347460524938697e-02
-5.343347460524938697e-02
-4.579306189415532913e-02
-4.833986613118668174e-02
-5.343347460524938697e-02
-5.088667036821803435e-02
-6.107388731634344481e-02
-5.852708307931209220e-02
-5.343347460524938697e-02
-5.343347460524938697e-02
-4.833986613118668174e-02
-5.088667036821803435e-02
-5.088667036821803435e-02
-5.852708307931209220e-02
-6.107388731634344481e-02
-5.343347460524938697e-02
-5.343347460524938697e-02
-4.833986613118668174e-02
-4.579306189415532913e-02
-5.343347460524938697e-02
-5.852708307931209220e-02
-6.107388731634344481e-02
-5.088667036821803435e-02
-5.343347460524938697e-02
-4.833986613118668174e-02
-4.833986613118668174e-02
-5.088667036821803435e-02
-5.598027884228073958e-02
-6.107388731634344481e-02
-5.088667036821803435e-02
-5.343347460524938697e-02
-5.088667036821803435e-02
-4.833986613118668174e-02
-5.343347460524938697e-02
-5.343347460524938697e-02
-6.107388731634344481e-02
-5.852708307931209220e-02
-5.598027884228073958e-02
-5.088667036821803435e-02
-4.833986613118668174e-02
-5.343347460524938697e-02
-5.343347460524938697e-02
-6.107388731634344481e-02
-5.088667036821803435e-02
-5.343347460524938697e-02
-4.579306189415532913e-02
-5.088667036821803435e-02
-5.343347460524938697e-02
-5.852708307931209220e-02
-5.852708307931209220e-02
-5.852708307931209220e-02
-5.343347460524938697e-02
-5.343347460524938697e-02
-4.833986613118668174e-02
-4.833986613118668174e-02
-5.343347460524938697e-02
-5.343347460524938697e-02
-6.107388731634344481e-02
-6.107388731634344481e-02
-5.343347460524938697e-02
-5.343347460524938697e-02
-4.833986613118668174e-02
-4.833986613118668174e-02
-5.343347460524938697e-02
-5.852708307931209220e-02
-5.852708307931209220e-02
-5.088667036821803435e-02
-5.598027884228073958e-02
-4.579306189415532913e-02
-4.833986613118668174e-02
-5.088667036821803435e-02
-5.343347460524938697e-02
-5.852708307931209220e-02
-5.852708307931209220e-02
-5.343347460524938697e-02
-4.833986613118668174e-02
-4.833986613118668174e-02
-5.343347460524938697e-02
-5.343347460524938697e-02
-5.852708307931209220e-02
-5.852708307931209220e-02
-5.343347460524938697e-02
-5.343347460524938697e-02
-4.833986613118668174e-02
-5.343347460524938697e-02
-5.343347460524938697e-02
-6.107388731634344481e-02
-5.343347460524938697e-02
-5.598027884228073958e-02
-4.833986613118668174e-02
-4.833986613118668174e-02
-5.343347460524938697e-02
-5.343347460524938697e-02
-5.852708307931209220e-02
-5.852708307931209220e-02
-5.088667036821803435e-02
-5.343347460524938697e-02
-4.579306189415532913e-02
-4.833986613118668174e-02
-5.088667036821803435e-02
-5.343347460524938697e-02
-6.107388731634344481e-02
-6.107388731634344481e-02
-5.343347460524938697e-02
-4.579306189415532913e-02
-4.833986613118668174e-02
-5.343347460524938697e-02
-5.088667036821803435e-02
-5.852708307931209220e-02
-6.107388731634344481e-02
-5.343347460524938697e-02
-5.088667036821803435e-02
-5.088667036821803435e-02
-5.343347460524938697e-02
-5.343347460524938697e-02
-5.852708307931209220e-02
-5.852708307931209220e-02
-5.088667036821803435e-02
-5.343347460524938697e-02
-4.579306189415532913e-02
-5.088667036821803435e-02
-5.088667036821803435e-02
-5.852708307931209220e-02
-6.362069155337479742e-02
-5.343347460524938697e-02
-5.343347460524938697e-02
-4.579306189415532913e-02
-5.088667036821803435e-02
-5.852708307931209220e-02
-5.598027884228073958e-02
-5.343347460524938697e-02
-5.088667036821803435e-02
-4.579306189415532913e-02
-5.088667036821803435e-02
-5.088667036821803435e-02
-5.088667036821803435e-02
-6.107388731634344481e-02
-5.852708307931209220e-02
-5.088667036821803435e-02
-5.343347460524938697e-02
-4.833986613118668174e-02
-5.343347460524938697e-02
-5.343347460524938697e-02
-5.852708307931209220e-02
-6.107388731634344481e-02
-5.088667036821803435e-02
-5.852708307931209220e-02
-4.579306189415532913e-02
-5.088667036821803435e-02
-5.343347460524938697e-02
-5.343347460524938697e-02
-6.107388731634344481e-02
-5.343347460524938697e-02
-5.343347460524938697e-02
-4.833986613118668174e-02
-4.833986613118668174e-02
-5.343347460524938697e-02
-5.343347460524938697e-02
-5.852708307931209220e-02
-5.088667036821803435e-02
-5.343347460524938697e-02
-4.833986613118668174e-02
-4.833986613118668174e-02
-5.343347460524938697e-02
-6.107388731634344481e-02
-5.852708307931209220e-02
-5.343347460524938697e-02
-4.579306189415532913e-02
-4.833986613118668174e-02
-5.088667036821803435e-02
-5.343347460524938697e-02
-5.852708307931209220e-02
-5.088667036821803435e-02
-5.343347460524938697e-02
-4.833986613118668174e-02
-4.833986613118668174e-02
-5.343347460524938697e-02
-5.088667036821803435e-02
-6.107388731634344481e-02
-6.107388731634344481e-02
-5.598027884228073958e-02
-4.579306189415532913e-02
-5.088667036821803435e-02
-5.343347460524938697e-02
-5.343347460524938697e-02
-5.343347460524938697e-02
-6.107388731634344481e-02
-6.107388731634344481e-02
-5.343347460524938697e-02
-4.833986613118668174e-02
-4.833986613118668174e-02
-5.343347460524938697e-02
-5.343347460524938697e-02
-5.852708307931209220e-02
-6.107388731634344481e-02
-5.343347460524938697e-02
-4.833986613118668174e-02
-5.088667036821803435e-02
-5.088667036821803435e-02
-5.088667036821803435e-02
-6.107388731634344481e-02
-6.107388731634344481e-02
-5.343347460524938697e-02
-5.088667036821803435e-02
-4.833986613118668174e-02
-5.343347460524938697e-02
-5.343347460524938697e-02
-5.852708307931209220e-02
-6.107388731634344481e-02
-5.343347460524938697e-02
-5.088667036821803435e-02
-4.833986613118668174e-02
-4.833986613118668174e-02
-5.343347460524938697e-02
-5.088667036821803435e-02
-5.852708307931209220e-02
-5.088667036821803435e-02
-5.088667036821803435e-02
-4.833986613118668174e-02
-4.579306189415532913e-02
-5.343347460524938697e-02
-5.343347460524938697e-02
-6.107388731634344481e-02
-6.107388731634344481e-02
-5.343347460524938697e-02
-4.579306189415532913e-02
-4.833986613118668174e-02
-5.343347460524938697e-02
-5.343347460524938697e-02
-6.107388731634344481e-02
-5.852708307931209220e-02
-5.343347460524938697e-02
-5.343347460524938697e-02
-4.833986613118668174e-02
-5.088667036821803435e-02
-5.343347460524938697e-02
-5.852708307931209220e-02
-6.107388731634344481e-02
-5.343347460524938697e-02
-5.598027884228073958e-02
-4.833986613118668174e-02
-4.833986613118668174e-02
-5.343347460524938697e-02
-5.852708307931209220e-02
-5.852708307931209220e-02
-5.343347460524938697e-02
-5.088667036821803435e-02
-4.833986613118668174e-02
-4.833986613118668174e-02
-5.343347460524938697e-02
-6.107388731634344481e-02
-5.852708307931209220e-02
-5.343347460524938697e-02
-5.343347460524938697e-02
-4.579306189415532913e-02
-5.088667036821803435e-02
-5.343347460524938697e-02
-5.343347460524938697e-02
-5.852708307931209220e-02
-5.343347460524938697e-02
-5.598027884228073958e-02
-4.833986613118668174e-02
-5.343347460524938697e-02
-5.343347460524938697e-02
-5.343347460524938697e-02
-5.852708307931209220e-02
-5.852708307931209220e-02
-5.343347460524938697e-02
-4.579306189415532913e-02
-4.833986613118668174e-02
-5.343347460524938697e-02
-5.088667036821803435e-02
-6.107388731634344481e-02
-6.107388731634344481e-02
-5.088667036821803435e-02
-5.598027884228073958e-02
-4.833986613118668174e-02
-5.343347460524938697e-02
-5.343347460524938697e-02
-5.852708307931209220e-02
-6.107388731634344481e-02
-5.343347460524938697e-02
-5.088667036821803435e-02
-4.833986613118668174e-02
-5.343347460524938697e-02
-5.343347460524938697e-02
-5.852708307931209220e-02
-5.852708307931209220e-02
-5.343347460524938697e-02
-4.833986613118668174e-02
-4.833986613118668174e-02
-4.833986613118668174e-02
-5.343347460524938697e-02
-5.343347460524938697e-02
-5.852708307931209220e-02
-5.343347460524938697e-02
-5.343347460524938697e-02
-4.579306189415532913e-02
-4.833986613118668174e-02
-5.343347460524938697e-02
-5.088667036821803435e-02
-5.852708307931209220e-02
-5.852708307931209220e-02
-5.598027884228073958e-02
-5.088667036821803435e-02
-4.833986613118668174e-02
-5.343347460524938697e-02
-5.343347460524938697e-02
-6.107388731634344481e-02
-5.088667036821803435e-02
-5.343347460524938697e-02
-4.579306189415532913e-02
-5.343347460524938697e-02
-5.343347460524938697e-02
-5.852708307931209220e-02
-6.107388731634344481e-02
-5.088667036821803435e-02
-5.343347460524938697e-02
-4.833986613118668174e-02
-5.088667036821803435e-02
-5.343347460524938697e-02
-6.107388731634344481e-02
-6.107388731634344481e-02
-5.343347460524938697e-02
-5.343347460524938697e-02
-4.579306189415532913e-02
-4.833986613118668174e-02
-5.343347460524938697e-02
-6.107388731634344481e-02
-5.852708307931209220e-02
-5.343347460524938697e-02
-5.343347460524938697e-02
-4.833986613118668174e-02
-5.343347460524938697e-02
-5.343347460524938697e-02
-5.343347460524938697e-02
-5.852708307931209220e-02
-5.852708307931209220e-02
-5.343347460524938697e-02
-4.579306189415532913e-02
-4.833986613118668174e-02
-5.343347460524938697e-02
-5.343347460524938697e-02
-5.852708307931209220e-02
-6.107388731634344481e-02
-5.343347460524938697e-02
-5.343347460524938697e-02
-4.833986613118668174e-02
-5.088667036821803435e-02
-5.343347460524938697e-02
-6.107388731634344481e-02
-6.107388731634344481e-02
-5.343347460524938697e-02
-5.343347460524938697e-02
-4.579306189415532913e-02
-5.343347460524938697e-02
-5.343347460524938697e-02
-6.107388731634344481e-02
-5.088667036821803435e-02
-5.088667036821803435e-02
-4.579306189415532913e-02
-4.833986613118668174e-02
-5.343347460524938697e-02
-5.598027884228073958e-02
-6.107388731634344481e-02
-6.107388731634344481e-02
-5.343347460524938697e-02
-4.579306189415532913e-02
-4.833986613118668174e-02
-5.343347460524938697e-02
-5.852708307931209220e-02
-5.852708307931209220e-02
-5.088667036821803435e-02
-5.343347460524938697e-02
-4.579306189415532913e-02
-4.833986613118668174e-02
-5.088667036821803435e-02
-5.598027884228073958e-02
-6.107388731634344481e-02
-5.852708307931209220e-02
-6.107388731634344481e-02
-5.598027884228073958e-02
-4.833986613118668174e-02
-4.579306189415532913e-02
-5.343347460524938697e-02
-5.343347460524938697e-02
-5.852708307931209220e-02
-5.088667036821803435e-02
-5.343347460524938697e-02
-4.833986613118668174e-02
-4.833986613118668174e-02
-5.343347460524938697e-02
-5.852708307931209220e-02
-6.107388731634344481e-02
-5.852708307931209220e-02
-5.088667036821803435e-02
-5.343347460524938697e-02
-4.833986613118668174e-02
-5.343347460524938697e-02
-5.343347460524938697e-02
-5.852708307931209220e-02
-6.107388731634344481e-02
-5.343347460524938697e-02
-4.833986613118668174e-02
-4.579306189415532913e-02
-5.088667036821803435e-02
-5.343347460524938697e-02
-6.107388731634344481e-02
-5.598027884228073958e-02
-5.343347460524938697e-02
-4.833986613118668174e-02
-4.833986613118668174e-02
-5.343347460524938697e-02
-5.343347460524938697e-02
-5.852708307931209220e-02
-5.343347460524938697e-02
-5.088667036821803435e-02
-4.579306189415532913e-02
-5.088667036821803435e-02
-5.088667036821803435e-02
-5.852708307931209220e-02
-6.107388731634344481e-02
-5.088667036821803435e-02
-5.343347460524938697e-02
-4.579306189415532913e-02
-4.579306189415532913e-02
-5.088667036821803435e-02
-5.852708307931209220e-02
-5.852708307931209220e-02
-5.598027884228073958e-02
-5.343347460524938697e-02
-4.579306189415532913e-02
-4.833986613118668174e-02
-5.088667036821803435e-02
-5.343347460524938697e-02
-6.107388731634344481e-02
-6.107388731634344481e-02
-5.343347460524938697e-02
-4.579306189415532913e-02
-4.833986613118668174e-02
-5.088667036821803435e-02
-5.343347460524938697e-02
-5.598027884228073958e-02
-5.343347460524938697e-02
-5.343347460524938697e-02
-4.833986613118668174e-02
-4.833986613118668174e-02
-5.088667036821803435e-02
-5.088667036821803435e-02
-6.107388731634344481e-02
-6.107388731634344481e-02
-5.088667036821803435e-02
-4.579306189415532913e-02
-4.833986613118668174e-02
-5.343347460524938697e-02
-5.343347460524938697e-02
-5.852708307931209220e-02
-5.343347460524938697e-02
-5.343347460524938697e-02
-5.343347460524938697e-02
-4.579306189415532913e-02
-4.579306189415532913e-02
-5.343347460524938697e-02
-6.107388731634344481e-02
-6.107388731634344481e-02
-5.343347460524938697e-02
-5.343347460524938697e-02
-4.833986613118668174e-02
-4.579306189415532913e-02
-5.343347460524938697e-02
-5.343347460524938697e-02
-5.852708307931209220e-02
-5.852708307931209220e-02
-5.343347460524938697e-02
-5.343347460524938697e-02
-4.579306189415532913e-02
-5.343347460524938697e-02
-5.343347460524938697e-02
-6.107388731634344481e-02
-5.852708307931209220e-02
-5.343347460524938697e-02
-4.579306189415532913e-02
-4.579306189415532913e-02
-5.343347460524938697e-02
-6.107388731634344481e-02
-5.852708307931209220e-02
-5.088667036821803435e-02
-5.343347460524938697e-02
-4.833986613118668174e-02
-4.579306189415532913e-02
-5.343347460524938697e-02
-5.343347460524938697e-02
-5.088667036821803435e-02
-5.852708307931209220e-02
-5.343347460524938697e-02
-5.343347460524938697e-02
-4.833986613118668174e-02
-5.088667036821803435e-02
-5.343347460524938697e-02
-5.343347460524938697e-02
-6.107388731634344481e-02
-5.598027884228073958e-02
-5.343347460524938697e-02
-4.579306189415532913e-02
-4.833986613118668174e-02
-5.343347460524938697e-02
-5.343347460524938697e-02
-5.852708307931209220e-02
-5.343347460524938697e-02
-5.088667036821803435e-02
-4.579306189415532913e-02
-4.833986613118668174e-02
-5.088667036821803435e-02
-6.107388731634344481e-02
-5.852708307931209220e-02
-6.107388731634344481e-02
-5.343347460524938697e-02
-5.088667036821803435e-02
-4.833986613118668174e-02
-5.343347460524938697e-02
-5.343347460524938697e-02
-5.852708307931209220e-02
-5.852708307931209220e-02
-5.343347460524938697e-02
-5.343347460524938697e-02
-4.579306189415532913e-02
-4.833986613118668174e-02
-5.088667036821803435e-02
-5.343347460524938697e-02
-6.107388731634344481e-02
-5.852708307931209220e-02
-5.343347460524938697e-02
-4.579306189415532913e-02
-4.579306189415532913e-02
-5.343347460524938697e-02
-5.343347460524938697e-02
-6.107388731634344481e-02
-5.852708307931209220e-02
-5.343347460524938697e-02
-5.343347460524938697e-02
-4.833986613118668174e-02
-4.579306189415532913e-02
-5.343347460524938697e-02
-5.852708307931209220e-02
-5.852708307931209220e-02
-5.343347460524938697e-02
-5.343347460524938697e-02
-4.833986613118668174e-02
-4.833986613118668174e-02
-5.343347460524938697e-02
-5.343347460524938697e-02
-5.852708307931209220e-02
-6.107388731634344481e-02
-5.343347460524938697e-02
-5.343347460524938697e-02
-4.833986613118668174e-02
-5.343347460524938697e-02
-5.343347460524938697e-02
-6.107388731634344481e-02
-5.852708307931209220e-02
-5.343347460524938697e-02
-5.343347460524938697e-02
-4.579306189415532913e-02
-5.343347460524938697e-02
-5.343347460524938697e-02
-5.852708307931209220e-02
-6.107388731634344481e-02
-5.088667036821803435e-02
-5.343347460524938697e-02
-4.833986613118668174e-02
-5.343347460524938697e-02
-5.343347460524938697e-02
-5.852708307931209220e-02
-5.852708307931209220e-02
-5.088667036821803435e-02
-4.579306189415532913e-02
-4.833986613118668174e-02
-5.343347460524938697e-02
-5.343347460524938697e-02
-5.852708307931209220e-02
-6.107388731634344481e-02
-5.598027884228073958e-02
-5.343347460524938697e-02
-4.833986613118668174e-02
-4.579306189415532913e-02
-5.343347460524938697e-02
-6.107388731634344481e-02
-6.107388731634344481e-02
-5.852708307931209220e-02
-5.088667036821803435e-02
-5.343347460524938697e-02
-4.833986613118668174e-02
-4.579306189415532913e-02
-5.343347460524938697e-02
-5.852708307931209220e-02
-5.852708307931209220e-02
-5.343347460524938697e-02
-5.088667036821803435e-02
-4.579306189415532913e-02
-4.833986613118668174e-02
-5.343347460524938697e-02
-5.343347460524938697e-02
-5.852708307931209220e-02
-5.088667036821803435e-02
-5.343347460524938697e-02
-4.833986613118668174e-02
-5.088667036821803435e-02
-5.598027884228073958e-02
-6.107388731634344481e-02
-5.088667036821803435e-02
-5.343347460524938697e-02
-4.579306189415532913e-02
-4.579306189415532913e-02
-5.343347460524938697e-02
-5.088667036821803435e-02
-5.852708307931209220e-02
-6.107388731634344481e-02
-5.598027884228073958e-02
-5.088667036821803435e-02
-5.343347460524938697e-02
-4.833986613118668174e-02
-5.088667036821803435e-02
-5.088667036821803435e-02
-6.107388731634344481e-02
-5.852708307931209220e-02
-5.343347460524938697e-02
-5.088667036821803435e-02
-4.579306189415532913e-02
-4.833986613118668174e-02
-5.343347460524938697e-02
-6.107388731634344481e-02
-6.107388731634344481e-02
-5.343347460524938697e-02
-5.343347460524938697e-02
-4.833986613118668174e-02
-4.579306189415532913e-02
-5.343347460524938697e-02
-5.343347460524938697e-02
-5.852708307931209220e-02
-5.343347460524938697e-02
-5.088667036821803435e-02
-4.833986613118668174e-02
-5.343347460524938697e-02
-5.343347460524938697e-02
-5.343347460524938697e-02
-5.852708307931209220e-02
-5.852708307931209220e-02
-5.088667036821803435e-02
-4.579306189415532913e-02
-4.833986613118668174e-02
-5.088667036821803435e-02
-5.088667036821803435e-02
-5.852708307931209220e-02
-6.107388731634344481e-02
-5.088667036821803435e-02
-4.833986613118668174e-02
-4.579306189415532913e-02
-5.343347460524938697e-02
-5.088667036821803435e-02
-5.852708307931209220e-02
-5.852708307931209220e-02
-5.088667036821803435e-02
-5.088667036821803435e-02
-4.579306189415532913e-02
-5.343347460524938697e-02
-5.343347460524938697e-02
-5.852708307931209220e-02
-5.852708307931209220e-02
-5.343347460524938697e-02
-5.343347460524938697e-02
-4.579306189415532913e-02
-5.343347460524938697e-02
-5.088667036821803435e-02
-5.852708307931209220e-02
-6.107388731634344481e-02
-5.343347460524938697e-02
-5.088667036821803435e-02
-5.088667036821803435e-02
-5.088667036821803435e-02
-5.343347460524938697e-02
-5.852708307931209220e-02
-5.852708307931209220e-02
-5.088667036821803435e-02
-5.088667036821803435e-02
-4.579306189415532913e-02
-4.833986613118668174e-02
-5.088667036821803435e-02
-5.343347460524938697e-02
-5.343347460524938697e-02
-5.088667036821803435e-02
-4.833986613118668174e-02
-4.579306189415532913e-02
-4.579306189415532913e-02
-5.343347460524938697e-02
-5.852708307931209220e-02
-6.107388731634344481e-02
-5.343347460524938697e-02
-5.088667036821803435e-02
-4.833986613118668174e-02
-4.833986613118668174e-02
-5.343347460524938697e-02
-5.852708307931209220e-02
-5.852708307931209220e-02
-5.343347460524938697e-02
-5.343347460524938697e-02
-4.579306189415532913e-02
-5.598027884228073958e-02
-5.343347460524938697e-02
-5.852708307931209220e-02
-5.598027884228073958e-02
-5.088667036821803435e-02
-5.088667036821803435e-02
-4.833986613118668174e-02
-4.833986613118668174e-02
-5.088667036821803435e-02
-6.107388731634344481e-02
-5.852708307931209220e-02
-5.598027884228073958e-02
-5.088667036821803435e-02
-4.833986613118668174e-02
-5.088667036821803435e-02
-5.088667036821803435e-02
-5.343347460524938697e-02
-5.852708307931209220e-02
-5.343347460524938697e-02
-5.088667036821803435e-02
-4.579306189415532913e-02
-4.579306189415532913e-02
-5.343347460524938697e-02
-5.343347460524938697e-02
-6.107388731634344481e-02
-5.343347460524938697e-02
-5.088667036821803435e-02
-4.833986613118668174e-02
-4.579306189415532913e-02
-5.088667036821803435e-02
-5.088667036821803435e-02
-5.852708307931209220e-02
-5.852708307931209220e-02
-4.833986613118668174e-02
-4.833986613118668174e-02
-4.579306189415532913e-02
-5.088667036821803435e-02
-5.852708307931209220e-02
-5.852708307931209220e-02
-5.343347460524938697e-02
-5.343347460524938697e-02
-5.088667036821803435e-02
-5.088667036821803435e-02
-5.343347460524938697e-02
-6.107388731634344481e-02
-5.852708307931209220e-02
-5.852708307931209220e-02
-5.088667036821803435e-02
-5.343347460524938697e-02
-4.833986613118668174e-02
-5.343347460524938697e-02
-5.088667036821803435e-02
-5.852708307931209220e-02
-5.598027884228073958e-02
-5.343347460524938697e-02
-4.833986613118668174e-02
-5.343347460524938697e-02
-5.088667036821803435e-02
-5.852708307931209220e-02
-6.107388731634344481e-02
-5.852708307931209220e-02
-5.343347460524938697e-02
-5.343347460524938697e-02
-4.833986613118668174e-02
-5.343347460524938697e-02
-5.088667036821803435e-02
-5.852708307931209220e-02
-5.852708307931209220e-02
-5.343347460524938697e-02
-5.343347460524938697e-02
-4.579306189415532913e-02
-4.579306189415532913e-02
-5.088667036821803435e-02
-6.107388731634344481e-02
-5.852708307931209220e-02
-5.088667036821803435e-02
-5.343347460524938697e-02
-4.579306189415532913e-02
-4.579306189415532913e-02
-5.088667036821803435e-02
-5.598027884228073958e-02
-5.343347460524938697e-02
-5.088667036821803435e-02
-5.343347460524938697e-02
-4.579306189415532913e-02
-4.833986613118668174e-02
-5.088667036821803435e-02
-5.088667036821803435e-02
-5.852708307931209220e-02
-5.343347460524938697e-02
-5.343347460524938697e-02
-4.579306189415532913e-02
-5.343347460524938697e-02
-5.088667036821803435e-02
-5.852708307931209220e-02
-5.343347460524938697e-02
-5.343347460524938697e-02
-4.579306189415532913e-02
-4.833986613118668174e-02
-5.088667036821803435e-02
-5.343347460524938697e-02
-5.852708307931209220e-02
-5.343347460524938697e-02
-5.088667036821803435e-02
-4.579306189415532913e-02
-4.833986613118668174e-02
-5.343347460524938697e-02
-5.088667036821803435e-02
-5.852708307931209220e-02
-5.343347460524938697e-02
-5.088667036821803435e-02
-4.833986613118668174e-02
-4.833986613118668174e-02
-5.343347460524938697e-02
-5.088667036821803435e-02
-5.088667036821803435e-02
-5.343347460524938697e-02
-4.833986613118668174e-02
-5.343347460524938697e-02
-4.579306189415532913e-02
-5.343347460524938697e-02
-5.088667036821803435e-02
-5.852708307931209220e-02
-5.852708307931209220e-02
-5.088667036821803435e-02
-4.579306189415532913e-02
-5.343347460524938697e-02
-5.343347460524938697e-02
-5.343347460524938697e-02
-5.852708307931209220e-02
-5.343347460524938697e-02
-5.088667036821803435e-02
-4.833986613118668174e-02
-5.343347460524938697e-02
-5.343347460524938697e-02
-6.107388731634344481e-02
-5.852708307931209220e-02
-5.343347460524938697e-02
-5.088667036821803435e-02
-4.579306189415532913e-02
-5.598027884228073958e-02
-5.088667036821803435e-02
-5.088667036821803435e-02
-6.107388731634344481e-02
-5.343347460524938697e-02
-5.343347460524938697e-02
-4.579306189415532913e-02
-4.579306189415532913e-02
-5.343347460524938697e-02
-5.852708307931209220e-02
-5.088667036821803435e-02
-5.343347460524938697e-02
-4.833986613118668174e-02
-4.833986613118668174e-02
-5.343347460524938697e-02
-5.343347460524938697e-02
-5.852708307931209220e-02
-5.343347460524938697e-02
-5.088667036821803435e-02
-5.088667036821803435e-02
-5.088667036821803435e-02
-5.343347460524938697e-02
-5.343347460524938697e-02
-5.852708307931209220e-02
-5.852708307931209220e-02
-5.088667036821803435e-02
-4.579306189415532913e-02
-4.579306189415532913e-02
-4.833986613118668174e-02
-5.088667036821803435e-02
-5.852708307931209220e-02
-6.107388731634344481e-02
-5.343347460524938697e-02
-4.833986613118668174e-02
-4.833986613118668174e-02
-5.343347460524938697e-02
-5.343347460524938697e-02
-5.852708307931209220e-02
-5.852708307931209220e-02
-5.088667036821803435e-02
-4.579306189415532913e-02
-4.579306189415532913e-02
-5.343347460524938697e-02
-5.343347460524938697e-02
-6.107388731634344481e-02
-6.107388731634344481e-02
-4.833986613118668174e-02
-5.088667036821803435e-02
-4.833986613118668174e-02
-5.088667036821803435e-02
-5.343347460524938697e-02
-5.343347460524938697e-02
-5.852708307931209220e-02
-5.852708307931209220e-02
-5.343347460524938697e-02
-5.343347460524938697e-02
-4.833986613118668174e-02
-5.343347460524938697e-02
-5.088667036821803435e-02
-5.852708307931209220e-02
-5.852708307931209220e-02
-5.343347460524938697e-02
-5.343347460524938697e-02
-4.833986613118668174e-02
-4.833986613118668174e-02
-5.088667036821803435e-02
-6.107388731634344481e-02
-5.598027884228073958e-02
-5.343347460524938697e-02
-5.598027884228073958e-02
-4.579306189415532913e-02
-4.579306189415532913e-02
-5.088667036821803435e-02
-5.343347460524938697e-02
-5.852708307931209220e-02
-5.343347460524938697e-02
-5.343347460524938697e-02
-4.579306189415532913e-02
-4.579306189415532913e-02
-5.343347460524938697e-02
-5.343347460524938697e-02
-5.852708307931209220e-02
-6.107388731634344481e-02
-5.343347460524938697e-02
-5.088667036821803435e-02
-4.833986613118668174e-02
-5.343347460524938697e-02
-5.343347460524938697e-02
-5.852708307931209220e-02
-5.598027884228073958e-02
-5.598027884228073958e-02
-4.579306189415532913e-02
-5.088667036821803435e-02
-5.343347460524938697e-02
-5.343347460524938697e-02
-5.852708307931209220e-02
-5.343347460524938697e-02
-5.343347460524938697e-02
-5.088667036821803435e-02
-4.833986613118668174e-02
-5.343347460524938697e-02
-5.088667036821803435e-02
-6.107388731634344481e-02
-5.598027884228073958e-02
-5.343347460524938697e-02
-5.088667036821803435e-02
-5.088667036821803435e-02
-4.579306189415532913e-02
-5.343347460524938697e-02
-6.107388731634344481e-02
-5.852708307931209220e-02
-5.088667036821803435e-02
-5.088667036821803435e-02
-4.833986613118668174e-02
-5.343347460524938697e-02
-5.088667036821803435e-02
-5.852708307931209220e-02
-5.852708307931209220e-02
-5.343347460524938697e-02
-5.343347460524938697e-02
-4.579306189415532913e-02
-5.343347460524938697e-02
-5.343347460524938697e-02
-5.852708307931209220e-02
-5.088667036821803435e-02
-5.598027884228073958e-02
-4.833986613118668174e-02
-4.579306189415532913e-02
-5.343347460524938697e-02
-6.107388731634344481e-02
-6.107388731634344481e-02
-5.088667036821803435e-02
-5.343347460524938697e-02
-4.833986613118668174e-02
-4.579306189415532913e-02
-5.343347460524938697e-02
-6.107388731634344481e-02
-5.852708307931209220e-02
-5.598027884228073958e-02
-5.088667036821803435e-02
-5.088667036821803435e-02
-4.833986613118668174e-02
-5.088667036821803435e-02
-5.343347460524938697e-02
-5.852708307931209220e-02
-5.852708307931209220e-02
-5.088667036821803435e-02
-4.579306189415532913e-02
-4.579306189415532913e-02
-5.343347460524938697e-02
-5.088667036821803435e-02
-5.852708307931209220e-02
-5.343347460524938697e-02
-5.343347460524938697e-02
-4.579306189415532913e-02
-5.088667036821803435e-02
-5.088667036821803435e-02
-5.852708307931209220e-02
-5.598027884228073958e-02
-5.343347460524938697e-02
-4.833986613118668174e-02
-4.833986613118668174e-02
-5.343347460524938697e-02
-5.088667036821803435e-02
-6.107388731634344481e-02
-5.343347460524938697e-02
-5.343347460524938697e-02
-4.833986613118668174e-02
-4.579306189415532913e-02
-5.343347460524938697e-02
-5.343347460524938697e-02
-5.852708307931209220e-02
-5.343347460524938697e-02
-5.088667036821803435e-02
-4.833986613118668174e-02
-4.579306189415532913e-02
-5.343347460524938697e-02
-6.107388731634344481e-02
-5.852708307931209220e-02
-5.343347460524938697e-02
-5.343347460524938697e-02
-5.088667036821803435e-02
-4.833986613118668174e-02
-5.343347460524938697e-02
-5.343347460524938697e-02
-5.343347460524938697e-02
-5.852708307931209220e-02
-5.343347460524938697e-02
-5.088667036821803435e-02
-4.579306189415532913e-02
-4.833986613118668174e-02
-5.343347460524938697e-02
-5.343347460524938697e-02
-5.852708307931209220e-02
-5.852708307931209220e-02
-5.088667036821803435e-02
-4.579306189415532913e-02
-4.579306189415532913e-02
-5.343347460524938697e-02
-6.107388731634344481e-02
-6.107388731634344481e-02
-5.343347460524938697e-02
-5.343347460524938697e-02
-4.833986613118668174e-02
-4.579306189415532913e-02
-5.088667036821803435e-02
-5.088667036821803435e-02
-5.852708307931209220e-02
-5.852708307931209220e-02
-5.088667036821803435e-02
-4.833986613118668174e-02
-4.833986613118668174e-02
-5.343347460524938697e-02
-5.088667036821803435e-02
-5.852708307931209220e-02
-5.852708307931209220e-02
-5.343347460524938697e-02
-4.833986613118668174e-02
-4.833986613118668174e-02
-5.088667036821803435e-02
-5.852708307931209220e-02
-6.107388731634344481e-02
-5.088667036821803435e-02
-5.088667036821803435e-02
-4.579306189415532913e-02
-4.833986613118668174e-02
-5.343347460524938697e-02
-6.107388731634344481e-02
-5.088667036821803435e-02
-5.343347460524938697e-02
-5.088667036821803435e-02
-4.833986613118668174e-02
-5.343347460524938697e-02
-5.343347460524938697e-02
-5.852708307931209220e-02
-5.852708307931209220e-02
-5.343347460524938697e-02
-5.343347460524938697e-02
-4.833986613118668174e-02
-5.343347460524938697e-02
-5.343347460524938697e-02
-5.852708307931209220e-02
-5.852708307931209220e-02
-5.343347460524938697e-02
-5.088667036821803435e-02
-4.579306189415532913e-02
-4.579306189415532913e-02
-5.343347460524938697e-02
-5.343347460524938697e-02
-6.107388731634344481e-02
-5.852708307931209220e-02
-5.088667036821803435e-02
-5.343347460524938697e-02
-4.833986613118668174e-02
-4.833986613118668174e-02
-5.088667036821803435e-02
-5.852708307931209220e-02
-5.852708307931209220e-02
-5.343347460524938697e-02
-5.088667036821803435e-02
-4.579306189415532913e-02
-4.579306189415532913e-02
-5.343347460524938697e-02
-5.343347460524938697e-02
-6.107388731634344481e-02
-5.343347460524938697e-02
-5.343347460524938697e-02
-4.579306189415532913e-02
-4.833986613118668174e-02
-5.343347460524938697e-02
-5.343347460524938697e-02
-5.852708307931209220e-02
-5.598027884228073958e-02
-5.343347460524938697e-02
-4.579306189415532913e-02
-4.579306189415532913e-02
-5.088667036821803435e-02
-5.088667036821803435e-02
-6.107388731634344481e-02
-5.343347460524938697e-02
-5.088667036821803435e-02
-4.579306189415532913e-02
-4.833986613118668174e-02
-5.088667036821803435e-02
-5.343347460524938697e-02
-5.852708307931209220e-02
-5.343347460524938697e-02
-5.088667036821803435e-02
-4.579306189415532913e-02
-4.833986613118668174e-02
-5.598027884228073958e-02
-6.107388731634344481e-02
-5.343347460524938697e-02
-5.343347460524938697e-02
-4.833986613118668174e-02
-4.579306189415532913e-02
-4.579306189415532913e-02
-5.343347460524938697e-02
-5.088667036821803435e-02
-5.852708307931209220e-02
-5.852708307931209220e-02
-5.343347460524938697e-02
-4.833986613118668174e-02
-4.579306189415532913e-02
-5.343347460524938697e-02
-5.343347460524938697e-02
-5.852708307931209220e-02
-5.852708307931209220e-02
-5.088667036821803435e-02
-5.343347460524938697e-02
-4.579306189415532913e-02
-5.343347460524938697e-02
-6.107388731634344481e-02
-5.852708307931209220e-02
-5.852708307931209220e-02
-5.343347460524938697e-02
-5.343347460524938697e-02
-4.833986613118668174e-02
-4.833986613118668174e-02
-5.343347460524938697e-02
-6.107388731634344481e-02
-6.107388731634344481e-02
-5.088667036821803435e-02
-5.343347460524938697e-02
-5.088667036821803435e-02
-5.343347460524938697e-02
-5.088667036821803435e-02
-6.107388731634344481e-02
-5.343347460524938697e-02
-5.598027884228073958e-02
-4.833986613118668174e-02
-4.833986613118668174e-02
-5.343347460524938697e-02
-5.088667036821803435e-02
-5.852708307931209220e-02
-5.088667036821803435e-02
-5.088667036821803435e-02
-5.088667036821803435e-02
-4.579306189415532913e-02
-4.579306189415532913e-02
-5.598027884228073958e-02
-6.107388731634344481e-02
-5.852708307931209220e-02
-5.343347460524938697e-02
-5.343347460524938697e-02
-4.833986613118668174e-02
-5.088667036821803435e-02
-5.343347460524938697e-02
-5.852708307931209220e-02
-5.852708307931209220e-02
-5.088667036821803435e-02
-5.343347460524938697e-02
-4.579306189415532913e-02
-5.088667036821803435e-02
-5.343347460524938697e-02
-5.852708307931209220e-02
-5.598027884228073958e-02
-5.088667036821803435e-02
-5.088667036821803435e-02
-4.833986613118668174e-02
-4.579306189415532913e-02
-5.343347460524938697e-02
-5.343347460524938697e-02
-6.107388731634344481e-02
-5.852708307931209220e-02
-5.343347460524938697e-02
-4.833986613118668174e-02
-4.579306189415532913e-02
-5.088667036821803435e-02
-5.088667036821803435e-02
-5.852708307931209220e-02
-5.852708307931209220e-02
-5.088667036821803435e-02
-5.343347460524938697e-02
-4.579306189415532913e-02
-5.598027884228073958e-02
-6.107388731634344481e-02
-5.852708307931209220e-02
-5.088667036821803435e-02
-5.343347460524938697e-02
-4.579306189415532913e-02
-4.579306189415532913e-02
-5.088667036821803435e-02
-5.343347460524938697e-02
-5.852708307931209220e-02
-5.852708307931209220e-02
-5.343347460524938697e-02
-5.088667036821803435e-02
-4.833986613118668174e-02
-4.833986613118668174e-02
-5.343347460524938697e-02
-5.852708307931209220e-02
-5.852708307931209220e-02
-5.343347460524938697e-02
-5.343347460524938697e-02
-4.579306189415532913e-02
-4.833986613118668174e-02
-5.343347460524938697e-02
-5.852708307931209220e-02
-5.852708307931209220e-02
-5.343347460524938697e-02
-5.088667036821803435e-02
-4.833986613118668174e-02
-4.833986613118668174e-02
-5.088667036821803435e-02
-5.852708307931209220e-02
-5.852708307931209220e-02
-5.343347460524938697e-02
-5.343347460524938697e-02
-4.833986613118668174e-02
-4.833986613118668174e-02
-5.343347460524938697e-02
-5.852708307931209220e-02
-6.107388731634344481e-02
-5.343347460524938697e-02
-5.598027884228073958e-02
-4.579306189415532913e-02
-4.579306189415532913e-02
-5.598027884228073958e-02
-5.343347460524938697e-02
-5.852708307931209220e-02
-5.343347460524938697e-02
-5.343347460524938697e-02
-4.579306189415532913e-02
-4.833986613118668174e-02
-5.088667036821803435e-02
-5.088667036821803435e-02
-6.107388731634344481e-02
-5.852708307931209220e-02
-5.343347460524938697e-02
-4.833986613118668174e-02
-4.579306189415532913e-02
-5.088667036821803435e-02
-5.343347460524938697e-02
-6.107388731634344481e-02
-5.852708307931209220e-02
-5.343347460524938697e-02
-5.088667036821803435e-02
-4.833986613118668174e-02
-5.343347460524938697e-02
-6.107388731634344481e-02
-5.852708307931209220e-02
-5.343347460524938697e-02
-5.343347460524938697e-02
-4.833986613118668174e-02
-5.088667036821803435e-02
-5.343347460524938697e-02
-5.343347460524938697e-02
-6.107388731634344481e-02
-6.107388731634344481e-02
-5.343347460524938697e-02
-5.343347460524938697e-02
-4.579306189415532913e-02
-4.833986613118668174e-02
-5.343347460524938697e-02
-5.343347460524938697e-02
-5.852708307931209220e-02
-5.852708307931209220e-02
-5.343347460524938697e-02
-4.833986613118668174e-02
-4.579306189415532913e-02
-5.343347460524938697e-02
-5.343347460524938697e-02
-6.107388731634344481e-02
-6.107388731634344481e-02
-5.088667036821803435e-02
-4.579306189415532913e-02
-5.598027884228073958e-02
-5.343347460524938697e-02
-6.107388731634344481e-02
-5.852708307931209220e-02
-5.343347460524938697e-02
-5.088667036821803435e-02
-4.833986613118668174e-02
-4.579306189415532913e-02
-4.833986613118668174e-02
-5.343347460524938697e-02
-6.107388731634344481e-02
-5.598027884228073958e-02
-5.088667036821803435e-02
-5.343347460524938697e-02
-4.833986613118668174e-02
-4.833986613118668174e-02
-5.088667036821803435e-02
-5.852708307931209220e-02
-5.852708307931209220e-02
-5.088667036821803435e-02
-5.088667036821803435e-02
-4.833986613118668174e-02
-4.833986613118668174e-02
-5.343347460524938697e-02
-5.852708307931209220e-02
-5.852708307931209220e-02
-5.343347460524938697e-02
-5.343347460524938697e-02
-4.579306189415532913e-02
-5.088667036821803435e-02
-5.343347460524938697e-02
-6.107388731634344481e-02
-5.343347460524938697e-02
-5.088667036821803435e-02
-5.088667036821803435e-02
-4.579306189415532913e-02
-5.088667036821803435e-02
-5.088667036821803435e-02
-5.852708307931209220e-02
-5.852708307931209220e-02
-5.598027884228073958e-02
-5.343347460524938697e-02
-4.579306189415532913e-02
-5.088667036821803435e-02
-5.088667036821803435e-02
-5.852708307931209220e-02
-5.852708307931209220e-02
-5.088667036821803435e-02
-5.343347460524938697e-02
-4.833986613118668174e-02
-4.833986613118668174e-02
-5.343347460524938697e-02
-5.852708307931209220e-02
-5.598027884228073958e-02
-5.088667036821803435e-02
-5.343347460524938697e-02
-4.833986613118668174e-02
-4.833986613118668174e-02
-5.343347460524938697e-02
-5.852708307931209220e-02
-5.598027884228073958e-02
-5.343347460524938697e-02
-5.343347460524938697e-02
-4.833986613118668174e-02
-4.579306189415532913e-02
-5.088667036821803435e-02
-5.088667036821803435e-02
-5.598027884228073958e-02
-5.343347460524938697e-02
-5.343347460524938697e-02
-4.579306189415532913e-02
-4.833986613118668174e-02
-5.343347460524938697e-02
-5.343347460524938697e-02
-6.107388731634344481e-02
-5.852708307931209220e-02
-4.833986613118668174e-02
-4.579306189415532913e-02
-5.343347460524938697e-02
-5.088667036821803435e-02
-6.107388731634344481e-02
-5.598027884228073958e-02
-5.343347460524938697e-02
-5.088667036821803435e-02
-4.579306189415532913e-02
-5.343347460524938697e-02
-5.088667036821803435e-02
-5.343347460524938697e-02
-5.852708307931209220e-02
-5.343347460524938697e-02
-5.088667036821803435e-02
-4.833986613118668174e-02
-4.579306189415532913e-02
-5.343347460524938697e-02
-5.088667036821803435e-02
-5.852708307931209220e-02
-5.852708307931209220e-02
-5.343347460524938697e-02
-5.343347460524938697e-02
-5.343347460524938697e-02
-5.343347460524938697e-02
-5.343347460524938697e-02
-5.598027884228073958e-02
-5.598027884228073958e-02
-5.343347460524938697e-02
-5.343347460524938697e-02
-4.579306189415532913e-02
-5.088667036821803435e-02
-5.088667036821803435e-02
-5.852708307931209220e-02
-6.107388731634344481e-02
-5.343347460524938697e-02
-4.833986613118668174e-02
-4.579306189415532913e-02
-5.088667036821803435e-02
-6.107388731634344481e-02
-6.107388731634344481e-02
-5.088667036821803435e-02
-5.343347460524938697e-02
-4.579306189415532913e-02
-5.088667036821803435e-02
-4.833986613118668174e-02
-5.343347460524938697e-02
-5.343347460524938697e-02
-5.852708307931209220e-02
-5.852708307931209220e-02
-5.088667036821803435e-02
-4.833986613118668174e-02
-4.833986613118668174e-02
-5.343347460524938697e-02
-6.107388731634344481e-02
-5.852708307931209220e-02
-5.343347460524938697e-02
-5.088667036821803435e-02
-4.579306189415532913e-02
-4.833986613118668174e-02
-5.343347460524938697e-02
-6.107388731634344481e-02
-5.852708307931209220e-02
-5.343347460524938697e-02
-5.088667036821803435e-02
-4.579306189415532913e-02
-4.833986613118668174e-02
-5.598027884228073958e-02
-5.343347460524938697e-02
-6.107388731634344481e-02
-5.598027884228073958e-02
-5.088667036821803435e-02
-5.343347460524938697e-02
-4.579306189415532913e-02
-4.579306189415532913e-02
-5.343347460524938697e-02
-5.852708307931209220e-02
-5.852708307931209220e-02
-5.343347460524938697e-02
-5.343347460524938697e-02
-4.833986613118668174e-02
-4.579306189415532913e-02
-5.343347460524938697e-02
-6.107388731634344481e-02
-5.852708307931209220e-02
-5.343347460524938697e-02
-4.579306189415532913e-02
-4.833986613118668174e-02
-4.579306189415532913e-02
-5.343347460524938697e-02
-5.343347460524938697e-02
-5.852708307931209220e-02
-6.107388731634344481e-02
-5.088667036821803435e-02
-4.579306189415532913e-02
-4.833986613118668174e-02
-5.088667036821803435e-02
-5.343347460524938697e-02
-6.107388731634344481e-02
-6.107388731634344481e-02
-5.343347460524938697e-02
-5.343347460524938697e-02
-4.579306189415532913e-02
-5.343347460524938697e-02
-5.088667036821803435e-02
-5.852708307931209220e-02
-5.852708307931209220e-02
-5.088667036821803435e-02
-4.833986613118668174e-02
-4.833986613118668174e-02
-5.343347460524938697e-02
-5.088667036821803435e-02
-5.852708307931209220e-02
-6.107388731634344481e-02
-5.088667036821803435e-02
-5.343347460524938697e-02
-4.579306189415532913e-02
-5.343347460524938697e-02
-5.088667036821803435e-02
-5.598027884228073958e-02
-5.598027884228073958e-02
-5.343347460524938697e-02
-5.598027884228073958e-02
-4.833986613118668174e-02
-5.343347460524938697e-02
-5.088667036821803435e-02
-5.852708307931209220e-02
-5.852708307931209220e-02
-5.343347460524938697e-02
-5.343347460524938697e-02
-4.579306189415532913e-02
-4.833986613118668174e-02
-5.343347460524938697e-02
-6.107388731634344481e-02
-5.598027884228073958e-02
-5.088667036821803435e-02
-4.833986613118668174e-02
-4.579306189415532913e-02
-5.343347460524938697e-02
-6.107388731634344481e-02
-5.852708307931209220e-02
-5.343347460524938697e-02
-5.088667036821803435e-02
-5.598027884228073958e-02
-4.579306189415532913e-02
-5.343347460524938697e-02
-5.343347460524938697e-02
-5.852708307931209220e-02
-5.852708307931209220e-02
-5.343347460524938697e-02
-5.343347460524938697e-02
-4.579306189415532913e-02
-5.343347460524938697e-02
-6.107388731634344481e-02
-6.107388731634344481e-02
-5.088667036821803435e-02
-5.343347460524938697e-02
-4.579306189415532913e-02
-4.833986613118668174e-02
-5.343347460524938697e-02
-5.343347460524938697e-02
-5.852708307931209220e-02
-5.343347460524938697e-02
-5.343347460524938697e-02
-4.579306189415532913e-02
-4.579306189415532913e-02
-4.833986613118668174e-02
-5.343347460524938697e-02
-5.852708307931209220e-02
-5.343347460524938697e-02
-5.343347460524938697e-02
-4.833986613118668174e-02
-4.833986613118668174e-02
-5.343347460524938697e-02
-5.852708307931209220e-02
-6.107388731634344481e-02
-5.088667036821803435e-02
-5.088667036821803435e-02
-4.833986613118668174e-02
-5.088667036821803435e-02
-5.343347460524938697e-02
-6.107388731634344481e-02
-5.852708307931209220e-02
-5.852708307931209220e-02
-5.088667036821803435e-02
-5.088667036821803435e-02
-4.579306189415532913e-02
-4.579306189415532913e-02
-5.598027884228073958e-02
-5.852708307931209220e-02
-5.852708307931209220e-02
-5.088667036821803435e-02
-5.343347460524938697e-02
-4.833986613118668174e-02
-4.579306189415532913e-02
-5.343347460524938697e-02
-6.107388731634344481e-02
-5.852708307931209220e-02
-5.343347460524938697e-02
-5.343347460524938697e-02
-4.579306189415532913e-02
-4.833986613118668174e-02
-5.343347460524938697e-02
-5.852708307931209220e-02
-5.852708307931209220e-02
-5.343347460524938697e-02
-4.833986613118668174e-02
-4.833986613118668174e-02
-5.343347460524938697e-02
-5.343347460524938697e-02
-5.852708307931209220e-02
-5.852708307931209220e-02
-5.343347460524938697e-02
-4.579306189415532913e-02
-4.833986613118668174e-02
-4.833986613118668174e-02
-5.343347460524938697e-02
-5.343347460524938697e-02
-5.852708307931209220e-02
-5.343347460524938697e-02
-5.343347460524938697e-02
-4.833986613118668174e-02
-4.833986613118668174e-02
-5.343347460524938697e-02
-5.852708307931209220e-02
-5.852708307931209220e-02
-5.343347460524938697e-02
-5.343347460524938697e-02
-4.579306189415532913e-02
-4.833986613118668174e-02
-5.343347460524938697e-02
-6.107388731634344481e-02
-5.343347460524938697e-02
-5.343347460524938697e-02
-5.088667036821803435e-02
-4.579306189415532913e-02
-4.579306189415532913e-02
-5.598027884228073958e-02
-5.852708307931209220e-02
-6.107388731634344481e-02
-5.343347460524938697e-02
-5.598027884228073958e-02
-4.579306189415532913e-02
-5.343347460524938697e-02
-5.343347460524938697e-02
-6.107388731634344481e-02
-5.088667036821803435e-02
-6.107388731634344481e-02
-5.343347460524938697e-02
-4.833986613118668174e-02
-4.579306189415532913e-02
-5.343347460524938697e-02
-5.343347460524938697e-02
-5.852708307931209220e-02
-5.343347460524938697e-02
-5.343347460524938697e-02
-4.833986613118668174e-02
-4.579306189415532913e-02
-5.343347460524938697e-02
-5.343347460524938697e-02
-5.852708307931209220e-02
-5.852708307931209220e-02
-5.343347460524938697e-02
-4.833986613118668174e-02
-4.833986613118668174e-02
-5.088667036821803435e-02
-5.343347460524938697e-02
-6.107388731634344481e-02
-6.107388731634344481e-02
-5.343347460524938697e-02
-5.343347460524938697e-02
-4.833986613118668174e-02
-5.343347460524938697e-02
-5.343347460524938697e-02
-5.852708307931209220e-02
-5.852708307931209220e-02
-5.343347460524938697e-02
-5.088667036821803435e-02
-4.833986613118668174e-02
-5.598027884228073958e-02
-5.343347460524938697e-02
-6.107388731634344481e-02
-5.852708307931209220e-02
-5.343347460524938697e-02
-4.833986613118668174e-02
-4.579306189415532913e-02
-5.343347460524938697e-02
-5.343347460524938697e-02
-5.343347460524938697e-02
-5.598027884228073958e-02
-6.107388731634344481e-02
-5.343347460524938697e-02
-5.343347460524938697e-02
-4.833986613118668174e-02
-5.088667036821803435e-02
-5.343347460524938697e-02
-5.852708307931209220e-02
-5.852708307931209220e-02
-5.088667036821803435e-02
-5.343347460524938697e-02
-4.833986613118668174e-02
-4.833986613118668174e-02
-5.343347460524938697e-02
-5.852708307931209220e-02
-6.107388731634344481e-02
-5.598027884228073958e-02
-5.343347460524938697e-02
-5.088667036821803435e-02
-5.343347460524938697e-02
-5.343347460524938697e-02
-5.852708307931209220e-02
-6.107388731634344481e-02
-5.088667036821803435e-02
-4.833986613118668174e-02
-4.579306189415532913e-02
-5.088667036821803435e-02
-5.852708307931209220e-02
-5.852708307931209220e-02
-6.107388731634344481e-02
-5.343347460524938697e-02
-5.343347460524938697e-02
-4.833986613118668174e-02
-5.088667036821803435e-02
-5.343347460524938697e-02
-5.852708307931209220e-02
-5.852708307931209220e-02
-5.343347460524938697e-02
-4.833986613118668174e-02
-4.833986613118668174e-02
-5.343347460524938697e-02
-5.343347460524938697e-02
-5.852708307931209220e-02
-6.107388731634344481e-02
-5.343347460524938697e-02
-5.343347460524938697e-02
-4.833986613118668174e-02
-4.833986613118668174e-02
-5.343347460524938697e-02
-5.852708307931209220e-02
-5.598027884228073958e-02
-5.088667036821803435e-02
-5.343347460524938697e-02
-4.833986613118668174e-02
-5.088667036821803435e-02
-5.343347460524938697e-02
-5.088667036821803435e-02
-6.107388731634344481e-02
-5.343347460524938697e-02
-5.343347460524938697e-02
-4.579306189415532913e-02
-5.343347460524938697e-02
-5.343347460524938697e-02
-5.852708307931209220e-02
-6.107388731634344481e-02
-5.343347460524938697e-02
-5.088667036821803435e-02
-4.579306189415532913e-02
-5.088667036821803435e-02
-5.088667036821803435e-02
-6.107388731634344481e-02
-5.852708307931209220e-02
-5.343347460524938697e-02
-5.343347460524938697e-02
-5.088667036821803435e-02
-4.833986613118668174e-02
-5.343347460524938697e-02
-5.598027884228073958e-02
-5.852708307931209220e-02
-6.107388731634344481e-02
-5.343347460524938697e-02
-5.343347460524938697e-02
-4.833986613118668174e-02
-4.833986613118668174e-02
-5.343347460524938697e-02
-6.107388731634344481e-02
-5.852708307931209220e-02
-5.343347460524938697e-02
-5.088667036821803435e-02
-4.833986613118668174e-02
-4.833986613118668174e-02
-5.343347460524938697e-02
-5.343347460524938697e-02
-5.852708307931209220e-02
-5.852708307931209220e-02
-5.343347460524938697e-02
-4.833986613118668174e-02
-4.833986613118668174e-02
-5.343347460524938697e-02
-5.343347460524938697e-02
-5.598027884228073958e-02
-5.852708307931209220e-02
-5.343347460524938697e-02
-4.833986613118668174e-02
-5.088667036821803435e-02
-5.343347460524938697e-02
-5.852708307931209220e-02
-5.852708307931209220e-02
-5.852708307931209220e-02
-5.343347460524938697e-02
-4.833986613118668174e-02
-4.833986613118668174e-02
-5.088667036821803435e-02
-5.343347460524938697e-02
-5.088667036821803435e-02
-6.107388731634344481e-02
-5.852708307931209220e-02
-5.343347460524938697e-02
-5.598027884228073958e-02
-4.833986613118668174e-02
-5.343347460524938697e-02
-5.343347460524938697e-02
-6.107388731634344481e-02
-5.343347460524938697e-02
-5.343347460524938697e-02
-4.579306189415532913e-02
-4.579306189415532913e-02
-5.343347460524938697e-02
-5.852708307931209220e-02
-5.852708307931209220e-02
-5.343347460524938697e-02
-4.833986613118668174e-02
-4.579306189415532913e-02
-4.579306189415532913e-02
-5.088667036821803435e-02
-5.343347460524938697e-02
-5.343347460524938697e-02
-6.107388731634344481e-02
-6.107388731634344481e-02
-5.343347460524938697e-02
-4.579306189415532913e-02
-4.833986613118668174e-02
-5.343347460524938697e-02
-5.343347460524938697e-02
-5.852708307931209220e-02
-5.852708307931209220e-02
-5.343347460524938697e-02
-5.343347460524938697e-02
-4.579306189415532913e-02
-4.579306189415532913e-02
-5.598027884228073958e-02
-5.343347460524938697e-02
-5.852708307931209220e-02
-5.343347460524938697e-02
-5.343347460524938697e-02
-4.579306189415532913e-02
-4.833986613118668174e-02
-5.343347460524938697e-02
-5.088667036821803435e-02
-5.852708307931209220e-02
-5.343347460524938697e-02
-5.088667036821803435e-02
-4.579306189415532913e-02
-4.833986613118668174e-02
-5.343347460524938697e-02
-6.107388731634344481e-02
-5.852708307931209220e-02
-5.088667036821803435e-02
-5.343347460524938697e-02
-4.833986613118668174e-02
-4.833986613118668174e-02
-5.343347460524938697e-02
-6.362069155337479742e-02
-5.088667036821803435e-02
-5.088667036821803435e-02
-4.579306189415532913e-02
-4.833986613118668174e-02
-4.833986613118668174e-02
-5.088667036821803435e-02
-5.088667036821803435e-02
-6.107388731634344481e-02
-5.598027884228073958e-02
-5.598027884228073958e-02
-4.579306189415532913e-02
-4.833986613118668174e-02
-5.343347460524938697e-02
-6.107388731634344481e-02
-5.852708307931209220e-02
-5.088667036821803435e-02
-4.579306189415532913e-02
-4.579306189415532913e-02
-5.343347460524938697e-02
-5.343347460524938697e-02
-5.852708307931209220e-02
-5.852708307931209220e-02
-5.343347460524938697e-02
-4.579306189415532913e-02
-4.833986613118668174e-02
-5.088667036821803435e-02
-5.343347460524938697e-02
-5.852708307931209220e-02
-5.343347460524938697e-02
-5.343347460524938697e-02
-4.833986613118668174e-02
-4.579306189415532913e-02
-5.088667036821803435e-02
-5.343347460524938697e-02
-6.107388731634344481e-02
-5.852708307931209220e-02
-5.343347460524938697e-02
-4.833986613118668174e-02
-4.579306189415532913e-02
-5.343347460524938697e-02
-5.343347460524938697e-02
-5.852708307931209220e-02
-5.343347460524938697e-02
-5.088667036821803435e-02
-5.343347460524938697e-02
-4.833986613118668174e-02
-4.833986613118668174e-02
-5.343347460524938697e-02
-5.852708307931209220e-02
-5.852708307931209220e-02
-5.343347460524938697e-02
-5.343347460524938697e-02
-4.833986613118668174e-02
-4.833986613118668174e-02
-5.343347460524938697e-02
-5.852708307931209220e-02
-6.107388731634344481e-02
-5.088667036821803435e-02
-5.598027884228073958e-02
-4.833986613118668174e-02
-4.833986613118668174e-02
-5.343347460524938697e-02
-5.852708307931209220e-02
-5.852708307931209220e-02
-5.343347460524938697e-02
-5.343347460524938697e-02
-4.833986613118668174e-02
-4.579306189415532913e-02
-5.343347460524938697e-02
-6.107388731634344481e-02
-5.598027884228073958e-02
-5.088667036821803435e-02
-4.833986613118668174e-02
-5.343347460524938697e-02
-5.088667036821803435e-02
-5.343347460524938697e-02
-5.852708307931209220e-02
-5.343347460524938697e-02
-5.343347460524938697e-02
-4.833986613118668174e-02
-4.833986613118668174e-02
-5.343347460524938697e-02
-5.598027884228073958e-02
-5.852708307931209220e-02
-5.852708307931209220e-02
-5.343347460524938697e-02
-4.833986613118668174e-02
-4.833986613118668174e-02
-5.343347460524938697e-02
-5.598027884228073958e-02
-6.107388731634344481e-02
-5.343347460524938697e-02
-5.343347460524938697e-02
-4.579306189415532913e-02
-4.833986613118668174e-02
-4.833986613118668174e-02
-5.343347460524938697e-02
-5.852708307931209220e-02
-6.107388731634344481e-02
-5.088667036821803435e-02
-5.343347460524938697e-02
-4.833986613118668174e-02
-5.343347460524938697e-02
-5.343347460524938697e-02
-6.107388731634344481e-02
-6.107388731634344481e-02
-5.343347460524938697e-02
-5.343347460524938697e-02
-4.833986613118668174e-02
-5.343347460524938697e-02
-5.343347460524938697e-02
-5.852708307931209220e-02
-5.852708307931209220e-02
-5.343347460524938697e-02
-4.579306189415532913e-02
-4.579306189415532913e-02
-5.343347460524938697e-02
-5.343347460524938697e-02
-5.852708307931209220e-02
-5.852708307931209220e-02
-5.088667036821803435e-02
-5.343347460524938697e-02
-5.088667036821803435e-02
-5.088667036821803435e-02
-5.852708307931209220e-02
-5.852708307931209220e-02
-5.343347460524938697e-02
-5.088667036821803435e-02
-4.833986613118668174e-02
-4.833986613118668174e-02
-5.343347460524938697e-02
-6.107388731634344481e-02
-6.107388731634344481e-02
-5.088667036821803435e-02
-5.088667036821803435e-02
-4.579306189415532913e-02
-5.343347460524938697e-02
-5.343347460524938697e-02
-5.852708307931209220e-02
-5.852708307931209220e-02
-5.088667036821803435e-02
-5.343347460524938697e-02
-4.579306189415532913e-02
-5.088667036821803435e-02
-5.343347460524938697e-02
-5.343347460524938697e-02
-5.852708307931209220e-02
-6.362069155337479742e-02
-5.343347460524938697e-02
-4.579306189415532913e-02
-4.833986613118668174e-02
-5.343347460524938697e-02
-6.107388731634344481e-02
-5.852708307931209220e-02
-5.343347460524938697e-02
-5.343347460524938697e-02
-5.088667036821803435e-02
-4.833986613118668174e-02
-5.343347460524938697e-02
-5.343347460524938697e-02
-5.852708307931209220e-02
-5.852708307931209220e-02
-5.088667036821803435e-02
-4.579306189415532913e-02
-5.343347460524938697e-02
-5.088667036821803435e-02
-6.107388731634344481e-02
-5.852708307931209220e-02
-5.343347460524938697e-02
-5.343347460524938697e-02
-4.833986613118668174e-02
-4.579306189415532913e-02
-5.343347460524938697e-02
-5.852708307931209220e-02
-5.852708307931209220e-02
-5.088667036821803435e-02
-5.343347460524938697e-02
-4.833986613118668174e-02
-4.579306189415532913e-02
-4.833986613118668174e-02
-5.343347460524938697e-02
-5.343347460524938697e-02
-5.852708307931209220e-02
-5.343347460524938697e-02
-5.343347460524938697e-02
-4.833986613118668174e-02
-4.833986613118668174e-02
-5.343347460524938697e-02
-6.107388731634344481e-02
-5.852708307931209220e-02
-5.343347460524938697e-02
-4.579306189415532913e-02
-4.833986613118668174e-02
-5.343347460524938697e-02
-5.852708307931209220e-02
-5.852708307931209220e-02
-5.343347460524938697e-02
-5.088667036821803435e-02
-4.579306189415532913e-02
-5.088667036821803435e-02
-5.343347460524938697e-02
-5.852708307931209220e-02
-5.852708307931209220e-02
-6.107388731634344481e-02
-5.088667036821803435e-02
-4.833986613118668174e-02
-4.833986613118668174e-02
-5.343347460524938697e-02
-5.343347460524938697e-02
-5.852708307931209220e-02
-5.343347460524938697e-02
-5.343347460524938697e-02
-4.833986613118668174e-02
-4.833986613118668174e-02
-5.598027884228073958e-02
-5.343347460524938697e-02
-5.852708307931209220e-02
-5.088667036821803435e-02
-4.833986613118668174e-02
-4.833986613118668174e-02
-5.088667036821803435e-02
-5.088667036821803435e-02
-5.343347460524938697e-02
-6.107388731634344481e-02
-5.343347460524938697e-02
-5.598027884228073958e-02
-4.833986613118668174e-02
-4.579306189415532913e-02
-5.343347460524938697e-02
-5.343347460524938697e-02
-5.852708307931209220e-02
-5.343347460524938697e-02
-5.343347460524938697e-02
-4.833986613118668174e-02
-5.088667036821803435e-02
-5.343347460524938697e-02
-5.852708307931209220e-02
-5.852708307931209220e-02
-5.598027884228073958e-02
-5.343347460524938697e-02
-5.088667036821803435e-02
-5.088667036821803435e-02
-5.343347460524938697e-02
-5.343347460524938697e-02
-5.852708307931209220e-02
-5.088667036821803435e-02
-5.343347460524938697e-02
-4.579306189415532913e-02
-4.833986613118668174e-02
-5.343347460524938697e-02
-5.343347460524938697e-02
-5.852708307931209220e-02
-5.852708307931209220e-02
-5.343347460524938697e-02
-5.343347460524938697e-02
-4.833986613118668174e-02
-5.088667036821803435e-02
-5.343347460524938697e-02
-5.852708307931209220e-02
-5.852708307931209220e-02
-5.343347460524938697e-02
-5.343347460524938697e-02
-4.833986613118668174e-02
-5.343347460524938697e-02
-6.107388731634344481e-02
-5.852708307931209220e-02
-5.343347460524938697e-02
-4.833986613118668174e-02
-4.579306189415532913e-02
-4.579306189415532913e-02
-5.088667036821803435e-02
-5.343347460524938697e-02
-5.852708307931209220e-02
-5.088667036821803435e-02
-5.343347460524938697e-02
-4.833986613118668174e-02
-5.088667036821803435e-02
-5.598027884228073958e-02
-5.343347460524938697e-02
-6.107388731634344481e-02
-5.852708307931209220e-02
-5.343347460524938697e-02
-5.343347460524938697e-02
-4.833986613118668174e-02
-4.833986613118668174e-02
-5.343347460524938697e-02
-5.343347460524938697e-02
-5.852708307931209220e-02
-5.852708307931209220e-02
-5.343347460524938697e-02
-4.579306189415532913e-02
-4.833986613118668174e-02
-5.343347460524938697e-02
-5.343347460524938697e-02
-6.107388731634344481e-02
-5.852708307931209220e-02
-5.343347460524938697e-02
-5.088667036821803435e-02
-4.833986613118668174e-02
-5.088667036821803435e-02
-5.088667036821803435e-02
-5.852708307931209220e-02
-5.088667036821803435e-02
-5.343347460524938697e-02
-4.833986613118668174e-02
-5.088667036821803435e-02
-5.343347460524938697e-02
-5.343347460524938697e-02
-5.852708307931209220e-02
-5.343347460524938697e-02
-5.343347460524938697e-02
-4.579306189415532913e-02
-4.579306189415532913e-02
-5.088667036821803435e-02
-5.343347460524938697e-02
-5.852708307931209220e-02
-5.088667036821803435e-02
-5.343347460524938697e-02
-4.833986613118668174e-02
-4.833986613118668174e-02
-5.343347460524938697e-02
-5.343347460524938697e-02
-5.852708307931209220e-02
-5.852708307931209220e-02
-5.343347460524938697e-02
-4.833986613118668174e-02
-4.579306189415532913e-02
-5.088667036821803435e-02
-5.598027884228073958e-02
-5.852708307931209220e-02
-6.107388731634344481e-02
-5.088667036821803435e-02
-4.833986613118668174e-02
-5.088667036821803435e-02
-5.343347460524938697e-02
-6.107388731634344481e-02
-6.107388731634344481e-02
-5.852708307931209220e-02
-5.343347460524938697e-02
-4.579306189415532913e-02
-4.833986613118668174e-02
-5.088667036821803435e-02
-5.852708307931209220e-02
-5.852708307931209220e-02
-5.343347460524938697e-02
-4.833986613118668174e-02
-4.579306189415532913e-02
-5.343347460524938697e-02
-5.343347460524938697e-02
-5.852708307931209220e-02
-5.852708307931209220e-02
-5.088667036821803435e-02
-4.833986613118668174e-02
-4.833986613118668174e-02
-4.833986613118668174e-02
-5.343347460524938697e-02
-5.088667036821803435e-02
-5.852708307931209220e-02
-5.852708307931209220e-02
-5.343347460524938697e-02
-4.833986613118668174e-02
-4.579306189415532913e-02
-5.343347460524938697e-02
-5.343347460524938697e-02
-6.107388731634344481e-02
-5.343347460524938697e-02
-5.343347460524938697e-02
-4.579306189415532913e-02
-5.343347460524938697e-02
-5.343347460524938697e-02
-5.852708307931209220e-02
-6.107388731634344481e-02
-5.343347460524938697e-02
-5.088667036821803435e-02
-4.833986613118668174e-02
-4.579306189415532913e-02
-5.343347460524938697e-02
-6.107388731634344481e-02
-5.852708307931209220e-02
-5.343347460524938697e-02
-5.343347460524938697e-02
-4.579306189415532913e-02
-4.579306189415532913e-02
-5.343347460524938697e-02
-5.343347460524938697e-02
-5.852708307931209220e-02
-5.343347460524938697e-02
-5.343347460524938697e-02
-4.833986613118668174e-02
-5.088667036821803435e-02
-5.343347460524938697e-02
-5.343347460524938697e-02
-5.852708307931209220e-02
-5.088667036821803435e-02
-5.343347460524938697e-02
-5.343347460524938697e-02
-4.833986613118668174e-02
-4.579306189415532913e-02
-5.088667036821803435e-02
-6.107388731634344481e-02
-6.107388731634344481e-02
-5.343347460524938697e-02
-5.343347460524938697e-02
-4.833986613118668174e-02
-5.088667036821803435e-02
-5.598027884228073958e-02
-5.852708307931209220e-02
-6.107388731634344481e-02
-5.343347460524938697e-02
-4.833986613118668174e-02
-4.579306189415532913e-02
-5.343347460524938697e-02
-5.343347460524938697e-02
-5.852708307931209220e-02
-6.107388731634344481e-02
-5.598027884228073958e-02
-5.343347460524938697e-02
-5.088667036821803435e-02
-5.343347460524938697e-02
-5.343347460524938697e-02
-6.107388731634344481e-02
-5.852708307931209220e-02
-5.852708307931209220e-02
-5.343347460524938697e-02
-5.343347460524938697e-02
-4.833986613118668174e-02
-5.343347460524938697e-02
-6.107388731634344481e-02
-6.107388731634344481e-02
-5.343347460524938697e-02
-5.088667036821803435e-02
-4.833986613118668174e-02
-4.579306189415532913e-02
-5.343347460524938697e-02
-5.343347460524938697e-02
-5.852708307931209220e-02
-5.343347460524938697e-02
-5.343347460524938697e-02
-4.579306189415532913e-02
-4.833986613118668174e-02
-5.343347460524938697e-02
-5.343347460524938697e-02
-5.088667036821803435e-02
-6.107388731634344481e-02
-5.852708307931209220e-02
-5.343347460524938697e-02
-4.833986613118668174e-02
-5.088667036821803435e-02
-5.343347460524938697e-02
-5.852708307931209220e-02
-5.852708307931209220e-02
-5.343347460524938697e-02
-5.343347460524938697e-02
-5.343347460524938697e-02
-4.833986613118668174e-02
-4.579306189415532913e-02
-5.343347460524938697e-02
-5.852708307931209220e-02
-5.852708307931209220e-02
-5.343347460524938697e-02
-5.343347460524938697e-02
-4.833986613118668174e-02
-4.833986613118668174e-02
-5.343347460524938697e-02
-5.343347460524938697e-02
-5.852708307931209220e-02
-5.852708307931209220e-02
-5.343347460524938697e-02
-4.579306189415532913e-02
-4.833986613118668174e-02
-5.088667036821803435e-02
-5.343347460524938697e-02
-6.107388731634344481e-02
-6.107388731634344481e-02
-5.088667036821803435e-02
-4.579306189415532913e-02
-4.833986613118668174e-02
-5.088667036821803435e-02
-5.343347460524938697e-02
-6.107388731634344481e-02
-5.852708307931209220e-02
-5.343347460524938697e-02
-5.343347460524938697e-02
-4.833986613118668174e-02
-5.343347460524938697e-02
-5.088667036821803435e-02
-6.107388731634344481e-02
-5.852708307931209220e-02
-5.598027884228073958e-02
-5.343347460524938697e-02
-4.579306189415532913e-02
-5.343347460524938697e-02
-5.852708307931209220e-02
-6.107388731634344481e-02
-5.343347460524938697e-02
-5.343347460524938697e-02
-4.833986613118668174e-02
-4.833986613118668174e-02
-5.088667036821803435e-02
-5.343347460524938697e-02
-6.107388731634344481e-02
-5.343347460524938697e-02
-5.088667036821803435e-02
-4.579306189415532913e-02
-4.833986613118668174e-02
-5.343347460524938697e-02
-5.852708307931209220e-02
-5.852708307931209220e-02
-5.343347460524938697e-02
-5.343347460524938697e-02
-4.579306189415532913e-02
-4.833986613118668174e-02
-5.598027884228073958e-02
-5.088667036821803435e-02
-5.852708307931209220e-02
-5.088667036821803435e-02
-5.343347460524938697e-02
-4.833986613118668174e-02
-4.833986613118668174e-02
-5.343347460524938697e-02
-5.343347460524938697e-02
-5.852708307931209220e-02
-6.107388731634344481e-02
-5.343347460524938697e-02
-4.833986613118668174e-02
-4.833986613118668174e-02
-4.579306189415532913e-02
-5.088667036821803435e-02
-5.343347460524938697e-02
-5.852708307931209220e-02
-5.852708307931209220e-02
-5.598027884228073958e-02
-5.343347460524938697e-02
-4.579306189415532913e-02
-4.579306189415532913e-02
-5.343347460524938697e-02
-5.852708307931209220e-02
-5.852708307931209220e-02
-5.343347460524938697e-02
-5.343347460524938697e-02
-4.579306189415532913e-02
-4.833986613118668174e-02
-5.343347460524938697e-02
-6.107388731634344481e-02
-5.852708307931209220e-02
-5.598027884228073958e-02
-4.579306189415532913e-02
-4.833986613118668174e-02
-5.343347460524938697e-02
-5.088667036821803435e-02
-5.852708307931209220e-02
-5.852708307931209220e-02
-5.343347460524938697e-02
-4.833986613118668174e-02
-4.833986613118668174e-02
-4.833986613118668174e-02
-5.343347460524938697e-02
-5.852708307931209220e-02
-5.852708307931209220e-02
-5.343347460524938697e-02
-5.343347460524938697e-02
-4.579306189415532913e-02
-4.579306189415532913e-02
-5.343347460524938697e-02
-5.343347460524938697e-02
-6.107388731634344481e-02
-5.852708307931209220e-02
-5.088667036821803435e-02
-4.833986613118668174e-02
-4.579306189415532913e-02
-5.343347460524938697e-02
-5.343347460524938697e-02
-6.107388731634344481e-02
-5.088667036821803435e-02
-5.088667036821803435e-02
-5.088667036821803435e-02
-4.833986613118668174e-02
-4.579306189415532913e-02
-5.343347460524938697e-02
-5.852708307931209220e-02
-5.343347460524938697e-02
-5.088667036821803435e-02
-4.579306189415532913e-02
-4.579306189415532913e-02
-5.088667036821803435e-02
-5.343347460524938697e-02
-5.852708307931209220e-02
-6.107388731634344481e-02
-5.088667036821803435e-02
-4.579306189415532913e-02
-4.579306189415532913e-02
-5.343347460524938697e-02
-5.343347460524938697e-02
-5.852708307931209220e-02
-5.852708307931209220e-02
-5.088667036821803435e-02
-5.343347460524938697e-02
-5.088667036821803435e-02
-5.088667036821803435e-02
-5.088667036821803435e-02
-5.343347460524938697e-02
-5.852708307931209220e-02
-5.852708307931209220e-02
-5.343347460524938697e-02
-5.343347460524938697e-02
-4.833986613118668174e-02
-4.579306189415532913e-02
-5.343347460524938697e-02
-6.107388731634344481e-02
-5.088667036821803435e-02
-5.598027884228073958e-02
-5.088667036821803435e-02
-5.088667036821803435e-02
-5.343347460524938697e-02
-5.343347460524938697e-02
-6.107388731634344481e-02
-5.852708307931209220e-02
-5.343347460524938697e-02
-5.343347460524938697e-02
-4.833986613118668174e-02
-4.833986613118668174e-02
-5.343347460524938697e-02
-5.088667036821803435e-02
-5.852708307931209220e-02
-6.107388731634344481e-02
-5.343347460524938697e-02
-4.833986613118668174e-02
-4.833986613118668174e-02
-5.343347460524938697e-02
-5.343347460524938697e-02
-5.852708307931209220e-02
-5.343347460524938697e-02
-5.343347460524938697e-02
-4.833986613118668174e-02
-4.579306189415532913e-02
-5.343347460524938697e-02
-5.852708307931209220e-02
-6.107388731634344481e-02
-5.088667036821803435e-02
-5.088667036821803435e-02
-4.833986613118668174e-02
-4.579306189415532913e-02
-5.088667036821803435e-02
-5.343347460524938697e-02
-5.852708307931209220e-02
-5.088667036821803435e-02
-5.088667036821803435e-02
-5.088667036821803435e-02
-4.833986613118668174e-02
-5.088667036821803435e-02
-5.088667036821803435e-02
-5.852708307931209220e-02
-6.107388731634344481e-02
-5.343347460524938697e-02
-5.343347460524938697e-02
-4.579306189415532913e-02
-4.833986613118668174e-02
-5.343347460524938697e-02
-5.343347460524938697e-02
-5.852708307931209220e-02
-5.852708307931209220e-02
-5.598027884228073958e-02
-4.579306189415532913e-02
-4.833986613118668174e-02
-5.343347460524938697e-02
-5.852708307931209220e-02
-5.343347460524938697e-02
-6.107388731634344481e-02
-5.088667036821803435e-02
-5.343347460524938697e-02
-4.579306189415532913e-02
-4.579306189415532913e-02
-5.343347460524938697e-02
-5.598027884228073958e-02
-5.852708307931209220e-02
-5.088667036821803435e-02
-5.343347460524938697e-02
-5.088667036821803435e-02
-5.343347460524938697e-02
-5.343347460524938697e-02
-5.852708307931209220e-02
-6.107388731634344481e-02
-5.343347460524938697e-02
-5.343347460524938697e-02
-4.833986613118668174e-02
-4.833986613118668174e-02
-5.343347460524938697e-02
-5.343347460524938697e-02
-5.852708307931209220e-02
-6.107388731634344481e-02
-5.088667036821803435e-02
-5.343347460524938697e-02
-4.579306189415532913e-02
-4.833986613118668174e-02
-5.343347460524938697e-02
-5.343347460524938697e-02
-5.852708307931209220e-02
-5.852708307931209220e-02
-5.088667036821803435e-02
-4.579306189415532913e-02
-4.833986613118668174e-02
-5.343347460524938697e-02
-5.343347460524938697e-02
-6.107388731634344481e-02
-5.852708307931209220e-02
-5.343347460524938697e-02
-5.343347460524938697e-02
-4.833986613118668174e-02
-4.579306189415532913e-02
-5.598027884228073958e-02
-5.852708307931209220e-02
-6.107388731634344481e-02
-5.088667036821803435e-02
-5.343347460524938697e-02
-4.579306189415532913e-02
-4.579306189415532913e-02
-5.343347460524938697e-02
-5.343347460524938697e-02
-5.852708307931209220e-02
-6.107388731634344481e-02
-5.343347460524938697e-02
-4.833986613118668174e-02
-4.833986613118668174e-02
-5.343347460524938697e-02
-5.343347460524938697e-02
-6.107388731634344481e-02
-5.343347460524938697e-02
-5.343347460524938697e-02
-5.088667036821803435e-02
-4.833986613118668174e-02
-4.833986613118668174e-02
-5.343347460524938697e-02
-6.107388731634344481e-02
-5.852708307931209220e-02
-5.598027884228073958e-02
-5.343347460524938697e-02
-4.579306189415532913e-02
-5.343347460524938697e-02
-5.088667036821803435e-02
-5.852708307931209220e-02
-6.107388731634344481e-02
-5.598027884228073958e-02
-5.343347460524938697e-02
-4.833986613118668174e-02
-4.833986613118668174e-02
-5.343347460524938697e-02
-5.088667036821803435e-02
-6.107388731634344481e-02
-5.088667036821803435e-02
-5.343347460524938697e-02
-5.088667036821803435e-02
-4.833986613118668174e-02
-4.579306189415532913e-02
-5.343347460524938697e-02
-5.343347460524938697e-02
-5.852708307931209220e-02
-5.343347460524938697e-02
-5.343347460524938697e-02
-4.579306189415532913e-02
-4.833986613118668174e-02
-5.343347460524938697e-02
-5.343347460524938697e-02
-6.107388731634344481e-02
-6.107388731634344481e-02
-5.343347460524938697e-02
-5.343347460524938697e-02
-5.088667036821803435e-02
-5.343347460524938697e-02
-5.343347460524938697e-02
-5.852708307931209220e-02
-5.852708307931209220e-02
-5.343347460524938697e-02
-4.579306189415532913e-02
-4.833986613118668174e-02
-4.579306189415532913e-02
-5.343347460524938697e-02
-5.343347460524938697e-02
-5.852708307931209220e-02
-5.343347460524938697e-02
-5.343347460524938697e-02
-4.833986613118668174e-02
-5.088667036821803435e-02
-5.343347460524938697e-02
-5.088667036821803435e-02
-5.852708307931209220e-02
-5.852708307931209220e-02
-5.343347460524938697e-02
-4.833986613118668174e-02
-4.833986613118668174e-02
-5.088667036821803435e-02
-5.088667036821803435e-02
-6.107388731634344481e-02
-5.852708307931209220e-02
-5.088667036821803435e-02
-5.088667036821803435e-02
-4.579306189415532913e-02
-4.579306189415532913e-02
-5.343347460524938697e-02
-5.852708307931209220e-02
-5.852708307931209220e-02
-5.598027884228073958e-02
-4.833986613118668174e-02
-4.579306189415532913e-02
-5.598027884228073958e-02
-5.343347460524938697e-02
-5.852708307931209220e-02
-5.852708307931209220e-02
-5.343347460524938697e-02
-5.343347460524938697e-02
-4.579306189415532913e-02
-4.833986613118668174e-02
-5.088667036821803435e-02
-5.343347460524938697e-02
-5.852708307931209220e-02
-5.852708307931209220e-02
-5.343347460524938697e-02
-4.579306189415532913e-02
-4.833986613118668174e-02
-5.343347460524938697e-02
-5.343347460524938697e-02
-5.852708307931209220e-02
-5.852708307931209220e-02
-5.343347460524938697e-02
-5.343347460524938697e-02
-4.579306189415532913e-02
-4.579306189415532913e-02
-5.343347460524938697e-02
-6.107388731634344481e-02
-5.852708307931209220e-02
-5.088667036821803435e-02
-5.088667036821803435e-02
-4.579306189415532913e-02
-4.579306189415532913e-02
-5.088667036821803435e-02
-6.107388731634344481e-02
-5.852708307931209220e-02
-5.088667036821803435e-02
-5.088667036821803435e-02
-4.833986613118668174e-02
-5.343347460524938697e-02
-5.343347460524938697e-02
-5.852708307931209220e-02
-6.107388731634344481e-02
-5.088667036821803435e-02
-5.088667036821803435e-02
-4.833986613118668174e-02
-5.088667036821803435e-02
-5.598027884228073958e-02
-5.088667036821803435e-02
-6.107388731634344481e-02
-6.107388731634344481e-02
-5.343347460524938697e-02
-4.579306189415532913e-02
-4.833986613118668174e-02
-5.343347460524938697e-02
-5.343347460524938697e-02
-5.852708307931209220e-02
-5.852708307931209220e-02
-5.343347460524938697e-02
-4.579306189415532913e-02
-4.579306189415532913e-02
-5.343347460524938697e-02
-5.852708307931209220e-02
-5.852708307931209220e-02
-5.088667036821803435e-02
-5.343347460524938697e-02
-4.579306189415532913e-02
-5.088667036821803435e-02
-5.343347460524938697e-02
-5.852708307931209220e-02
-6.107388731634344481e-02
-5.088667036821803435e-02
-5.343347460524938697e-02
-5.088667036821803435e-02
-4.833986613118668174e-02
-4.833986613118668174e-02
-5.343347460524938697e-02
-6.107388731634344481e-02
-5.852708307931209220e-02
-5.343347460524938697e-02
-5.343347460524938697e-02
-4.579306189415532913e-02
-4.833986613118668174e-02
-5.343347460524938697e-02
-5.088667036821803435e-02
-5.852708307931209220e-02
-6.107388731634344481e-02
-5.343347460524938697e-02
-4.833986613118668174e-02
-4.579306189415532913e-02
-5.343347460524938697e-02
-5.343347460524938697e-02
-6.107388731634344481e-02
-5.088667036821803435e-02
-5.343347460524938697e-02
-4.833986613118668174e-02
-4.833986613118668174e-02
-5.088667036821803435e-02
-5.343347460524938697e-02
-5.852708307931209220e-02
-5.852708307931209220e-02
-5.598027884228073958e-02
-5.088667036821803435e-02
-4.579306189415532913e-02
-4.833986613118668174e-02
-5.343347460524938697e-02
-5.343347460524938697e-02
-5.852708307931209220e-02
-5.343347460524938697e-02
-5.598027884228073958e-02
-4.579306189415532913e-02
-4.833986613118668174e-02
-5.343347460524938697e-02
-5.343347460524938697e-02
-6.107388731634344481e-02
-5.852708307931209220e-02
-5.343347460524938697e-02
-4.833986613118668174e-02
-5.088667036821803435e-02
-5.088667036821803435e-02
-5.852708307931209220e-02
-6.107388731634344481e-02
-5.852708307931209220e-02
-5.343347460524938697e-02
-4.833986613118668174e-02
-4.579306189415532913e-02
-5.088667036821803435e-02
-5.343347460524938697e-02
-5.852708307931209220e-02
-5.852708307931209220e-02
-5.343347460524938697e-02
-5.088667036821803435e-02
-4.833986613118668174e-02
-5.343347460524938697e-02
-5.343347460524938697e-02
-6.107388731634344481e-02
-5.852708307931209220e-02
-5.598027884228073958e-02
-4.833986613118668174e-02
-4.579306189415532913e-02
-5.343347460524938697e-02
-5.343347460524938697e-02
-5.343347460524938697e-02
-6.107388731634344481e-02
-5.343347460524938697e-02
-5.088667036821803435e-02
-4.833986613118668174e-02
-4.579306189415532913e-02
-5.088667036821803435e-02
-5.343347460524938697e-02
-5.852708307931209220e-02
-5.343347460524938697e-02
-5.088667036821803435e-02
-5.088667036821803435e-02
-4.833986613118668174e-02
-5.343347460524938697e-02
-5.343347460524938697e-02
-6.107388731634344481e-02
-5.852708307931209220e-02
-5.598027884228073958e-02
-4.833986613118668174e-02
-5.343347460524938697e-02
-5.343347460524938697e-02
-5.852708307931209220e-02
-5.852708307931209220e-02
-5.088667036821803435e-02
-5.343347460524938697e-02
-4.579306189415532913e-02
-4.833986613118668174e-02
-5.343347460524938697e-02
-5.343347460524938697e-02
-6.107388731634344481e-02
-5.343347460524938697e-02
-5.088667036821803435e-02
-4.579306189415532913e-02
-5.343347460524938697e-02
-5.343347460524938697e-02
-5.088667036821803435e-02
-5.343347460524938697e-02
-5.852708307931209220e-02
-5.343347460524938697e-02
-5.343347460524938697e-02
-4.833986613118668174e-02
-4.833986613118668174e-02
-5.343347460524938697e-02
-5.088667036821803435e-02
-5.852708307931209220e-02
-5.088667036821803435e-02
-5.343347460524938697e-02
-4.579306189415532913e-02
-5.598027884228073958e-02
-5.343347460524938697e-02
-5.852708307931209220e-02
-5.852708307931209220e-02
-5.343347460524938697e-02
-5.343347460524938697e-02
-4.833986613118668174e-02
-5.088667036821803435e-02
-5.343347460524938697e-02
-5.088667036821803435e-02
-6.107388731634344481e-02
-5.852708307931209220e-02
-5.343347460524938697e-02
-5.343347460524938697e-02
-4.833986613118668174e-02
-5.343347460524938697e-02
-5.088667036821803435e-02
-5.852708307931209220e-02
-5.852708307931209220e-02
-5.343347460524938697e-02
-5.343347460524938697e-02
-4.833986613118668174e-02
-4.833986613118668174e-02
-5.343347460524938697e-02
-5.088667036821803435e-02
-6.107388731634344481e-02
-5.343347460524938697e-02
-5.088667036821803435e-02
-4.579306189415532913e-02
-5.343347460524938697e-02
-5.343347460524938697e-02
-6.107388731634344481e-02
-5.852708307931209220e-02
-5.343347460524938697e-02
-5.088667036821803435e-02
-4.833986613118668174e-02
-4.579306189415532913e-02
-5.088667036821803435e-02
-5.343347460524938697e-02
-6.107388731634344481e-02
-5.343347460524938697e-02
-5.343347460524938697e-02
-4.833986613118668174e-02
-5.343347460524938697e-02
-5.088667036821803435e-02
-5.852708307931209220e-02
-6.107388731634344481e-02
-5.343347460524938697e-02
-5.088667036821803435e-02
-5.088667036821803435e-02
-4.579306189415532913e-02
-4.833986613118668174e-02
-5.343347460524938697e-02
-6.107388731634344481e-02
-5.852708307931209220e-02
-5.343347460524938697e-02
-5.088667036821803435e-02
-4.833986613118668174e-02
-5.088667036821803435e-02
-5.343347460524938697e-02
-5.852708307931209220e-02
-5.852708307931209220e-02
-5.343347460524938697e-02
-5.343347460524938697e-02
-4.579306189415532913e-02
-5.343347460524938697e-02
-5.343347460524938697e-02
-6.107388731634344481e-02
-5.852708307931209220e-02
-5.852708307931209220e-02
-5.343347460524938697e-02
-4.833986613118668174e-02
-4.579306189415532913e-02
-5.088667036821803435e-02
-5.343347460524938697e-02
-5.852708307931209220e-02
-5.598027884228073958e-02
-5.343347460524938697e-02
-4.833986613118668174e-02
-5.343347460524938697e-02
-5.088667036821803435e-02
-6.107388731634344481e-02
-6.107388731634344481e-02
-5.343347460524938697e-02
-4.579306189415532913e-02
-4.833986613118668174e-02
-5.343347460524938697e-02
-5.343347460524938697e-02
-5.852708307931209220e-02
-5.852708307931209220e-02
-5.343347460524938697e-02
-5.343347460524938697e-02
-4.579306189415532913e-02
-4.833986613118668174e-02
-5.088667036821803435e-02
-6.107388731634344481e-02
-5.598027884228073958e-02
-5.852708307931209220e-02
-5.088667036821803435e-02
-5.343347460524938697e-02
-4.579306189415532913e-02
-4.579306189415532913e-02
-5.088667036821803435e-02
-5.088667036821803435e-02
-5.088667036821803435e-02
-5.343347460524938697e-02
-5.088667036821803435e-02
-4.579306189415532913e-02
-5.088667036821803435e-02
-5.343347460524938697e-02
-5.852708307931209220e-02
-5.343347460524938697e-02
-5.343347460524938697e-02
-5.343347460524938697e-02
-4.579306189415532913e-02
-5.343347460524938697e-02
-5.088667036821803435e-02
-5.343347460524938697e-02
-5.852708307931209220e-02
-6.107388731634344481e-02
-5.088667036821803435e-02
-4.833986613118668174e-02
-4.833986613118668174e-02
-5.343347460524938697e-02
-5.343347460524938697e-02
-5.852708307931209220e-02
-5.852708307931209220e-02
-5.343347460524938697e-02
-5.343347460524938697e-02
-4.579306189415532913e-02
-5.343347460524938697e-02
-5.343347460524938697e-02
-6.107388731634344481e-02
-5.343347460524938697e-02
-5.088667036821803435e-02
-4.579306189415532913e-02
-5.343347460524938697e-02
-5.343347460524938697e-02
-5.088667036821803435e-02
-5.852708307931209220e-02
-5.598027884228073958e-02
-5.343347460524938697e-02
-5.343347460524938697e-02
-4.833986613118668174e-02
-5.343347460524938697e-02
-5.343347460524938697e-02
-5.852708307931209220e-02
-6.107388731634344481e-02
-5.088667036821803435e-02
-5.343347460524938697e-02
-4.833986613118668174e-02
-5.343347460524938697e-02
-5.088667036821803435e-02
-6.107388731634344481e-02
-5.852708307931209220e-02
-5.088667036821803435e-02
-5.343347460524938697e-02
-4.833986613118668174e-02
-5.343347460524938697e-02
-5.343347460524938697e-02
-5.852708307931209220e-02
-5.852708307931209220e-02
-5.088667036821803435e-02
-4.833986613118668174e-02
-4.579306189415532913e-02
-5.343347460524938697e-02
-5.343347460524938697e-02
-5.343347460524938697e-02
-6.107388731634344481e-02
-6.107388731634344481e-02
-5.343347460524938697e-02
-4.833986613118668174e-02
-4.579306189415532913e-02
-5.343347460524938697e-02
-5.343347460524938697e-02
-5.852708307931209220e-02
-5.343347460524938697e-02
-5.343347460524938697e-02
-4.579306189415532913e-02
-5.343347460524938697e-02
-5.343347460524938697e-02
-6.107388731634344481e-02
-5.852708307931209220e-02
-5.343347460524938697e-02
-5.088667036821803435e-02
-4.579306189415532913e-02
-4.579306189415532913e-02
-5.343347460524938697e-02
-5.343347460524938697e-02
-5.852708307931209220e-02
-5.852708307931209220e-02
-4.833986613118668174e-02
-4.833986613118668174e-02
-4.833986613118668174e-02
-5.088667036821803435e-02
-6.107388731634344481e-02
-5.852708307931209220e-02
-5.598027884228073958e-02
-5.343347460524938697e-02
-4.833986613118668174e-02
-4.579306189415532913e-02
-5.343347460524938697e-02
-5.343347460524938697e-02
-5.852708307931209220e-02
-5.852708307931209220e-02
-5.343347460524938697e-02
-4.833986613118668174e-02
-4.833986613118668174e-02
-5.343347460524938697e-02
-5.088667036821803435e-02
-5.852708307931209220e-02
-6.107388731634344481e-02
-5.088667036821803435e-02
-5.343347460524938697e-02
-4.579306189415532913e-02
-5.343347460524938697e-02
-5.088667036821803435e-02
-6.107388731634344481e-02
-5.852708307931209220e-02
-5.343347460524938697e-02
-5.088667036821803435e-02
-4.833986613118668174e-02
-5.343347460524938697e-02
-5.343347460524938697e-02
-5.852708307931209220e-02
-5.852708307931209220e-02
-5.343347460524938697e-02
-5.088667036821803435e-02
-4.579306189415532913e-02
-4.579306189415532913e-02
-5.343347460524938697e-02
-5.598027884228073958e-02
-5.852708307931209220e-02
-5.088667036821803435e-02
-5.343347460524938697e-02
-4.833986613118668174e-02
-4.579306189415532913e-02
-5.343347460524938697e-02
-5.852708307931209220e-02
-5.852708307931209220e-02
-5.343347460524938697e-02
-4.579306189415532913e-02
-4.579306189415532913e-02
-4.833986613118668174e-02
-5.343347460524938697e-02
-5.852708307931209220e-02
-6.107388731634344481e-02
-5.343347460524938697e-02
-5.088667036821803435e-02
-4.833986613118668174e-02
-5.598027884228073958e-02
-5.343347460524938697e-02
-5.343347460524938697e-02
-6.107388731634344481e-02
-6.107388731634344481e-02
-5.088667036821803435e-02
-4.579306189415532913e-02
-4.833986613118668174e-02
-5.088667036821803435e-02
-5.088667036821803435e-02
-5.852708307931209220e-02
-5.343347460524938697e-02
-5.088667036821803435e-02
-4.833986613118668174e-02
-4.833986613118668174e-02
-5.088667036821803435e-02
-6.107388731634344481e-02
-5.852708307931209220e-02
-5.343347460524938697e-02
-5.088667036821803435e-02
-4.833986613118668174e-02
-5.598027884228073958e-02
-5.343347460524938697e-02
-5.852708307931209220e-02
-5.852708307931209220e-02
-5.343347460524938697e-02
-4.579306189415532913e-02
-5.088667036821803435e-02
-5.343347460524938697e-02
-5.088667036821803435e-02
-6.107388731634344481e-02
-5.852708307931209220e-02
-5.343347460524938697e-02
-4.833986613118668174e-02
-4.579306189415532913e-02
-4.833986613118668174e-02
-5.088667036821803435e-02
-5.088667036821803435e-02
-6.107388731634344481e-02
-6.107388731634344481e-02
-5.088667036821803435e-02
-5.088667036821803435e-02
-4.324625765712397651e-02
-5.343347460524938697e-02
-5.343347460524938697e-02
-5.852708307931209220e-02
-6.107388731634344481e-02
-5.343347460524938697e-02
-5.343347460524938697e-02
-4.579306189415532913e-02
-5.343347460524938697e-02
-5.088667036821803435e-02
-6.107388731634344481e-02
-5.343347460524938697e-02
-5.088667036821803435e-02
-4.833986613118668174e-02
-4.833986613118668174e-02
-5.088667036821803435e-02
-5.343347460524938697e-02
-6.107388731634344481e-02
-5.852708307931209220e-02
-5.343347460524938697e-02
-5.088667036821803435e-02
-5.088667036821803435e-02
-5.088667036821803435e-02
-5.343347460524938697e-02
-6.107388731634344481e-02
-5.343347460524938697e-02
-5.343347460524938697e-02
-5.343347460524938697e-02
-4.579306189415532913e-02
-4.833986613118668174e-02
-5.343347460524938697e-02
-6.107388731634344481e-02
-5.852708307931209220e-02
-5.343347460524938697e-02
-4.833986613118668174e-02
-4.833986613118668174e-02
-4.833986613118668174e-02
-5.088667036821803435e-02
-5.343347460524938697e-02
-5.852708307931209220e-02
-5.852708307931209220e-02
-5.343347460524938697e-02
-5.343347460524938697e-02
-4.579306189415532913e-02
-5.343347460524938697e-02
-5.343347460524938697e-02
-5.852708307931209220e-02
-6.107388731634344481e-02
-5.088667036821803435e-02
-5.343347460524938697e-02
-4.579306189415532913e-02
-4.833986613118668174e-02
-5.088667036821803435e-02
-5.852708307931209220e-02
-6.107388731634344481e-02
-5.088667036821803435e-02
-5.343347460524938697e-02
-4.579306189415532913e-02
-4.833986613118668174e-02
-5.343347460524938697e-02
-5.088667036821803435e-02
-5.852708307931209220e-02
-5.343347460524938697e-02
-5.343347460524938697e-02
-5.088667036821803435e-02
-5.343347460524938697e-02
-5.343347460524938697e-02
-5.343347460524938697e-02
-5.852708307931209220e-02
-5.088667036821803435e-02
-5.343347460524938697e-02
-4.579306189415532913e-02
-4.833986613118668174e-02
-5.088667036821803435e-02
-6.107388731634344481e-02
-5.852708307931209220e-02
-5.343347460524938697e-02
-5.343347460524938697e-02
-4.579306189415532913e-02
-5.343347460524938697e-02
-5.088667036821803435e-02
-5.343347460524938697e-02
-5.598027884228073958e-02
-6.107388731634344481e-02
-5.088667036821803435e-02
-5.343347460524938697e-02
-4.579306189415532913e-02
-5.343347460524938697e-02
-5.088667036821803435e-02
-5.852708307931209220e-02
-5.852708307931209220e-02
-5.343347460524938697e-02
-5.343347460524938697e-02
-4.579306189415532913e-02
-5.343347460524938697e-02
-5.343347460524938697e-02
-6.107388731634344481e-02
-5.852708307931209220e-02
-5.343347460524938697e-02
-5.088667036821803435e-02
-5.343347460524938697e-02
-5.088667036821803435e-02
-6.107388731634344481e-02
-5.852708307931209220e-02
-6.107388731634344481e-02
-5.088667036821803435e-02
-5.088667036821803435e-02
-4.579306189415532913e-02
-5.343347460524938697e-02
-5.343347460524938697e-02
-5.852708307931209220e-02
-5.343347460524938697e-02
-5.088667036821803435e-02
-5.088667036821803435e-02
-5.088667036821803435e-02
-5.088667036821803435e-02
-5.088667036821803435e-02
-5.852708307931209220e-02
-5.852708307931209220e-02
-5.088667036821803435e-02
-5.088667036821803435e-02
-5.343347460524938697e-02
-5.088667036821803435e-02
-5.088667036821803435e-02
-6.107388731634344481e-02
-5.852708307931209220e-02
-5.343347460524938697e-02
-5.343347460524938697e-02
-4.579306189415532913e-02
-4.579306189415532913e-02
-5.088667036821803435e-02
-5.343347460524938697e-02
-5.852708307931209220e-02
-5.343347460524938697e-02
-5.343347460524938697e-02
-5.088667036821803435e-02
-4.833986613118668174e-02
-5.343347460524938697e-02
-6.107388731634344481e-02
-5.852708307931209220e-02
-5.343347460524938697e-02
-4.833986613118668174e-02
-4.833986613118668174e-02
-5.088667036821803435e-02
-5.343347460524938697e-02
-6.107388731634344481e-02
-5.852708307931209220e-02
-5.088667036821803435e-02
-5.343347460524938697e-02
-4.579306189415532913e-02
-4.833986613118668174e-02
-5.088667036821803435e-02
-5.852708307931209220e-02
-5.852708307931209220e-02
-5.852708307931209220e-02
-5.343347460524938697e-02
-4.833986613118668174e-02
-4.833986613118668174e-02
-5.088667036821803435e-02
-5.343347460524938697e-02
-5.852708307931209220e-02
-6.107388731634344481e-02
-5.343347460524938697e-02
-5.343347460524938697e-02
-4.833986613118668174e-02
-5.343347460524938697e-02
-5.343347460524938697e-02
-5.852708307931209220e-02
-5.852708307931209220e-02
-5.088667036821803435e-02
-4.833986613118668174e-02
-4.833986613118668174e-02
-4.579306189415532913e-02
-5.343347460524938697e-02
-5.343347460524938697e-02
-5.852708307931209220e-02
-5.343347460524938697e-02
-5.343347460524938697e-02
-5.088667036821803435e-02
-4.579306189415532913e-02
-5.343347460524938697e-02
-5.088667036821803435e-02
-5.598027884228073958e-02
-5.852708307931209220e-02
-5.343347460524938697e-02
-5.343347460524938697e-02
-4.833986613118668174e-02
-4.833986613118668174e-02
-5.343347460524938697e-02
-5.343347460524938697e-02
-6.107388731634344481e-02
-5.343347460524938697e-02
-5.088667036821803435e-02
-4.579306189415532913e-02
-5.343347460524938697e-02
-5.343347460524938697e-02
-5.852708307931209220e-02
-6.107388731634344481e-02
-5.343347460524938697e-02
-5.343347460524938697e-02
-4.833986613118668174e-02
-4.833986613118668174e-02
-5.088667036821803435e-02
-5.343347460524938697e-02
-5.852708307931209220e-02
-5.343347460524938697e-02
-4.579306189415532913e-02
-4.579306189415532913e-02
-5.343347460524938697e-02
-5.343347460524938697e-02
-5.852708307931209220e-02
-5.088667036821803435e-02
-5.088667036821803435e-02
-5.343347460524938697e-02
-4.579306189415532913e-02
-4.833986613118668174e-02
-5.088667036821803435e-02
-6.107388731634344481e-02
-5.852708307931209220e-02
-5.343347460524938697e-02
-5.088667036821803435e-02
-4.579306189415532913e-02
-4.833986613118668174e-02
-5.343347460524938697e-02
-5.343347460524938697e-02
-6.107388731634344481e-02
-5.088667036821803435e-02
-5.343347460524938697e-02
-4.579306189415532913e-02
-4.579306189415532913e-02
-5.343347460524938697e-02
-5.852708307931209220e-02
-5.852708307931209220e-02
-5.343347460524938697e-02
-5.343347460524938697e-02
-4.579306189415532913e-02
-5.343347460524938697e-02
-5.088667036821803435e-02
-6.107388731634344481e-02
-6.107388731634344481e-02
-5.852708307931209220e-02
-5.088667036821803435e-02
-5.343347460524938697e-02
-5.088667036821803435e-02
-4.579306189415532913e-02
-5.343347460524938697e-02
-5.852708307931209220e-02
-5.343347460524938697e-02
-5.343347460524938697e-02
-5.343347460524938697e-02
-4.833986613118668174e-02
-5.343347460524938697e-02
-5.343347460524938697e-02
-6.107388731634344481e-02
-6.107388731634344481e-02
-5.343347460524938697e-02
-5.088667036821803435e-02
-4.833986613118668174e-02
-5.343347460524938697e-02
-5.343347460524938697e-02
-6.107388731634344481e-02
-5.852708307931209220e-02
-5.343347460524938697e-02
-5.088667036821803435e-02
-4.579306189415532913e-02
-4.833986613118668174e-02
-5.088667036821803435e-02
-5.088667036821803435e-02
-5.852708307931209220e-02
-5.852708307931209220e-02
-5.343347460524938697e-02
-4.833986613118668174e-02
-4.579306189415532913e-02
-5.088667036821803435e-02
-5.343347460524938697e-02
-5.852708307931209220e-02
-6.107388731634344481e-02
-5.598027884228073958e-02
-4.833986613118668174e-02
-4.833986613118668174e-02
-5.343347460524938697e-02
-5.343347460524938697e-02
-5.852708307931209220e-02
-5.852708307931209220e-02
-5.343347460524938697e-02
-4.833986613118668174e-02
-5.343347460524938697e-02
-5.088667036821803435e-02
-5.852708307931209220e-02
-5.852708307931209220e-02
-5.088667036821803435e-02
-5.343347460524938697e-02
-5.088667036821803435e-02
-5.088667036821803435e-02
-5.343347460524938697e-02
-5.343347460524938697e-02
-5.852708307931209220e-02
-5.852708307931209220e-02
-5.343347460524938697e-02
-5.343347460524938697e-02
-4.324625765712397651e-02
-4.833986613118668174e-02
-5.343347460524938697e-02
-5.343347460524938697e-02
-5.852708307931209220e-02
-5.852708307931209220e-02
-5.088667036821803435e-02
-4.579306189415532913e-02
-5.088667036821803435e-02
-5.343347460524938697e-02
-5.852708307931209220e-02
-5.852708307931209220e-02
-5.343347460524938697e-02
-5.343347460524938697e-02
-4.579306189415532913e-02
-5.343347460524938697e-02
-5.343347460524938697e-02
-5.852708307931209220e-02
-5.852708307931209220e-02
-5.343347460524938697e-02
-5.343347460524938697e-02
-5.088667036821803435e-02
-5.088667036821803435e-02
-5.088667036821803435e-02
-5.852708307931209220e-02
-5.852708307931209220e-02
-5.852708307931209220e-02
-5.343347460524938697e-02
-4.833986613118668174e-02
-4.579306189415532913e-02
-5.343347460524938697e-02
-6.107388731634344481e-02
-5.852708307931209220e-02
-5.088667036821803435e-02
-5.088667036821803435e-02
-5.343347460524938697e-02
-4.833986613118668174e-02
-5.343347460524938697e-02
-5.088667036821803435e-02
-5.852708307931209220e-02
-5.852708307931209220e-02
-5.343347460524938697e-02
-4.833986613118668174e-02
-4.579306189415532913e-02
-4.579306189415532913e-02
-5.343347460524938697e-02
-5.852708307931209220e-02
-6.107388731634344481e-02
-5.343347460524938697e-02
-5.088667036821803435e-02
-5.343347460524938697e-02
-4.833986613118668174e-02
-4.579306189415532913e-02
-5.088667036821803435e-02
-5.343347460524938697e-02
-6.107388731634344481e-02
-5.343347460524938697e-02
-5.088667036821803435e-02
-5.343347460524938697e-02
-5.343347460524938697e-02
-5.343347460524938697e-02
-5.852708307931209220e-02
-5.852708307931209220e-02
-5.088667036821803435e-02
-5.343347460524938697e-02
-4.579306189415532913e-02
-4.833986613118668174e-02
-5.343347460524938697e-02
-5.598027884228073958e-02
-5.852708307931209220e-02
-5.088667036821803435e-02
-5.088667036821803435e-02
-4.579306189415532913e-02
-4.833986613118668174e-02
-5.343347460524938697e-02
-5.343347460524938697e-02
-6.107388731634344481e-02
-5.343347460524938697e-02
-5.343347460524938697e-02
-4.833986613118668174e-02
-5.343347460524938697e-02
-5.088667036821803435e-02
-5.598027884228073958e-02
-5.852708307931209220e-02
-5.343347460524938697e-02
-4.579306189415532913e-02
-4.579306189415532913e-02
-5.088667036821803435e-02
-5.852708307931209220e-02
-5.852708307931209220e-02
-5.852708307931209220e-02
-5.343347460524938697e-02
-4.579306189415532913e-02
-4.579306189415532913e-02
-5.088667036821803435e-02
-5.343347460524938697e-02
-5.852708307931209220e-02
-5.852708307931209220e-02
-5.852708307931209220e-02
-5.598027884228073958e-02
-4.833986613118668174e-02
-4.833986613118668174e-02
-5.343347460524938697e-02
-5.343347460524938697e-02
-5.852708307931209220e-02
-5.852708307931209220e-02
-5.343347460524938697e-02
-5.088667036821803435e-02
-4.579306189415532913e-02
-4.833986613118668174e-02
-5.343347460524938697e-02
-5.852708307931209220e-02
-5.343347460524938697e-02
-5.088667036821803435e-02
-4.833986613118668174e-02
-4.579306189415532913e-02
-4.579306189415532913e-02
-5.343347460524938697e-02
-5.343347460524938697e-02
-5.852708307931209220e-02
-6.107388731634344481e-02
-5.343347460524938697e-02
-4.579306189415532913e-02
-4.579306189415532913e-02
-5.343347460524938697e-02
-5.343347460524938697e-02
-5.852708307931209220e-02
-5.852708307931209220e-02
-5.088667036821803435e-02
-5.343347460524938697e-02
-4.833986613118668174e-02
-5.343347460524938697e-02
-5.343347460524938697e-02
-5.852708307931209220e-02
-5.852708307931209220e-02
-5.343347460524938697e-02
-5.088667036821803435e-02
-5.343347460524938697e-02
-5.088667036821803435e-02
-5.343347460524938697e-02
-5.852708307931209220e-02
-5.088667036821803435e-02
-5.343347460524938697e-02
-4.833986613118668174e-02
-4.579306189415532913e-02
-4.833986613118668174e-02
-5.343347460524938697e-02
-5.598027884228073958e-02
-5.852708307931209220e-02
-5.088667036821803435e-02
-5.343347460524938697e-02
-4.833986613118668174e-02
-4.579306189415532913e-02
-5.343347460524938697e-02
-6.107388731634344481e-02
-5.343347460524938697e-02
-5.088667036821803435e-02
-4.579306189415532913e-02
-4.833986613118668174e-02
-5.598027884228073958e-02
-5.852708307931209220e-02
-5.852708307931209220e-02
-5.852708307931209220e-02
-5.343347460524938697e-02
-4.833986613118668174e-02
-4.579306189415532913e-02
-5.088667036821803435e-02
-5.088667036821803435e-02
-5.598027884228073958e-02
-5.088667036821803435e-02
-5.088667036821803435e-02
-4.833986613118668174e-02
-4.579306189415532913e-02
-5.088667036821803435e-02
-6.107388731634344481e-02
-6.107388731634344481e-02
-5.852708307931209220e-02
-5.343347460524938697e-02
-5.343347460524938697e-02
-4.833986613118668174e-02
-4.579306189415532913e-02
-5.343347460524938697e-02
-5.088667036821803435e-02
-5.852708307931209220e-02
-5.088667036821803435e-02
-5.088667036821803435e-02
-4.833986613118668174e-02
-4.833986613118668174e-02
-5.088667036821803435e-02
-5.343347460524938697e-02
-5.852708307931209220e-02
-6.107388731634344481e-02
-5.088667036821803435e-02
-4.579306189415532913e-02
-4.579306189415532913e-02
-5.088667036821803435e-02
-5.343347460524938697e-02
-5.852708307931209220e-02
-5.852708307931209220e-02
-5.088667036821803435e-02
-5.088667036821803435e-02
-4.579306189415532913e-02
-4.833986613118668174e-02
-6.107388731634344481e-02
-5.852708307931209220e-02
-5.852708307931209220e-02
-5.088667036821803435e-02
-4.833986613118668174e-02
-4.579306189415532913e-02
-4.833986613118668174e-02
-5.343347460524938697e-02
-5.088667036821803435e-02
-6.107388731634344481e-02
-6.362069155337479742e-02
-5.343347460524938697e-02
-4.833986613118668174e-02
-4.579306189415532913e-02
-5.088667036821803435e-02
-5.088667036821803435e-02
-5.852708307931209220e-02
-6.107388731634344481e-02
-5.343347460524938697e-02
-5.343347460524938697e-02
-4.579306189415532913e-02
-5.088667036821803435e-02
-5.343347460524938697e-02
-5.852708307931209220e-02
-5.343347460524938697e-02
-5.343347460524938697e-02
-4.833986613118668174e-02
-4.833986613118668174e-02
-5.088667036821803435e-02
-5.852708307931209220e-02
-5.852708307931209220e-02
-5.343347460524938697e-02
-5.343347460524938697e-02
-4.833986613118668174e-02
-4.324625765712397651e-02
-5.088667036821803435e-02
-5.343347460524938697e-02
-5.852708307931209220e-02
-5.852708307931209220e-02
-5.343347460524938697e-02
-4.579306189415532913e-02
-4.579306189415532913e-02
-5.343347460524938697e-02
-5.088667036821803435e-02
-5.852708307931209220e-02
-5.343347460524938697e-02
-5.088667036821803435e-02
-5.343347460524938697e-02
-4.579306189415532913e-02
-5.343347460524938697e-02
-5.343347460524938697e-02
-6.107388731634344481e-02
-5.852708307931209220e-02
-5.343347460524938697e-02
-5.088667036821803435e-02
-4.833986613118668174e-02
-4.579306189415532913e-02
-5.343347460524938697e-02
-5.852708307931209220e-02
-5.852708307931209220e-02
-5.343347460524938697e-02
-5.088667036821803435e-02
-4.579306189415532913e-02
-4.833986613118668174e-02
-5.088667036821803435e-02
-5.343347460524938697e-02
-5.852708307931209220e-02
-6.107388731634344481e-02
-5.343347460524938697e-02
-5.343347460524938697e-02
-4.579306189415532913e-02
-5.088667036821803435e-02
-5.088667036821803435e-02
-6.107388731634344481e-02
-6.107388731634344481e-02
-5.343347460524938697e-02
-5.343347460524938697e-02
-4.324625765712397651e-02
-5.343347460524938697e-02
-5.343347460524938697e-02
-5.852708307931209220e-02
-6.107388731634344481e-02
-5.088667036821803435e-02
-5.343347460524938697e-02
-4.579306189415532913e-02
-5.088667036821803435e-02
-5.343347460524938697e-02
-6.107388731634344481e-02
-6.107388731634344481e-02
-5.343347460524938697e-02
-4.579306189415532913e-02
-4.579306189415532913e-02
-5.343347460524938697e-02
-5.088667036821803435e-02
-5.852708307931209220e-02
-5.852708307931209220e-02
-5.343347460524938697e-02
-4.579306189415532913e-02
-4.579306189415532913e-02
-5.343347460524938697e-02
-5.343347460524938697e-02
-5.852708307931209220e-02
-5.852708307931209220e-02
-5.343347460524938697e-02
-5.598027884228073958e-02
-4.579306189415532913e-02
-5.088667036821803435e-02
-5.343347460524938697e-02
-5.852708307931209220e-02
-5.852708307931209220e-02
-5.343347460524938697e-02
-5.088667036821803435e-02
-4.579306189415532913e-02
-5.088667036821803435e-02
-5.852708307931209220e-02
-6.107388731634344481e-02
-5.343347460524938697e-02
-5.088667036821803435e-02
-5.088667036821803435e-02
-4.579306189415532913e-02
-5.088667036821803435e-02
-5.088667036821803435e-02
-5.852708307931209220e-02
-5.343347460524938697e-02
-4.579306189415532913e-02
-4.579306189415532913e-02
-5.598027884228073958e-02
-5.088667036821803435e-02
-5.088667036821803435e-02
-6.107388731634344481e-02
-5.088667036821803435e-02
-5.088667036821803435e-02
-4.579306189415532913e-02
-5.343347460524938697e-02
-4.833986613118668174e-02
-5.088667036821803435e-02
-5.598027884228073958e-02
-5.598027884228073958e-02
-5.343347460524938697e-02
-5.343347460524938697e-02
-4.833986613118668174e-02
-4.833986613118668174e-02
-5.088667036821803435e-02
-5.852708307931209220e-02
-5.852708307931209220e-02
-5.343347460524938697e-02
-5.088667036821803435e-02
-4.579306189415532913e-02
-4.833986613118668174e-02
-5.343347460524938697e-02
-5.852708307931209220e-02
-5.852708307931209220e-02
-5.343347460524938697e-02
-5.343347460524938697e-02
-4.833986613118668174e-02
-5.088667036821803435e-02
-5.343347460524938697e-02
-5.852708307931209220e-02
-5.852708307931209220e-02
-5.088667036821803435e-02
-5.343347460524938697e-02
-4.579306189415532913e-02
-4.833986613118668174e-02
-5.343347460524938697e-02
-6.107388731634344481e-02
-5.088667036821803435e-02
-5.343347460524938697e-02
-4.833986613118668174e-02
-5.343347460524938697e-02
-5.343347460524938697e-02
-5.088667036821803435e-02
-6.107388731634344481e-02
-5.088667036821803435e-02
-5.343347460524938697e-02
-4.579306189415532913e-02
-4.833986613118668174e-02
-5.343347460524938697e-02
-5.088667036821803435e-02
-6.107388731634344481e-02
-5.852708307931209220e-02
-5.343347460524938697e-02
-4.579306189415532913e-02
-4.833986613118668174e-02
-4.833986613118668174e-02
-5.088667036821803435e-02
-5.852708307931209220e-02
-5.852708307931209220e-02
-5.343347460524938697e-02
-5.088667036821803435e-02
-4.833986613118668174e-02
-4.833986613118668174e-02
-5.088667036821803435e-02
-5.088667036821803435e-02
-5.852708307931209220e-02
-5.852708307931209220e-02
-5.343347460524938697e-02
-5.343347460524938697e-02
-4.579306189415532913e-02
-4.833986613118668174e-02
-5.343347460524938697e-02
-5.852708307931209220e-02
-6.107388731634344481e-02
-5.088667036821803435e-02
-5.088667036821803435e-02
-4.833986613118668174e-02
-4.833986613118668174e-02
-5.088667036821803435e-02
-5.088667036821803435e-02
-6.107388731634344481e-02
-5.343347460524938697e-02
-5.343347460524938697e-02
-4.833986613118668174e-02
-5.343347460524938697e-02
-5.343347460524938697e-02
-6.107388731634344481e-02
-5.852708307931209220e-02
-5.343347460524938697e-02
-5.343347460524938697e-02
-5.088667036821803435e-02
-4.579306189415532913e-02
-5.343347460524938697e-02
-6.107388731634344481e-02
-5.852708307931209220e-02
-5.343347460524938697e-02
-5.343347460524938697e-02
-4.579306189415532913e-02
-4.833986613118668174e-02
-5.343347460524938697e-02
-5.343347460524938697e-02
-6.107388731634344481e-02
-5.088667036821803435e-02
-5.598027884228073958e-02
-4.579306189415532913e-02
-4.579306189415532913e-02
-5.598027884228073958e-02
-5.343347460524938697e-02
-5.852708307931209220e-02
-5.852708307931209220e-02
-6.107388731634344481e-02
-5.088667036821803435e-02
-4.579306189415532913e-02
-4.579306189415532913e-02
-5.343347460524938697e-02
-5.343347460524938697e-02
-5.852708307931209220e-02
-5.852708307931209220e-02
-5.343347460524938697e-02
-4.579306189415532913e-02
-4.833986613118668174e-02
-5.343347460524938697e-02
-6.107388731634344481e-02
-5.852708307931209220e-02
-5.343347460524938697e-02
-4.833986613118668174e-02
-4.579306189415532913e-02
-5.343347460524938697e-02
-5.343347460524938697e-02
-6.107388731634344481e-02
-6.107388731634344481e-02
-5.343347460524938697e-02
-5.343347460524938697e-02
-5.088667036821803435e-02
-5.598027884228073958e-02
-5.343347460524938697e-02
-5.852708307931209220e-02
-5.852708307931209220e-02
-5.088667036821803435e-02
-4.833986613118668174e-02
-4.833986613118668174e-02
-5.088667036821803435e-02
-5.343347460524938697e-02
-6.107388731634344481e-02
-5.852708307931209220e-02
-5.343347460524938697e-02
-5.088667036821803435e-02
-4.833986613118668174e-02
-5.343347460524938697e-02
-5.343347460524938697e-02
-5.852708307931209220e-02
-5.852708307931209220e-02
-5.343347460524938697e-02
-5.343347460524938697e-02
-4.833986613118668174e-02
-4.579306189415532913e-02
-5.088667036821803435e-02
-5.343347460524938697e-02
-6.107388731634344481e-02
-6.107388731634344481e-02
-5.343347460524938697e-02
-4.579306189415532913e-02
-4.324625765712397651e-02
-5.088667036821803435e-02
-5.343347460524938697e-02
-5.598027884228073958e-02
-5.852708307931209220e-02
-5.343347460524938697e-02
-5.343347460524938697e-02
-4.579306189415532913e-02
-4.833986613118668174e-02
-5.343347460524938697e-02
-5.343347460524938697e-02
-6.107388731634344481e-02
-5.852708307931209220e-02
-5.343347460524938697e-02
-4.833986613118668174e-02
-4.579306189415532913e-02
-5.343347460524938697e-02
-5.343347460524938697e-02
-5.852708307931209220e-02
-5.852708307931209220e-02
-5.088667036821803435e-02
-5.343347460524938697e-02
-4.579306189415532913e-02
-5.343347460524938697e-02
-5.598027884228073958e-02
-5.343347460524938697e-02
-5.852708307931209220e-02
-5.852708307931209220e-02
-5.343347460524938697e-02
-5.343347460524938697e-02
-4.833986613118668174e-02
-4.579306189415532913e-02
-5.343347460524938697e-02
-5.852708307931209220e-02
-5.852708307931209220e-02
-5.598027884228073958e-02
-4.833986613118668174e-02
-4.579306189415532913e-02
-5.343347460524938697e-02
-5.343347460524938697e-02
-6.107388731634344481e-02
-5.343347460524938697e-02
-5.088667036821803435e-02
-5.343347460524938697e-02
-4.833986613118668174e-02
-5.343347460524938697e-02
-5.088667036821803435e-02
-5.852708307931209220e-02
-5.852708307931209220e-02
-5.088667036821803435e-02
-5.343347460524938697e-02
-4.579306189415532913e-02
-4.579306189415532913e-02
-5.598027884228073958e-02
-5.852708307931209220e-02
-5.088667036821803435e-02
-5.088667036821803435e-02
-4.579306189415532913e-02
-4.579306189415532913e-02
-5.343347460524938697e-02
-5.343347460524938697e-02
-6.107388731634344481e-02
-5.852708307931209220e-02
-5.343347460524938697e-02
-5.343347460524938697e-02
-5.343347460524938697e-02
-4.579306189415532913e-02
-5.343347460524938697e-02
-5.343347460524938697e-02
-5.852708307931209220e-02
-5.852708307931209220e-02
-5.088667036821803435e-02
-4.579306189415532913e-02
-4.833986613118668174e-02
-5.343347460524938697e-02
-6.107388731634344481e-02
-5.343347460524938697e-02
-5.343347460524938697e-02
-5.343347460524938697e-02
-5.088667036821803435e-02
-4.579306189415532913e-02
-5.343347460524938697e-02
-5.088667036821803435e-02
-5.852708307931209220e-02
-5.852708307931209220e-02
-5.343347460524938697e-02
-4.833986613118668174e-02
-4.579306189415532913e-02
-5.343347460524938697e-02
-5.343347460524938697e-02
-5.852708307931209220e-02
-6.107388731634344481e-02
-5.343347460524938697e-02
-4.833986613118668174e-02
-5.088667036821803435e-02
-5.088667036821803435e-02
-5.088667036821803435e-02
-5.852708307931209220e-02
-5.343347460524938697e-02
-5.088667036821803435e-02
-5.088667036821803435e-02
-5.343347460524938697e-02
-5.088667036821803435e-02
-6.107388731634344481e-02
-5.852708307931209220e-02
-5.088667036821803435e-02
-5.343347460524938697e-02
-5.088667036821803435e-02
-4.833986613118668174e-02
-5.343347460524938697e-02
-5.343347460524938697e-02
-6.107388731634344481e-02
-5.852708307931209220e-02
-5.343347460524938697e-02
-5.343347460524938697e-02
-4.833986613118668174e-02
-5.343347460524938697e-02
-6.107388731634344481e-02
-6.107388731634344481e-02
-5.088667036821803435e-02
-5.088667036821803435e-02
-4.833986613118668174e-02
-5.088667036821803435e-02
-5.088667036821803435e-02
-5.343347460524938697e-02
-5.598027884228073958e-02
-5.852708307931209220e-02
-5.343347460524938697e-02
-5.343347460524938697e-02
-4.833986613118668174e-02
-4.579306189415532913e-02
-5.343347460524938697e-02
-5.343347460524938697e-02
-6.107388731634344481e-02
-5.852708307931209220e-02
-5.343347460524938697e-02
-4.833986613118668174e-02
-4.579306189415532913e-02
-5.598027884228073958e-02
-5.343347460524938697e-02
-6.107388731634344481e-02
-5.852708307931209220e-02
-5.343347460524938697e-02
-5.343347460524938697e-02
-4.833986613118668174e-02
-5.088667036821803435e-02
-5.343347460524938697e-02
-6.107388731634344481e-02
-5.088667036821803435e-02
-5.343347460524938697e-02
-4.579306189415532913e-02
-4.833986613118668174e-02
-5.088667036821803435e-02
-6.107388731634344481e-02
-6.107388731634344481e-02
-5.088667036821803435e-02
-5.088667036821803435e-02
-4.833986613118668174e-02
-4.579306189415532913e-02
-5.088667036821803435e-02
-5.343347460524938697e-02
-6.107388731634344481e-02
-5.343347460524938697e-02
-5.343347460524938697e-02
-5.343347460524938697e-02
-4.833986613118668174e-02
-4.579306189415532913e-02
-5.343347460524938697e-02
-5.852708307931209220e-02
-6.107388731634344481e-02
-5.343347460524938697e-02
-5.343347460524938697e-02
-4.833986613118668174e-02
-4.579306189415532913e-02
-5.343347460524938697e-02
-5.343347460524938697e-02
-6.107388731634344481e-02
-5.598027884228073958e-02
-4.579306189415532913e-02
-4.833986613118668174e-02
-4.579306189415532913e-02
-5.343347460524938697e-02
-5.088667036821803435e-02
-6.107388731634344481e-02
-5.343347460524938697e-02
-5.343347460524938697e-02
-4.833986613118668174e-02
-4.833986613118668174e-02
-5.088667036821803435e-02
-5.343347460524938697e-02
-5.852708307931209220e-02
-5.343347460524938697e-02
-5.343347460524938697e-02
-4.833986613118668174e-02
-4.833986613118668174e-02
-5.343347460524938697e-02
-5.343347460524938697e-02
-6.107388731634344481e-02
-5.852708307931209220e-02
-5.343347460524938697e-02
-5.343347460524938697e-02
-4.579306189415532913e-02
-5.343347460524938697e-02
-5.343347460524938697e-02
-6.107388731634344481e-02
-5.852708307931209220e-02
-5.343347460524938697e-02
-5.088667036821803435e-02
-5.088667036821803435e-02
-5.088667036821803435e-02
-6.107388731634344481e-02
-5.852708307931209220e-02
-5.343347460524938697e-02
-5.343347460524938697e-02
-4.579306189415532913e-02
-4.833986613118668174e-02
-5.343347460524938697e-02
-6.107388731634344481e-02
-5.852708307931209220e-02
-5.343347460524938697e-02
-5.343347460524938697e-02
-4.579306189415532913e-02
-4.579306189415532913e-02
-5.343347460524938697e-02
-6.107388731634344481e-02
-6.107388731634344481e-02
-6.107388731634344481e-02
-5.088667036821803435e-02
-4.833986613118668174e-02
-4.579306189415532913e-02
-5.343347460524938697e-02
-5.343347460524938697e-02
-5.852708307931209220e-02
-5.088667036821803435e-02
-5.343347460524938697e-02
-5.088667036821803435e-02
-4.833986613118668174e-02
-4.579306189415532913e-02
-5.343347460524938697e-02
-5.343347460524938697e-02
-5.852708307931209220e-02
-5.343347460524938697e-02
-5.343347460524938697e-02
-4.833986613118668174e-02
-4.579306189415532913e-02
-5.343347460524938697e-02
-5.343347460524938697e-02
-5.852708307931209220e-02
-5.343347460524938697e-02
-5.343347460524938697e-02
-5.088667036821803435e-02
-4.833986613118668174e-02
-5.088667036821803435e-02
-5.852708307931209220e-02
-6.107388731634344481e-02
-5.343347460524938697e-02
-4.579306189415532913e-02
-5.088667036821803435e-02
-5.343347460524938697e-02
-5.088667036821803435e-02
-6.107388731634344481e-02
-6.107388731634344481e-02
-5.343347460524938697e-02
-4.833986613118668174e-02
-4.833986613118668174e-02
-5.088667036821803435e-02
-5.343347460524938697e-02
-5.852708307931209220e-02
-6.107388731634344481e-02
-5.088667036821803435e-02
-5.088667036821803435e-02
-4.579306189415532913e-02
-5.088667036821803435e-02
-5.088667036821803435e-02
-6.107388731634344481e-02
-5.852708307931209220e-02
-5.343347460524938697e-02
-5.088667036821803435e-02
-4.579306189415532913e-02
-5.088667036821803435e-02
-5.343347460524938697e-02
-5.343347460524938697e-02
-5.852708307931209220e-02
-5.852708307931209220e-02
-5.088667036821803435e-02
-4.579306189415532913e-02
-4.579306189415532913e-02
-4.833986613118668174e-02
-5.343347460524938697e-02
-5.343347460524938697e-02
-5.852708307931209220e-02
-5.852708307931209220e-02
-5.343347460524938697e-02
-4.833986613118668174e-02
-4.579306189415532913e-02
-5.088667036821803435e-02
-5.343347460524938697e-02
-6.107388731634344481e-02
-5.852708307931209220e-02
-5.343347460524938697e-02
-4.579306189415532913e-02
-4.833986613118668174e-02
-5.343347460524938697e-02
-5.343347460524938697e-02
-6.107388731634344481e-02
-5.852708307931209220e-02
-5.343347460524938697e-02
-5.343347460524938697e-02
-4.833986613118668174e-02
-5.343347460524938697e-02
-5.343347460524938697e-02
-5.852708307931209220e-02
-5.852708307931209220e-02
-5.088667036821803435e-02
-5.343347460524938697e-02
-4.579306189415532913e-02
-5.088667036821803435e-02
-5.343347460524938697e-02
-5.852708307931209220e-02
-5.088667036821803435e-02
-5.343347460524938697e-02
-4.579306189415532913e-02
-4.833986613118668174e-02
-5.343347460524938697e-02
-5.343347460524938697e-02
-5.852708307931209220e-02
-5.852708307931209220e-02
-5.852708307931209220e-02
-5.343347460524938697e-02
-4.579306189415532913e-02
-4.579306189415532913e-02
-5.343347460524938697e-02
-5.343347460524938697e-02
-5.852708307931209220e-02
-5.088667036821803435e-02
-4.579306189415532913e-02
-4.833986613118668174e-02
-5.088667036821803435e-02
-5.343347460524938697e-02
-6.107388731634344481e-02
-6.107388731634344481e-02
-5.088667036821803435e-02
-5.088667036821803435e-02
-5.088667036821803435e-02
-4.833986613118668174e-02
-5.088667036821803435e-02
-5.088667036821803435e-02
-5.852708307931209220e-02
-6.107388731634344481e-02
-5.343347460524938697e-02
-5.088667036821803435e-02
-4.579306189415532913e-02
-4.833986613118668174e-02
-5.343347460524938697e-02
-5.598027884228073958e-02
-5.852708307931209220e-02
-5.598027884228073958e-02
-5.343347460524938697e-02
-4.833986613118668174e-02
-4.833986613118668174e-02
-5.343347460524938697e-02
-5.852708307931209220e-02
-5.852708307931209220e-02
-5.088667036821803435e-02
-5.343347460524938697e-02
-4.833986613118668174e-02
-5.088667036821803435e-02
-5.343347460524938697e-02
-5.088667036821803435e-02
-6.107388731634344481e-02
-5.343347460524938697e-02
-4.833986613118668174e-02
-4.833986613118668174e-02
-5.343347460524938697e-02
-5.343347460524938697e-02
-5.852708307931209220e-02
-5.343347460524938697e-02
-5.343347460524938697e-02
-4.833986613118668174e-02
-4.579306189415532913e-02
-5.088667036821803435e-02
-5.343347460524938697e-02
-6.107388731634344481e-02
-6.107388731634344481e-02
-5.343347460524938697e-02
-4.833986613118668174e-02
-4.833986613118668174e-02
-5.343347460524938697e-02
-5.343347460524938697e-02
-6.107388731634344481e-02
-5.088667036821803435e-02
-5.343347460524938697e-02
-4.579306189415532913e-02
-4.833986613118668174e-02
-5.088667036821803435e-02
-5.343347460524938697e-02
-5.088667036821803435e-02
-6.107388731634344481e-02
-5.343347460524938697e-02
-5.343347460524938697e-02
-4.833986613118668174e-02
-4.579306189415532913e-02
-5.343347460524938697e-02
-5.343347460524938697e-02
-6.107388731634344481e-02
-5.343347460524938697e-02
-5.343347460524938697e-02
-4.833986613118668174e-02
-4.833986613118668174e-02
-5.088667036821803435e-02
-5.343347460524938697e-02
-6.107388731634344481e-02
-5.343347460524938697e-02
-5.343347460524938697e-02
-4.833986613118668174e-02
-4.579306189415532913e-02
-5.343347460524938697e-02
-5.088667036821803435e-02
-5.852708307931209220e-02
-5.343347460524938697e-02
-5.343347460524938697e-02
-4.579306189415532913e-02
-4.579306189415532913e-02
-5.343347460524938697e-02
-5.852708307931209220e-02
-6.107388731634344481e-02
-5.088667036821803435e-02
-5.598027884228073958e-02
-4.579306189415532913e-02
-5.343347460524938697e-02
-5.088667036821803435e-02
-6.107388731634344481e-02
-5.852708307931209220e-02
-5.343347460524938697e-02
-5.088667036821803435e-02
-4.579306189415532913e-02
-4.833986613118668174e-02
-5.088667036821803435e-02
-5.343347460524938697e-02
-6.362069155337479742e-02
-5.343347460524938697e-02
-5.088667036821803435e-02
-4.579306189415532913e-02
-4.833986613118668174e-02
-5.088667036821803435e-02
-5.343347460524938697e-02
-5.852708307931209220e-02
-6.107388731634344481e-02
-5.088667036821803435e-02
-5.088667036821803435e-02
-4.833986613118668174e-02
-4.579306189415532913e-02
-5.343347460524938697e-02
-5.088667036821803435e-02
-6.107388731634344481e-02
-5.343347460524938697e-02
-5.343347460524938697e-02
-4.833986613118668174e-02
-4.579306189415532913e-02
-5.343347460524938697e-02
-5.088667036821803435e-02
-5.852708307931209220e-02
-6.107388731634344481e-02
-5.343347460524938697e-02
-5.343347460524938697e-02
-4.833986613118668174e-02
-5.343347460524938697e-02
-5.343347460524938697e-02
-6.107388731634344481e-02
-5.088667036821803435e-02
-5.343347460524938697e-02
-4.833986613118668174e-02
-4.833986613118668174e-02
-5.088667036821803435e-02
-5.343347460524938697e-02
-6.107388731634344481e-02
-5.088667036821803435e-02
-5.343347460524938697e-02
-4.833986613118668174e-02
-4.833986613118668174e-02
-5.343347460524938697e-02
-5.343347460524938697e-02
-5.852708307931209220e-02
-5.852708307931209220e-02
-5.343347460524938697e-02
-4.833986613118668174e-02
-4.579306189415532913e-02
-5.343347460524938697e-02
-5.343347460524938697e-02
-6.107388731634344481e-02
-6.107388731634344481e-02
-4.579306189415532913e-02
-5.088667036821803435e-02
-4.579306189415532913e-02
-5.343347460524938697e-02
-5.343347460524938697e-02
-6.107388731634344481e-02
-5.852708307931209220e-02
-5.343347460524938697e-02
-4.579306189415532913e-02
-4.833986613118668174e-02
-4.579306189415532913e-02
-5.343347460524938697e-02
-5.343347460524938697e-02
-6.107388731634344481e-02
-6.107388731634344481e-02
-5.343347460524938697e-02
-4.833986613118668174e-02
-4.579306189415532913e-02
-5.343347460524938697e-02
-5.598027884228073958e-02
-6.107388731634344481e-02
-5.343347460524938697e-02
-5.343347460524938697e-02
-4.579306189415532913e-02
-4.579306189415532913e-02
-5.343347460524938697e-02
-5.852708307931209220e-02
-5.852708307931209220e-02
-5.343347460524938697e-02
-5.088667036821803435e-02
-5.088667036821803435e-02
-4.833986613118668174e-02
-5.343347460524938697e-02
-5.852708307931209220e-02
-5.852708307931209220e-02
-5.343347460524938697e-02
-5.343347460524938697e-02
-4.833986613118668174e-02
-5.088667036821803435e-02
-5.343347460524938697e-02
-5.343347460524938697e-02
-6.107388731634344481e-02
-6.107388731634344481e-02
-5.343347460524938697e-02
-5.088667036821803435e-02
-4.833986613118668174e-02
-5.088667036821803435e-02
-5.343347460524938697e-02
-6.107388731634344481e-02
-5.852708307931209220e-02
-5.343347460524938697e-02
-5.598027884228073958e-02
-4.833986613118668174e-02
-4.833986613118668174e-02
-5.343347460524938697e-02
-5.088667036821803435e-02
-5.343347460524938697e-02
-5.598027884228073958e-02
-5.343347460524938697e-02
-4.579306189415532913e-02
-5.598027884228073958e-02
-5.088667036821803435e-02
-6.107388731634344481e-02
-5.852708307931209220e-02
-5.088667036821803435e-02
-4.579306189415532913e-02
-4.833986613118668174e-02
-5.343347460524938697e-02
-5.343347460524938697e-02
-6.107388731634344481e-02
-6.107388731634344481e-02
-5.343347460524938697e-02
-5.343347460524938697e-02
-4.579306189415532913e-02
-4.833986613118668174e-02
-5.343347460524938697e-02
-5.088667036821803435e-02
-6.107388731634344481e-02
-5.343347460524938697e-02
-5.343347460524938697e-02
-4.579306189415532913e-02
-4.833986613118668174e-02
-5.088667036821803435e-02
-5.598027884228073958e-02
-5.343347460524938697e-02
-5.852708307931209220e-02
-5.343347460524938697e-02
-5.343347460524938697e-02
-5.088667036821803435e-02
-5.088667036821803435e-02
-5.343347460524938697e-02
-5.852708307931209220e-02
-6.107388731634344481e-02
-5.088667036821803435e-02
-5.343347460524938697e-02
-4.324625765712397651e-02
-5.343347460524938697e-02
-5.343347460524938697e-02
-5.343347460524938697e-02
-5.343347460524938697e-02
-6.107388731634344481e-02
-5.343347460524938697e-02
-5.343347460524938697e-02
-4.579306189415532913e-02
-5.088667036821803435e-02
-5.343347460524938697e-02
-5.343347460524938697e-02
-5.852708307931209220e-02
-5.852708307931209220e-02
-5.343347460524938697e-02
-5.343347460524938697e-02
-4.833986613118668174e-02
-4.833986613118668174e-02
-5.598027884228073958e-02
-5.852708307931209220e-02
-5.852708307931209220e-02
-5.598027884228073958e-02
-5.343347460524938697e-02
-4.833986613118668174e-02
-4.833986613118668174e-02
-5.088667036821803435e-02
-5.343347460524938697e-02
-6.107388731634344481e-02
-5.343347460524938697e-02
-4.833986613118668174e-02
-5.088667036821803435e-02
-5.088667036821803435e-02
-5.343347460524938697e-02
-5.852708307931209220e-02
-5.852708307931209220e-02
-5.343347460524938697e-02
-5.343347460524938697e-02
-4.579306189415532913e-02
-4.833986613118668174e-02
-5.343347460524938697e-02
-5.852708307931209220e-02
-5.852708307931209220e-02
-5.088667036821803435e-02
-5.598027884228073958e-02
-4.833986613118668174e-02
-4.833986613118668174e-02
-5.343347460524938697e-02
-5.852708307931209220e-02
-6.107388731634344481e-02
-5.343347460524938697e-02
-5.343347460524938697e-02
-4.833986613118668174e-02
-4.579306189415532913e-02
-5.088667036821803435e-02
-5.343347460524938697e-02
-6.107388731634344481e-02
-5.852708307931209220e-02
-5.343347460524938697e-02
-4.833986613118668174e-02
-4.579306189415532913e-02
-5.343347460524938697e-02
-5.343347460524938697e-02
-5.852708307931209220e-02
-5.088667036821803435e-02
-5.598027884228073958e-02
-5.343347460524938697e-02
-4.579306189415532913e-02
-5.343347460524938697e-02
-5.343347460524938697e-02
-5.852708307931209220e-02
-5.852708307931209220e-02
-5.343347460524938697e-02
-4.833986613118668174e-02
-4.833986613118668174e-02
-5.343347460524938697e-02
-5.343347460524938697e-02
-5.343347460524938697e-02
-5.852708307931209220e-02
-5.088667036821803435e-02
-5.343347460524938697e-02
-4.833986613118668174e-02
-4.833986613118668174e-02
-5.343347460524938697e-02
-5.343347460524938697e-02
-6.107388731634344481e-02
-6.107388731634344481e-02
-5.598027884228073958e-02
-4.833986613118668174e-02
-5.088667036821803435e-02
-4.833986613118668174e-02
-5.343347460524938697e-02
-5.852708307931209220e-02
-6.107388731634344481e-02
-6.107388731634344481e-02
-5.343347460524938697e-02
-5.343347460524938697e-02
-4.833986613118668174e-02
-5.343347460524938697e-02
-5.343347460524938697e-02
-6.107388731634344481e-02
-5.852708307931209220e-02
-5.343347460524938697e-02
-5.088667036821803435e-02
-4.833986613118668174e-02
-4.833986613118668174e-02
-5.343347460524938697e-02
-5.088667036821803435e-02
-5.852708307931209220e-02
-6.107388731634344481e-02
-5.088667036821803435e-02
-5.088667036821803435e-02
-4.833986613118668174e-02
-5.088667036821803435e-02
-5.088667036821803435e-02
-6.107388731634344481e-02
-5.852708307931209220e-02
-5.343347460524938697e-02
-5.343347460524938697e-02
-4.833986613118668174e-02
-4.833986613118668174e-02
-5.598027884228073958e-02
-5.343347460524938697e-02
-5.598027884228073958e-02
-5.343347460524938697e-02
-5.343347460524938697e-02
-4.579306189415532913e-02
-4.579306189415532913e-02
-5.343347460524938697e-02
-5.343347460524938697e-02
-5.852708307931209220e-02
-5.852708307931209220e-02
-5.343347460524938697e-02
-4.579306189415532913e-02
-4.579306189415532913e-02
-5.598027884228073958e-02
-5.598027884228073958e-02
-5.852708307931209220e-02
-5.343347460524938697e-02
-5.343347460524938697e-02
-4.579306189415532913e-02
-4.833986613118668174e-02
-5.343347460524938697e-02
-5.088667036821803435e-02
-6.107388731634344481e-02
-5.598027884228073958e-02
-5.343347460524938697e-02
-4.833986613118668174e-02
-4.833986613118668174e-02
-5.343347460524938697e-02
-5.598027884228073958e-02
-6.107388731634344481e-02
-5.852708307931209220e-02
-5.598027884228073958e-02
-4.833986613118668174e-02
-4.579306189415532913e-02
-5.343347460524938697e-02
-5.852708307931209220e-02
-5.852708307931209220e-02
-6.107388731634344481e-02
-5.343347460524938697e-02
-5.343347460524938697e-02
-5.343347460524938697e-02
-4.833986613118668174e-02
-4.833986613118668174e-02
-5.343347460524938697e-02
-6.107388731634344481e-02
-6.107388731634344481e-02
-5.343347460524938697e-02
-5.088667036821803435e-02
-4.833986613118668174e-02
-5.088667036821803435e-02
-5.343347460524938697e-02
-5.343347460524938697e-02
-5.852708307931209220e-02
-5.852708307931209220e-02
-5.343347460524938697e-02
-5.343347460524938697e-02
-5.088667036821803435e-02
-5.088667036821803435e-02
-5.852708307931209220e-02
-5.852708307931209220e-02
-5.852708307931209220e-02
-5.088667036821803435e-02
-4.833986613118668174e-02
-4.579306189415532913e-02
-5.343347460524938697e-02
-5.343347460524938697e-02
-5.343347460524938697e-02
-5.852708307931209220e-02
-5.852708307931209220e-02
-5.088667036821803435e-02
-4.579306189415532913e-02
-4.833986613118668174e-02
-5.343347460524938697e-02
-5.343347460524938697e-02
-5.852708307931209220e-02
-5.852708307931209220e-02
-5.343347460524938697e-02
-5.343347460524938697e-02
-4.833986613118668174e-02
-4.833986613118668174e-02
-5.343347460524938697e-02
-5.343347460524938697e-02
-5.088667036821803435e-02
-5.088667036821803435e-02
-5.088667036821803435e-02
-4.833986613118668174e-02
-5.343347460524938697e-02
-5.343347460524938697e-02
-6.107388731634344481e-02
-5.088667036821803435e-02
-6.107388731634344481e-02
-5.598027884228073958e-02
-5.343347460524938697e-02
-4.579306189415532913e-02
-4.833986613118668174e-02
-5.088667036821803435e-02
-5.852708307931209220e-02
-6.107388731634344481e-02
-5.343347460524938697e-02
-5.343347460524938697e-02
-4.833986613118668174e-02
-5.343347460524938697e-02
-5.343347460524938697e-02
-5.852708307931209220e-02
-5.852708307931209220e-02
-6.107388731634344481e-02
-5.343347460524938697e-02
-5.343347460524938697e-02
-4.833986613118668174e-02
-4.833986613118668174e-02
-5.088667036821803435e-02
-5.852708307931209220e-02
-5.852708307931209220e-02
-5.088667036821803435e-02
-5.343347460524938697e-02
-4.833986613118668174e-02
-4.833986613118668174e-02
-5.343347460524938697e-02
-5.088667036821803435e-02
-6.107388731634344481e-02
-5.343347460524938697e-02
-5.343347460524938697e-02
-4.833986613118668174e-02
-4.833986613118668174e-02
-5.343347460524938697e-02
-5.343347460524938697e-02
-6.107388731634344481e-02
-6.107388731634344481e-02
-5.088667036821803435e-02
-4.579306189415532913e-02
-4.833986613118668174e-02
-5.598027884228073958e-02
-5.343347460524938697e-02
-5.852708307931209220e-02
-5.343347460524938697e-02
-5.343347460524938697e-02
-4.579306189415532913e-02
-4.833986613118668174e-02
-5.598027884228073958e-02
-5.343347460524938697e-02
-6.107388731634344481e-02
-5.852708307931209220e-02
-5.343347460524938697e-02
-5.343347460524938697e-02
-4.833986613118668174e-02
-4.579306189415532913e-02
-5.343347460524938697e-02
-5.088667036821803435e-02
-6.107388731634344481e-02
-5.852708307931209220e-02
-5.343347460524938697e-02
-4.833986613118668174e-02
-4.579306189415532913e-02
-5.088667036821803435e-02
-5.088667036821803435e-02
-5.852708307931209220e-02
-6.107388731634344481e-02
-5.343347460524938697e-02
-5.343347460524938697e-02
-4.833986613118668174e-02
-5.343347460524938697e-02
-5.343347460524938697e-02
-5.852708307931209220e-02
-5.852708307931209220e-02
-5.343347460524938697e-02
-5.343347460524938697e-02
-4.579306189415532913e-02
-4.833986613118668174e-02
-5.343347460524938697e-02
-6.107388731634344481e-02
-6.107388731634344481e-02
-5.343347460524938697e-02
-5.343347460524938697e-02
-4.833986613118668174e-02
-4.833986613118668174e-02
-5.088667036821803435e-02
-6.107388731634344481e-02
-5.852708307931209220e-02
-5.343347460524938697e-02
-5.343347460524938697e-02
-4.833986613118668174e-02
-4.833986613118668174e-02
-5.343347460524938697e-02
-5.852708307931209220e-02
-5.852708307931209220e-02
-5.343347460524938697e-02
-4.833986613118668174e-02
-4.579306189415532913e-02
-5.343347460524938697e-02
-5.343347460524938697e-02
-5.852708307931209220e-02
-5.088667036821803435e-02
-5.343347460524938697e-02
-4.833986613118668174e-02
-4.833986613118668174e-02
-5.343347460524938697e-02
-5.343347460524938697e-02
-5.598027884228073958e-02
-5.343347460524938697e-02
-5.343347460524938697e-02
-4.833986613118668174e-02
-5.088667036821803435e-02
-5.343347460524938697e-02
-5.343347460524938697e-02
-5.852708307931209220e-02
-6.107388731634344481e-02
-5.343347460524938697e-02
-4.833986613118668174e-02
-4.833986613118668174e-02
-5.343347460524938697e-02
-5.343347460524938697e-02
-6.107388731634344481e-02
-6.107388731634344481e-02
-5.343347460524938697e-02
-4.833986613118668174e-02
-4.833986613118668174e-02
-5.343347460524938697e-02
-5.343347460524938697e-02
-6.107388731634344481e-02
-5.598027884228073958e-02
-5.088667036821803435e-02
-4.579306189415532913e-02
-4.579306189415532913e-02
-5.343347460524938697e-02
-5.343347460524938697e-02
-6.107388731634344481e-02
-5.852708307931209220e-02
-5.343347460524938697e-02
-5.343347460524938697e-02
-4.833986613118668174e-02
-4.833986613118668174e-02
-5.088667036821803435e-02
-5.343347460524938697e-02
-5.852708307931209220e-02
-5.343347460524938697e-02
-5.343347460524938697e-02
-5.088667036821803435e-02
-4.833986613118668174e-02
-4.579306189415532913e-02
-5.343347460524938697e-02
-5.852708307931209220e-02
-6.107388731634344481e-02
-5.088667036821803435e-02
-5.088667036821803435e-02
-4.833986613118668174e-02
-4.833986613118668174e-02
-5.343347460524938697e-02
-5.343347460524938697e-02
-5.852708307931209220e-02
-5.088667036821803435e-02
-5.343347460524938697e-02
-4.579306189415532913e-02
-5.343347460524938697e-02
-5.343347460524938697e-02
-6.107388731634344481e-02
-6.107388731634344481e-02
-5.852708307931209220e-02
-5.343347460524938697e-02
-5.343347460524938697e-02
-4.833986613118668174e-02
-5.088667036821803435e-02
-5.343347460524938697e-02
-6.107388731634344481e-02
-5.852708307931209220e-02
-5.598027884228073958e-02
-5.088667036821803435e-02
-4.833986613118668174e-02
-4.833986613118668174e-02
-5.343347460524938697e-02
-5.852708307931209220e-02
-5.852708307931209220e-02
-5.343347460524938697e-02
-5.343347460524938697e-02
-4.579306189415532913e-02
-4.833986613118668174e-02
-5.343347460524938697e-02
-5.088667036821803435e-02
-5.852708307931209220e-02
-5.343347460524938697e-02
-5.088667036821803435e-02
-4.579306189415532913e-02
-4.833986613118668174e-02
-5.088667036821803435e-02
-5.343347460524938697e-02
-5.852708307931209220e-02
-6.107388731634344481e-02
-5.343347460524938697e-02
-5.343347460524938697e-02
-4.579306189415532913e-02
-5.598027884228073958e-02
-5.343347460524938697e-02
-5.852708307931209220e-02
-5.852708307931209220e-02
-5.343347460524938697e-02
-5.343347460524938697e-02
-4.833986613118668174e-02
-5.343347460524938697e-02
-5.088667036821803435e-02
-6.107388731634344481e-02
-6.107388731634344481e-02
-5.343347460524938697e-02
-5.088667036821803435e-02
-4.833986613118668174e-02
-4.833986613118668174e-02
-5.343347460524938697e-02
-5.598027884228073958e-02
-6.107388731634344481e-02
-5.088667036821803435e-02
-5.598027884228073958e-02
-4.579306189415532913e-02
-4.579306189415532913e-02
-4.579306189415532913e-02
-5.343347460524938697e-02
-5.852708307931209220e-02
-6.107388731634344481e-02
-5.343347460524938697e-02
-5.343347460524938697e-02
-4.579306189415532913e-02
-4.833986613118668174e-02
-5.343347460524938697e-02
-5.343347460524938697e-02
-6.107388731634344481e-02
-5.852708307931209220e-02
-5.343347460524938697e-02
-5.088667036821803435e-02
-4.579306189415532913e-02
-5.343347460524938697e-02
-5.343347460524938697e-02
-6.362069155337479742e-02
-6.107388731634344481e-02
-5.343347460524938697e-02
-5.343347460524938697e-02
-4.833986613118668174e-02
-4.833986613118668174e-02
-5.343347460524938697e-02
-5.088667036821803435e-02
-6.107388731634344481e-02
-5.852708307931209220e-02
-5.343347460524938697e-02
-4.833986613118668174e-02
-4.833986613118668174e-02
-5.343347460524938697e-02
-6.107388731634344481e-02
-5.852708307931209220e-02
-5.852708307931209220e-02
-5.343347460524938697e-02
-5.343347460524938697e-02
-4.833986613118668174e-02
-4.833986613118668174e-02
-5.088667036821803435e-02
-5.852708307931209220e-02
-6.107388731634344481e-02
-5.088667036821803435e-02
-5.343347460524938697e-02
-4.579306189415532913e-02
-4.833986613118668174e-02
-6.107388731634344481e-02
-5.852708307931209220e-02
-5.852708307931209220e-02
-5.343347460524938697e-02
-5.343347460524938697e-02
-4.579306189415532913e-02
-5.088667036821803435e-02
-5.343347460524938697e-02
-5.343347460524938697e-02
-5.852708307931209220e-02
-5.343347460524938697e-02
-5.343347460524938697e-02
-4.579306189415532913e-02
-5.343347460524938697e-02
-5.343347460524938697e-02
-6.107388731634344481e-02
-5.852708307931209220e-02
-6.107388731634344481e-02
-5.343347460524938697e-02
-5.088667036821803435e-02
-4.579306189415532913e-02
-5.088667036821803435e-02
-5.088667036821803435e-02
-6.107388731634344481e-02
-5.343347460524938697e-02
-5.088667036821803435e-02
-5.343347460524938697e-02
-4.579306189415532913e-02
-4.833986613118668174e-02
-5.343347460524938697e-02
-5.088667036821803435e-02
-6.107388731634344481e-02
-5.343347460524938697e-02
-4.579306189415532913e-02
-4.833986613118668174e-02
-4.579306189415532913e-02
-5.088667036821803435e-02
-5.852708307931209220e-02
-6.107388731634344481e-02
-5.598027884228073958e-02
-4.579306189415532913e-02
-4.579306189415532913e-02
-5.088667036821803435e-02
-5.343347460524938697e-02
-5.852708307931209220e-02
-5.852708307931209220e-02
-5.598027884228073958e-02
-5.343347460524938697e-02
-4.833986613118668174e-02
-4.833986613118668174e-02
-5.088667036821803435e-02
-6.107388731634344481e-02
-6.107388731634344481e-02
-5.598027884228073958e-02
-5.088667036821803435e-02
-4.579306189415532913e-02
-4.833986613118668174e-02
-5.343347460524938697e-02
-5.852708307931209220e-02
-5.852708307931209220e-02
-5.343347460524938697e-02
-5.343347460524938697e-02
-4.833986613118668174e-02
-5.343347460524938697e-02
-5.088667036821803435e-02
-6.107388731634344481e-02
-5.598027884228073958e-02
-6.107388731634344481e-02
-5.088667036821803435e-02
-4.833986613118668174e-02
-4.579306189415532913e-02
-5.343347460524938697e-02
-5.852708307931209220e-02
-5.852708307931209220e-02
-5.088667036821803435e-02
-5.088667036821803435e-02
-4.579306189415532913e-02
-4.579306189415532913e-02
-5.343347460524938697e-02
-5.088667036821803435e-02
-6.107388731634344481e-02
-5.343347460524938697e-02
-5.343347460524938697e-02
-5.343347460524938697e-02
-4.833986613118668174e-02
-4.833986613118668174e-02
-5.343347460524938697e-02
-5.343347460524938697e-02
-6.107388731634344481e-02
-5.343347460524938697e-02
-5.343347460524938697e-02
-4.833986613118668174e-02
-5.088667036821803435e-02
-5.343347460524938697e-02
-6.107388731634344481e-02
-6.107388731634344481e-02
-5.088667036821803435e-02
-4.833986613118668174e-02
-4.579306189415532913e-02
-4.833986613118668174e-02
-5.343347460524938697e-02
-5.088667036821803435e-02
-5.852708307931209220e-02
-5.343347460524938697e-02
-5.088667036821803435e-02
-4.833986613118668174e-02
-4.833986613118668174e-02
-5.343347460524938697e-02
-5.343347460524938697e-02
-5.852708307931209220e-02
-5.343347460524938697e-02
-5.343347460524938697e-02
-4.833986613118668174e-02
-5.598027884228073958e-02
-5.343347460524938697e-02
-5.852708307931209220e-02
-5.852708307931209220e-02
-5.088667036821803435e-02
-5.088667036821803435e-02
-4.833986613118668174e-02
-5.088667036821803435e-02
-5.343347460524938697e-02
-6.107388731634344481e-02
-5.852708307931209220e-02
-5.088667036821803435e-02
-5.088667036821803435e-02
-4.833986613118668174e-02
-4.579306189415532913e-02
-5.088667036821803435e-02
-5.343347460524938697e-02
-6.107388731634344481e-02
-6.107388731634344481e-02
-5.343347460524938697e-02
-4.579306189415532913e-02
-4.579306189415532913e-02
-5.343347460524938697e-02
-5.343347460524938697e-02
-6.107388731634344481e-02
-6.107388731634344481e-02
-5.343347460524938697e-02
-4.579306189415532913e-02
-5.088667036821803435e-02
-5.088667036821803435e-02
-5.088667036821803435e-02
-6.107388731634344481e-02
-5.852708307931209220e-02
-5.343347460524938697e-02
-5.343347460524938697e-02
-4.579306189415532913e-02
-4.579306189415532913e-02
-5.088667036821803435e-02
-5.088667036821803435e-02
-5.598027884228073958e-02
-5.852708307931209220e-02
-5.088667036821803435e-02
-4.833986613118668174e-02
-4.833986613118668174e-02
-5.088667036821803435e-02
-5.088667036821803435e-02
-5.852708307931209220e-02
-5.852708307931209220e-02
-5.343347460524938697e-02
-5.598027884228073958e-02
-5.343347460524938697e-02
-5.343347460524938697e-02
-6.107388731634344481e-02
-5.852708307931209220e-02
-5.088667036821803435e-02
-5.088667036821803435e-02
-4.579306189415532913e-02
-4.833986613118668174e-02
-5.343347460524938697e-02
-5.088667036821803435e-02
-5.852708307931209220e-02
-6.107388731634344481e-02
-5.343347460524938697e-02
-5.343347460524938697e-02
-4.579306189415532913e-02
-4.833986613118668174e-02
-5.343347460524938697e-02
-5.598027884228073958e-02
-6.107388731634344481e-02
-5.343347460524938697e-02
-5.343347460524938697e-02
-4.579306189415532913e-02
-4.579306189415532913e-02
-5.343347460524938697e-02
-6.107388731634344481e-02
-5.852708307931209220e-02
-5.088667036821803435e-02
-5.343347460524938697e-02
-4.579306189415532913e-02
-5.343347460524938697e-02
-5.343347460524938697e-02
-5.852708307931209220e-02
-5.852708307931209220e-02
-5.852708307931209220e-02
-5.343347460524938697e-02
-5.343347460524938697e-02
-4.833986613118668174e-02
-5.088667036821803435e-02
-5.343347460524938697e-02
-5.852708307931209220e-02
-6.107388731634344481e-02
-5.088667036821803435e-02
-4.833986613118668174e-02
-4.579306189415532913e-02
-5.343347460524938697e-02
-5.088667036821803435e-02
-5.852708307931209220e-02
-5.852708307931209220e-02
-5.343347460524938697e-02
-5.088667036821803435e-02
-4.833986613118668174e-02
-5.343347460524938697e-02
-5.088667036821803435e-02
-5.088667036821803435e-02
-6.107388731634344481e-02
-5.598027884228073958e-02
-5.343347460524938697e-02
-4.833986613118668174e-02
-5.088667036821803435e-02
-5.343347460524938697e-02
-5.852708307931209220e-02
-5.852708307931209220e-02
-6.107388731634344481e-02
-5.343347460524938697e-02
-4.833986613118668174e-02
-4.579306189415532913e-02
-5.088667036821803435e-02
-5.343347460524938697e-02
-6.107388731634344481e-02
-5.343347460524938697e-02
-5.343347460524938697e-02
-5.088667036821803435e-02
-4.579306189415532913e-02
-4.579306189415532913e-02
-5.343347460524938697e-02
-5.343347460524938697e-02
-5.852708307931209220e-02
-5.852708307931209220e-02
-5.088667036821803435e-02
-5.343347460524938697e-02
-4.579306189415532913e-02
-5.343347460524938697e-02
-5.343347460524938697e-02
-5.852708307931209220e-02
-5.852708307931209220e-02
-5.343347460524938697e-02
-5.088667036821803435e-02
-4.833986613118668174e-02
-4.833986613118668174e-02
-5.343347460524938697e-02
-5.088667036821803435e-02
-5.852708307931209220e-02
-5.088667036821803435e-02
-5.088667036821803435e-02
-4.833986613118668174e-02
-5.088667036821803435e-02
-5.343347460524938697e-02
-5.852708307931209220e-02
-5.088667036821803435e-02
-5.088667036821803435e-02
-4.579306189415532913e-02
-4.579306189415532913e-02
-4.833986613118668174e-02
-5.343347460524938697e-02
-5.852708307931209220e-02
-6.107388731634344481e-02
-5.343347460524938697e-02
-5.343347460524938697e-02
-4.579306189415532913e-02
-5.343347460524938697e-02
-5.343347460524938697e-02
-6.107388731634344481e-02
-5.852708307931209220e-02
-5.343347460524938697e-02
-5.343347460524938697e-02
-4.579306189415532913e-02
-4.833986613118668174e-02
-5.343347460524938697e-02
-5.343347460524938697e-02
-5.852708307931209220e-02
-5.343347460524938697e-02
-5.088667036821803435e-02
-4.833986613118668174e-02
-4.833986613118668174e-02
-5.088667036821803435e-02
-5.598027884228073958e-02
-5.852708307931209220e-02
-5.852708307931209220e-02
-5.343347460524938697e-02
-5.343347460524938697e-02
-4.579306189415532913e-02
-5.343347460524938697e-02
-5.343347460524938697e-02
-5.598027884228073958e-02
-5.852708307931209220e-02
-5.343347460524938697e-02
-4.579306189415532913e-02
-4.833986613118668174e-02
-5.598027884228073958e-02
-5.852708307931209220e-02
-5.852708307931209220e-02
-5.088667036821803435e-02
-5.343347460524938697e-02
-4.833986613118668174e-02
-4.579306189415532913e-02
-5.343347460524938697e-02
-5.852708307931209220e-02
-6.107388731634344481e-02
-5.343347460524938697e-02
-5.088667036821803435e-02
-4.833986613118668174e-02
-5.343347460524938697e-02
-5.343347460524938697e-02
-5.343347460524938697e-02
-5.852708307931209220e-02
-5.852708307931209220e-02
-5.088667036821803435e-02
-5.598027884228073958e-02
-4.579306189415532913e-02
-4.833986613118668174e-02
-5.343347460524938697e-02
-5.343347460524938697e-02
-5.852708307931209220e-02
-5.852708307931209220e-02
-5.088667036821803435e-02
-5.343347460524938697e-02
-4.833986613118668174e-02
-5.088667036821803435e-02
-5.088667036821803435e-02
-5.852708307931209220e-02
-5.852708307931209220e-02
-5.088667036821803435e-02
-5.598027884228073958e-02
-4.833986613118668174e-02
-5.088667036821803435e-02
-5.852708307931209220e-02
-6.107388731634344481e-02
-5.598027884228073958e-02
-5.343347460524938697e-02
-4.833986613118668174e-02
-4.579306189415532913e-02
-5.343347460524938697e-02
-6.107388731634344481e-02
-5.852708307931209220e-02
-5.852708307931209220e-02
-5.343347460524938697e-02
-5.343347460524938697e-02
-4.579306189415532913e-02
-5.088667036821803435e-02
-5.343347460524938697e-02
-5.852708307931209220e-02
-5.852708307931209220e-02
-5.343347460524938697e-02
-4.833986613118668174e-02
-4.579306189415532913e-02
-5.343347460524938697e-02
-5.598027884228073958e-02
-6.107388731634344481e-02
-5.088667036821803435e-02
-5.088667036821803435e-02
-5.088667036821803435e-02
-4.579306189415532913e-02
-5.088667036821803435e-02
-5.852708307931209220e-02
-5.852708307931209220e-02
-5.852708307931209220e-02
-5.088667036821803435e-02
-4.833986613118668174e-02
-4.579306189415532913e-02
-5.343347460524938697e-02
-5.852708307931209220e-02
-5.852708307931209220e-02
-5.852708307931209220e-02
-5.343347460524938697e-02
-5.088667036821803435e-02
-4.579306189415532913e-02
-5.343347460524938697e-02
-5.343347460524938697e-02
-5.343347460524938697e-02
-5.598027884228073958e-02
-5.088667036821803435e-02
-5.088667036821803435e-02
-4.833986613118668174e-02
-4.579306189415532913e-02
-5.343347460524938697e-02
-5.852708307931209220e-02
-5.598027884228073958e-02
-5.343347460524938697e-02
-5.088667036821803435e-02
-4.833986613118668174e-02
-4.833986613118668174e-02
-5.088667036821803435e-02
-6.107388731634344481e-02
-5.852708307931209220e-02
-5.852708307931209220e-02
-5.343347460524938697e-02
-4.833986613118668174e-02
-4.833986613118668174e-02
-5.343347460524938697e-02
-5.343347460524938697e-02
-5.852708307931209220e-02
-6.107388731634344481e-02
-5.343347460524938697e-02
-4.833986613118668174e-02
-4.579306189415532913e-02
-4.833986613118668174e-02
-5.343347460524938697e-02
-6.107388731634344481e-02
-5.598027884228073958e-02
-5.343347460524938697e-02
-4.833986613118668174e-02
-4.833986613118668174e-02
-4.579306189415532913e-02
-5.343347460524938697e-02
-5.852708307931209220e-02
-5.852708307931209220e-02
-5.088667036821803435e-02
-5.343347460524938697e-02
-5.343347460524938697e-02
-4.579306189415532913e-02
-5.343347460524938697e-02
-5.343347460524938697e-02
-5.852708307931209220e-02
-5.088667036821803435e-02
-4.579306189415532913e-02
-4.833986613118668174e-02
-5.343347460524938697e-02
-5.343347460524938697e-02
-6.107388731634344481e-02
-5.852708307931209220e-02
-5.343347460524938697e-02
-5.088667036821803435e-02
-4.579306189415532913e-02
-4.579306189415532913e-02
-5.088667036821803435e-02
-5.343347460524938697e-02
-5.598027884228073958e-02
-5.852708307931209220e-02
-5.343347460524938697e-02
-4.833986613118668174e-02
-5.343347460524938697e-02
-4.579306189415532913e-02
-5.088667036821803435e-02
-5.343347460524938697e-02
-5.852708307931209220e-02
-5.343347460524938697e-02
-5.088667036821803435e-02
-4.833986613118668174e-02
-4.579306189415532913e-02
-5.088667036821803435e-02
-5.343347460524938697e-02
-5.852708307931209220e-02
-5.852708307931209220e-02
-5.343347460524938697e-02
-4.579306189415532913e-02
-4.833986613118668174e-02
-5.343347460524938697e-02
-6.107388731634344481e-02
-5.598027884228073958e-02
-5.852708307931209220e-02
-5.343347460524938697e-02
-5.343347460524938697e-02
-4.833986613118668174e-02
-5.088667036821803435e-02
-5.343347460524938697e-02
-5.852708307931209220e-02
-5.343347460524938697e-02
-5.598027884228073958e-02
-4.833986613118668174e-02
-4.579306189415532913e-02
-5.088667036821803435e-02
-5.852708307931209220e-02
-5.852708307931209220e-02
-5.852708307931209220e-02
-5.088667036821803435e-02
-4.833986613118668174e-02
-4.579306189415532913e-02
-4.833986613118668174e-02
-5.088667036821803435e-02
-5.343347460524938697e-02
-5.852708307931209220e-02
-5.088667036821803435e-02
-5.088667036821803435e-02
-4.579306189415532913e-02
-5.088667036821803435e-02
-5.343347460524938697e-02
-6.107388731634344481e-02
-5.343347460524938697e-02
-5.343347460524938697e-02
-4.833986613118668174e-02
-4.833986613118668174e-02
-5.343347460524938697e-02
-5.088667036821803435e-02
-6.107388731634344481e-02
-5.598027884228073958e-02
-5.088667036821803435e-02
-4.579306189415532913e-02
-5.598027884228073958e-02
-5.343347460524938697e-02
-5.088667036821803435e-02
-6.107388731634344481e-02
-5.343347460524938697e-02
-5.088667036821803435e-02
-4.579306189415532913e-02
-4.833986613118668174e-02
-5.088667036821803435e-02
-5.088667036821803435e-02
-5.343347460524938697e-02
-5.852708307931209220e-02
-5.343347460524938697e-02
-5.343347460524938697e-02
-4.579306189415532913e-02
-4.833986613118668174e-02
-5.088667036821803435e-02
-6.107388731634344481e-02
-5.852708307931209220e-02
-5.088667036821803435e-02
-4.579306189415532913e-02
-4.833986613118668174e-02
-5.343347460524938697e-02
-5.343347460524938697e-02
-5.852708307931209220e-02
-5.343347460524938697e-02
-5.343347460524938697e-02
-4.579306189415532913e-02
-5.088667036821803435e-02
-5.343347460524938697e-02
-5.088667036821803435e-02
-5.598027884228073958e-02
-5.852708307931209220e-02
-5.343347460524938697e-02
-5.088667036821803435e-02
-4.579306189415532913e-02
-4.833986613118668174e-02
-5.343347460524938697e-02
-5.343347460524938697e-02
-5.852708307931209220e-02
-5.088667036821803435e-02
-5.343347460524938697e-02
-5.343347460524938697e-02
-5.343347460524938697e-02
-5.852708307931209220e-02
-5.852708307931209220e-02
-5.852708307931209220e-02
-5.343347460524938697e-02
-4.579306189415532913e-02
-4.579306189415532913e-02
-5.088667036821803435e-02
-5.088667036821803435e-02
-5.343347460524938697e-02
-5.852708307931209220e-02
-5.343347460524938697e-02
-5.598027884228073958e-02
-4.579306189415532913e-02
-4.579306189415532913e-02
-5.088667036821803435e-02
-5.343347460524938697e-02
-5.852708307931209220e-02
-5.343347460524938697e-02
-5.343347460524938697e-02
-4.579306189415532913e-02
-4.579306189415532913e-02
-5.343347460524938697e-02
-5.852708307931209220e-02
-5.852708307931209220e-02
-5.343347460524938697e-02
-5.088667036821803435e-02
-4.579306189415532913e-02
-5.088667036821803435e-02
-5.343347460524938697e-02
-5.852708307931209220e-02
-5.088667036821803435e-02
-5.343347460524938697e-02
-4.579306189415532913e-02
-4.579306189415532913e-02
-5.343347460524938697e-02
-6.107388731634344481e-02
-5.852708307931209220e-02
-5.598027884228073958e-02
-5.088667036821803435e-02
-4.579306189415532913e-02
-4.579306189415532913e-02
-5.343347460524938697e-02
-5.598027884228073958e-02
-5.852708307931209220e-02
-5.852708307931209220e-02
-5.343347460524938697e-02
-5.343347460524938697e-02
-4.579306189415532913e-02
-5.343347460524938697e-02
-5.343347460524938697e-02
-5.852708307931209220e-02
-5.343347460524938697e-02
-5.343347460524938697e-02
-4.833986613118668174e-02
-5.088667036821803435e-02
-5.088667036821803435e-02
-5.852708307931209220e-02
-5.852708307931209220e-02
-5.088667036821803435e-02
-5.343347460524938697e-02
-4.579306189415532913e-02
-4.833986613118668174e-02
-5.343347460524938697e-02
-5.343347460524938697e-02
-5.852708307931209220e-02
-5.852708307931209220e-02
-5.088667036821803435e-02
-4.833986613118668174e-02
-4.833986613118668174e-02
-5.088667036821803435e-02
-6.107388731634344481e-02
-5.852708307931209220e-02
-5.088667036821803435e-02
-5.088667036821803435e-02
-4.579306189415532913e-02
-5.343347460524938697e-02
-5.343347460524938697e-02
-5.343347460524938697e-02
-5.852708307931209220e-02
-5.343347460524938697e-02
-5.343347460524938697e-02
-4.579306189415532913e-02
-4.833986613118668174e-02
-5.598027884228073958e-02
-5.088667036821803435e-02
-6.107388731634344481e-02
-5.343347460524938697e-02
-5.088667036821803435e-02
-4.579306189415532913e-02
-4.833986613118668174e-02
-5.598027884228073958e-02
-5.088667036821803435e-02
-5.852708307931209220e-02
-5.852708307931209220e-02
-5.852708307931209220e-02
-5.088667036821803435e-02
-5.343347460524938697e-02
-4.579306189415532913e-02
-5.088667036821803435e-02
-5.343347460524938697e-02
-5.852708307931209220e-02
-6.107388731634344481e-02
-5.088667036821803435e-02
-5.088667036821803435e-02
-4.579306189415532913e-02
-5.088667036821803435e-02
-6.107388731634344481e-02
-5.852708307931209220e-02
-5.852708307931209220e-02
-5.343347460524938697e-02
-4.579306189415532913e-02
-4.579306189415532913e-02
-5.343347460524938697e-02
-5.343347460524938697e-02
-5.598027884228073958e-02
-6.107388731634344481e-02
-5.088667036821803435e-02
-5.088667036821803435e-02
-5.088667036821803435e-02
-5.088667036821803435e-02
-5.343347460524938697e-02
-5.852708307931209220e-02
-5.852708307931209220e-02
-5.088667036821803435e-02
-4.833986613118668174e-02
-4.833986613118668174e-02
-5.343347460524938697e-02
-5.088667036821803435e-02
-6.107388731634344481e-02
-6.107388731634344481e-02
-5.088667036821803435e-02
-5.343347460524938697e-02
-4.833986613118668174e-02
-4.579306189415532913e-02
-5.343347460524938697e-02
-6.107388731634344481e-02
-5.852708307931209220e-02
-6.107388731634344481e-02
-5.088667036821803435e-02
-4.579306189415532913e-02
-4.579306189415532913e-02
-5.343347460524938697e-02
-5.343347460524938697e-02
-6.107388731634344481e-02
-5.852708307931209220e-02
-5.343347460524938697e-02
-4.579306189415532913e-02
-4.579306189415532913e-02
-5.343347460524938697e-02
-5.343347460524938697e-02
-5.852708307931209220e-02
-6.107388731634344481e-02
-5.088667036821803435e-02
-5.343347460524938697e-02
-4.833986613118668174e-02
-4.833986613118668174e-02
-5.343347460524938697e-02
-5.852708307931209220e-02
-5.598027884228073958e-02
-5.343347460524938697e-02
-4.579306189415532913e-02
-4.579306189415532913e-02
-5.343347460524938697e-02
-5.852708307931209220e-02
-5.852708307931209220e-02
-5.343347460524938697e-02
-5.088667036821803435e-02
-4.833986613118668174e-02
-4.579306189415532913e-02
-5.343347460524938697e-02
-5.088667036821803435e-02
-5.852708307931209220e-02
-5.852708307931209220e-02
-5.852708307931209220e-02
-5.088667036821803435e-02
-5.343347460524938697e-02
-4.579306189415532913e-02
-5.343347460524938697e-02
-5.088667036821803435e-02
-5.852708307931209220e-02
-5.852708307931209220e-02
-5.088667036821803435e-02
-5.598027884228073958e-02
-4.833986613118668174e-02
-4.833986613118668174e-02
-5.088667036821803435e-02
-5.343347460524938697e-02
-5.852708307931209220e-02
-5.343347460524938697e-02
-5.343347460524938697e-02
-4.579306189415532913e-02
-4.579306189415532913e-02
-5.088667036821803435e-02
-5.852708307931209220e-02
-5.852708307931209220e-02
-5.088667036821803435e-02
-5.088667036821803435e-02
-4.579306189415532913e-02
-5.088667036821803435e-02
-5.343347460524938697e-02
-5.852708307931209220e-02
-5.852708307931209220e-02
-5.088667036821803435e-02
-5.343347460524938697e-02
-4.579306189415532913e-02
-5.343347460524938697e-02
-5.343347460524938697e-02
-6.107388731634344481e-02
-5.852708307931209220e-02
-5.852708307931209220e-02
-5.343347460524938697e-02
-5.598027884228073958e-02
-4.579306189415532913e-02
-4.833986613118668174e-02
-5.088667036821803435e-02
-6.107388731634344481e-02
-5.852708307931209220e-02
-5.343347460524938697e-02
-4.833986613118668174e-02
-4.579306189415532913e-02
-5.088667036821803435e-02
-5.343347460524938697e-02
-6.107388731634344481e-02
-5.598027884228073958e-02
-5.343347460524938697e-02
-5.343347460524938697e-02
-4.833986613118668174e-02
-4.579306189415532913e-02
-5.343347460524938697e-02
-5.343347460524938697e-02
-5.852708307931209220e-02
-5.088667036821803435e-02
-5.343347460524938697e-02
-4.579306189415532913e-02
-4.833986613118668174e-02
-5.088667036821803435e-02
-5.852708307931209220e-02
-5.343347460524938697e-02
-5.343347460524938697e-02
-4.579306189415532913e-02
-4.579306189415532913e-02
-5.343347460524938697e-02
-5.852708307931209220e-02
-6.107388731634344481e-02
-6.107388731634344481e-02
-5.343347460524938697e-02
-5.343347460524938697e-02
-4.833986613118668174e-02
-5.343347460524938697e-02
-5.088667036821803435e-02
-5.852708307931209220e-02
-5.852708307931209220e-02
-5.088667036821803435e-02
-4.833986613118668174e-02
-4.833986613118668174e-02
-5.088667036821803435e-02
-6.107388731634344481e-02
-5.852708307931209220e-02
-5.343347460524938697e-02
-5.088667036821803435e-02
-4.579306189415532913e-02
-4.833986613118668174e-02
-5.343347460524938697e-02
-5.088667036821803435e-02
-5.852708307931209220e-02
-6.107388731634344481e-02
-5.088667036821803435e-02
-5.088667036821803435e-02
-4.833986613118668174e-02
-4.833986613118668174e-02
-5.088667036821803435e-02
-5.852708307931209220e-02
-5.852708307931209220e-02
-5.343347460524938697e-02
-5.088667036821803435e-02
-4.579306189415532913e-02
-4.579306189415532913e-02
-5.343347460524938697e-02
-5.343347460524938697e-02
-5.852708307931209220e-02
-5.088667036821803435e-02
-5.598027884228073958e-02
-4.833986613118668174e-02
-4.833986613118668174e-02
-5.343347460524938697e-02
-5.343347460524938697e-02
-5.852708307931209220e-02
-5.343347460524938697e-02
-5.343347460524938697e-02
-4.579306189415532913e-02
-4.833986613118668174e-02
-5.343347460524938697e-02
-5.852708307931209220e-02
-6.107388731634344481e-02
-6.107388731634344481e-02
-5.343347460524938697e-02
-4.833986613118668174e-02
-4.833986613118668174e-02
-5.088667036821803435e-02
-5.852708307931209220e-02
-6.107388731634344481e-02
-5.852708307931209220e-02
-5.343347460524938697e-02
-4.833986613118668174e-02
-4.833986613118668174e-02
-5.343347460524938697e-02
-5.343347460524938697e-02
-5.852708307931209220e-02
-6.107388731634344481e-02
-5.088667036821803435e-02
-4.579306189415532913e-02
-4.833986613118668174e-02
-5.343347460524938697e-02
-5.343347460524938697e-02
-5.852708307931209220e-02
-6.107388731634344481e-02
-5.088667036821803435e-02
-4.833986613118668174e-02
-4.579306189415532913e-02
-4.833986613118668174e-02
-5.088667036821803435e-02
-5.343347460524938697e-02
-5.852708307931209220e-02
-5.852708307931209220e-02
-5.343347460524938697e-02
-5.343347460524938697e-02
-4.833986613118668174e-02
-5.343347460524938697e-02
-5.343347460524938697e-02
-5.852708307931209220e-02
-5.852708307931209220e-02
-5.088667036821803435e-02
-5.343347460524938697e-02
-4.579306189415532913e-02
-4.833986613118668174e-02
-5.343347460524938697e-02
-5.852708307931209220e-02
-6.107388731634344481e-02
-5.343347460524938697e-02
-5.343347460524938697e-02
-5.088667036821803435e-02
-4.579306189415532913e-02
-5.343347460524938697e-02
-5.598027884228073958e-02
-5.852708307931209220e-02
-5.343347460524938697e-02
-5.343347460524938697e-02
-4.579306189415532913e-02
-4.833986613118668174e-02
-5.343347460524938697e-02
-5.343347460524938697e-02
-5.852708307931209220e-02
-5.852708307931209220e-02
-5.598027884228073958e-02
-4.833986613118668174e-02
-5.343347460524938697e-02
-5.088667036821803435e-02
-5.852708307931209220e-02
-6.107388731634344481e-02
-5.343347460524938697e-02
-5.343347460524938697e-02
-4.833986613118668174e-02
-4.833986613118668174e-02
-5.088667036821803435e-02
-5.088667036821803435e-02
-5.852708307931209220e-02
-5.852708307931209220e-02
-5.343347460524938697e-02
-4.579306189415532913e-02
-5.343347460524938697e-02
-5.343347460524938697e-02
-5.343347460524938697e-02
-5.852708307931209220e-02
-5.088667036821803435e-02
-5.088667036821803435e-02
-4.833986613118668174e-02
-4.833986613118668174e-02
-5.088667036821803435e-02
-5.343347460524938697e-02
-5.852708307931209220e-02
-5.343347460524938697e-02
-5.343347460524938697e-02
-4.833986613118668174e-02
-5.343347460524938697e-02
-5.343347460524938697e-02
-5.852708307931209220e-02
-5.852708307931209220e-02
-5.088667036821803435e-02
-4.579306189415532913e-02
-4.833986613118668174e-02
-5.343347460524938697e-02
-5.088667036821803435e-02
-5.852708307931209220e-02
-5.852708307931209220e-02
-5.088667036821803435e-02
-5.088667036821803435e-02
-4.833986613118668174e-02
-5.343347460524938697e-02
-5.343347460524938697e-02
-6.107388731634344481e-02
-5.852708307931209220e-02
-5.343347460524938697e-02
-5.088667036821803435e-02
-4.579306189415532913e-02
-4.833986613118668174e-02
-5.343347460524938697e-02
-5.343347460524938697e-02
-5.852708307931209220e-02
-5.343347460524938697e-02
-5.343347460524938697e-02
-5.088667036821803435e-02
-5.343347460524938697e-02
-5.088667036821803435e-02
-5.852708307931209220e-02
-5.852708307931209220e-02
-5.343347460524938697e-02
-4.833986613118668174e-02
-4.579306189415532913e-02
-4.833986613118668174e-02
-5.088667036821803435e-02
-5.343347460524938697e-02
-6.107388731634344481e-02
-5.852708307931209220e-02
-5.343347460524938697e-02
-4.579306189415532913e-02
-4.833986613118668174e-02
-5.343347460524938697e-02
-5.088667036821803435e-02
-6.107388731634344481e-02
-5.343347460524938697e-02
-5.343347460524938697e-02
-4.579306189415532913e-02
-4.833986613118668174e-02
-5.343347460524938697e-02
-5.343347460524938697e-02
-5.852708307931209220e-02
-5.852708307931209220e-02
-5.343347460524938697e-02
-4.833986613118668174e-02
-4.833986613118668174e-02
-5.343347460524938697e-02
-5.852708307931209220e-02
-6.107388731634344481e-02
-5.852708307931209220e-02
-5.343347460524938697e-02
-4.833986613118668174e-02
-5.343347460524938697e-02
-5.343347460524938697e-02
-5.088667036821803435e-02
-5.852708307931209220e-02
-5.852708307931209220e-02
-5.343347460524938697e-02
-5.343347460524938697e-02
-4.833986613118668174e-02
-4.833986613118668174e-02
-5.088667036821803435e-02
-6.107388731634344481e-02
-5.343347460524938697e-02
-5.343347460524938697e-02
-4.579306189415532913e-02
-5.088667036821803435e-02
-5.088667036821803435e-02
-5.343347460524938697e-02
-6.107388731634344481e-02
-5.852708307931209220e-02
-5.598027884228073958e-02
-5.343347460524938697e-02
-4.579306189415532913e-02
-4.833986613118668174e-02
-5.088667036821803435e-02
-5.088667036821803435e-02
-5.852708307931209220e-02
-6.107388731634344481e-02
-5.088667036821803435e-02
-5.343347460524938697e-02
-5.088667036821803435e-02
-4.579306189415532913e-02
-5.088667036821803435e-02
-5.343347460524938697e-02
-6.107388731634344481e-02
-5.343347460524938697e-02
-5.088667036821803435e-02
-4.579306189415532913e-02
-4.833986613118668174e-02
-5.088667036821803435e-02
-5.852708307931209220e-02
-5.598027884228073958e-02
-5.088667036821803435e-02
-5.343347460524938697e-02
-5.088667036821803435e-02
-5.343347460524938697e-02
-5.343347460524938697e-02
-5.852708307931209220e-02
-5.852708307931209220e-02
-5.343347460524938697e-02
-5.088667036821803435e-02
-4.833986613118668174e-02
-4.833986613118668174e-02
-5.343347460524938697e-02
-5.343347460524938697e-02
-5.852708307931209220e-02
-5.852708307931209220e-02
-5.088667036821803435e-02
-5.343347460524938697e-02
-4.579306189415532913e-02
-5.088667036821803435e-02
-5.343347460524938697e-02
-5.852708307931209220e-02
-6.107388731634344481e-02
-5.088667036821803435e-02
-4.579306189415532913e-02
-4.579306189415532913e-02
-5.088667036821803435e-02
-5.088667036821803435e-02
-6.107388731634344481e-02
-6.107388731634344481e-02
-5.343347460524938697e-02
-5.343347460524938697e-02
-4.579306189415532913e-02
-4.579306189415532913e-02
-5.088667036821803435e-02
-5.343347460524938697e-02
-6.107388731634344481e-02
-5.343347460524938697e-02
-5.343347460524938697e-02
-4.833986613118668174e-02
-4.833986613118668174e-02
-5.343347460524938697e-02
-5.343347460524938697e-02
-5.852708307931209220e-02
-5.343347460524938697e-02
-5.343347460524938697e-02
-5.088667036821803435e-02
-4.579306189415532913e-02
-5.088667036821803435e-02
-5.343347460524938697e-02
-6.107388731634344481e-02
-5.852708307931209220e-02
-5.343347460524938697e-02
-4.833986613118668174e-02
-4.833986613118668174e-02
-4.579306189415532913e-02
-5.343347460524938697e-02
-5.343347460524938697e-02
-5.852708307931209220e-02
-5.852708307931209220e-02
-5.343347460524938697e-02
-4.833986613118668174e-02
-4.579306189415532913e-02
-5.343347460524938697e-02
-5.343347460524938697e-02
-6.107388731634344481e-02
-5.852708307931209220e-02
-5.343347460524938697e-02
-5.088667036821803435e-02
-4.833986613118668174e-02
-4.833986613118668174e-02
-5.343347460524938697e-02
-5.343347460524938697e-02
-5.852708307931209220e-02
-5.088667036821803435e-02
-4.579306189415532913e-02
-4.833986613118668174e-02
-4.579306189415532913e-02
-5.088667036821803435e-02
-5.088667036821803435e-02
-6.107388731634344481e-02
-6.107388731634344481e-02
-5.343347460524938697e-02
-4.579306189415532913e-02
-4.833986613118668174e-02
-5.088667036821803435e-02
-5.343347460524938697e-02
-5.852708307931209220e-02
-5.598027884228073958e-02
-5.343347460524938697e-02
-5.343347460524938697e-02
-4.833986613118668174e-02
-5.343347460524938697e-02
-5.343347460524938697e-02
-5.852708307931209220e-02
-6.107388731634344481e-02
-5.343347460524938697e-02
-5.343347460524938697e-02
-4.579306189415532913e-02
-5.343347460524938697e-02
-6.107388731634344481e-02
-5.852708307931209220e-02
-5.852708307931209220e-02
-5.343347460524938697e-02
-5.088667036821803435e-02
-4.579306189415532913e-02
-4.833986613118668174e-02
-5.343347460524938697e-02
-5.852708307931209220e-02
-5.852708307931209220e-02
-6.107388731634344481e-02
-5.088667036821803435e-02
-4.579306189415532913e-02
-4.833986613118668174e-02
-5.343347460524938697e-02
-5.343347460524938697e-02
-5.852708307931209220e-02
-5.598027884228073958e-02
-5.343347460524938697e-02
-5.343347460524938697e-02
-4.579306189415532913e-02
-4.579306189415532913e-02
-5.343347460524938697e-02
-5.852708307931209220e-02
-5.852708307931209220e-02
-5.343347460524938697e-02
-5.343347460524938697e-02
-4.833986613118668174e-02
-4.579306189415532913e-02
-5.598027884228073958e-02
-5.343347460524938697e-02
-6.107388731634344481e-02
-6.107388731634344481e-02
-5.343347460524938697e-02
-4.833986613118668174e-02
-4.833986613118668174e-02
-5.343347460524938697e-02
-5.088667036821803435e-02
-5.852708307931209220e-02
-5.852708307931209220e-02
-5.343347460524938697e-02
-4.833986613118668174e-02
-4.833986613118668174e-02
-5.343347460524938697e-02
-5.088667036821803435e-02
-5.343347460524938697e-02
-6.107388731634344481e-02
-5.088667036821803435e-02
-5.343347460524938697e-02
-4.833986613118668174e-02
-4.833986613118668174e-02
-5.598027884228073958e-02
-5.343347460524938697e-02
-6.107388731634344481e-02
-5.852708307931209220e-02
-5.343347460524938697e-02
-5.088667036821803435e-02
-4.833986613118668174e-02
-5.088667036821803435e-02
-5.088667036821803435e-02
-6.107388731634344481e-02
-6.107388731634344481e-02
-5.343347460524938697e-02
-5.343347460524938697e-02
-4.833986613118668174e-02
-4.833986613118668174e-02
-5.343347460524938697e-02
-5.343347460524938697e-02
-5.852708307931209220e-02
-5.343347460524938697e-02
-4.833986613118668174e-02
-4.579306189415532913e-02
-4.579306189415532913e-02
-5.088667036821803435e-02
-5.343347460524938697e-02
-6.107388731634344481e-02
-5.852708307931209220e-02
-5.088667036821803435e-02
-5.598027884228073958e-02
-4.833986613118668174e-02
-5.343347460524938697e-02
-5.598027884228073958e-02
-6.107388731634344481e-02
-5.852708307931209220e-02
-5.343347460524938697e-02
-5.343347460524938697e-02
-4.579306189415532913e-02
-5.343347460524938697e-02
-5.088667036821803435e-02
-5.852708307931209220e-02
-5.852708307931209220e-02
-5.598027884228073958e-02
-5.343347460524938697e-02
-4.579306189415532913e-02
-4.579306189415532913e-02
-5.343347460524938697e-02
-5.852708307931209220e-02
-5.852708307931209220e-02
-5.343347460524938697e-02
-5.343347460524938697e-02
-4.833986613118668174e-02
-4.833986613118668174e-02
-5.343347460524938697e-02
-5.343347460524938697e-02
-5.852708307931209220e-02
-6.107388731634344481e-02
-5.088667036821803435e-02
-4.833986613118668174e-02
-4.579306189415532913e-02
-5.088667036821803435e-02
-5.343347460524938697e-02
-6.107388731634344481e-02
-5.852708307931209220e-02
-5.343347460524938697e-02
-5.088667036821803435e-02
-4.833986613118668174e-02
-5.343347460524938697e-02
-5.343347460524938697e-02
-5.852708307931209220e-02
-6.107388731634344481e-02
-5.343347460524938697e-02
-5.088667036821803435e-02
-4.833986613118668174e-02
-5.088667036821803435e-02
-5.088667036821803435e-02
-5.852708307931209220e-02
-6.107388731634344481e-02
-5.343347460524938697e-02
-5.088667036821803435e-02
-4.579306189415532913e-02
-5.088667036821803435e-02
-5.343347460524938697e-02
-6.107388731634344481e-02
-5.852708307931209220e-02
-5.343347460524938697e-02
-4.833986613118668174e-02
-5.088667036821803435e-02
-5.343347460524938697e-02
-5.343347460524938697e-02
-5.852708307931209220e-02
-5.598027884228073958e-02
-5.343347460524938697e-02
-5.343347460524938697e-02
-4.579306189415532913e-02
-4.833986613118668174e-02
-5.343347460524938697e-02
-6.107388731634344481e-02
-5.343347460524938697e-02
-5.088667036821803435e-02
-4.833986613118668174e-02
-4.833986613118668174e-02
-5.343347460524938697e-02
-5.343347460524938697e-02
-6.107388731634344481e-02
-5.852708307931209220e-02
-5.343347460524938697e-02
-5.343347460524938697e-02
-4.833986613118668174e-02
-4.579306189415532913e-02
-5.343347460524938697e-02
-5.343347460524938697e-02
-5.852708307931209220e-02
-5.343347460524938697e-02
-5.088667036821803435e-02
-4.833986613118668174e-02
-5.343347460524938697e-02
-5.343347460524938697e-02
-5.088667036821803435e-02
-6.107388731634344481e-02
-5.343347460524938697e-02
-4.579306189415532913e-02
-4.833986613118668174e-02
-5.088667036821803435e-02
-5.343347460524938697e-02
-6.107388731634344481e-02
-5.852708307931209220e-02
-5.343347460524938697e-02
-5.343347460524938697e-02
-5.088667036821803435e-02
-5.088667036821803435e-02
-5.343347460524938697e-02
-6.107388731634344481e-02
-5.852708307931209220e-02
-5.343347460524938697e-02
-5.343347460524938697e-02
-4.833986613118668174e-02
-5.343347460524938697e-02
-5.343347460524938697e-02
-6.107388731634344481e-02
-5.343347460524938697e-02
-5.343347460524938697e-02
-4.579306189415532913e-02
-4.579306189415532913e-02
-5.088667036821803435e-02
-5.088667036821803435e-02
-5.852708307931209220e-02
-5.852708307931209220e-02
-5.088667036821803435e-02
-5.343347460524938697e-02
-4.833986613118668174e-02
-5.343347460524938697e-02
-5.343347460524938697e-02
-6.107388731634344481e-02
-6.107388731634344481e-02
-5.343347460524938697e-02
-5.088667036821803435e-02
-4.579306189415532913e-02
-4.833986613118668174e-02
-5.088667036821803435e-02
-5.852708307931209220e-02
-5.852708307931209220e-02
-6.107388731634344481e-02
-5.088667036821803435e-02
-4.579306189415532913e-02
-4.579306189415532913e-02
-4.579306189415532913e-02
-5.343347460524938697e-02
-5.343347460524938697e-02
-6.107388731634344481e-02
-5.852708307931209220e-02
-5.343347460524938697e-02
-5.343347460524938697e-02
-4.579306189415532913e-02
-4.579306189415532913e-02
-5.343347460524938697e-02
-5.852708307931209220e-02
-5.852708307931209220e-02
-5.343347460524938697e-02
-5.088667036821803435e-02
-5.088667036821803435e-02
-4.579306189415532913e-02
-5.088667036821803435e-02
-5.343347460524938697e-02
-6.107388731634344481e-02
-6.107388731634344481e-02
-5.343347460524938697e-02
-5.088667036821803435e-02
-5.343347460524938697e-02
-5.343347460524938697e-02
-5.852708307931209220e-02
-6.107388731634344481e-02
-5.343347460524938697e-02
-5.088667036821803435e-02
-4.833986613118668174e-02
-4.833986613118668174e-02
-5.343347460524938697e-02
-5.343347460524938697e-02
-6.107388731634344481e-02
-5.852708307931209220e-02
-5.343347460524938697e-02
-5.343347460524938697e-02
-4.833986613118668174e-02
-4.579306189415532913e-02
-5.343347460524938697e-02
-5.852708307931209220e-02
-6.107388731634344481e-02
-5.343347460524938697e-02
-5.343347460524938697e-02
-4.833986613118668174e-02
-4.579306189415532913e-02
-5.343347460524938697e-02
-5.343347460524938697e-02
-6.107388731634344481e-02
-5.852708307931209220e-02
-5.598027884228073958e-02
-5.088667036821803435e-02
-4.579306189415532913e-02
-5.343347460524938697e-02
-5.343347460524938697e-02
-6.107388731634344481e-02
-5.343347460524938697e-02
-5.088667036821803435e-02
-4.579306189415532913e-02
-4.579306189415532913e-02
-5.343347460524938697e-02
-6.107388731634344481e-02
-6.107388731634344481e-02
-5.852708307931209220e-02
-5.343347460524938697e-02
-4.579306189415532913e-02
-4.833986613118668174e-02
-5.343347460524938697e-02
-5.088667036821803435e-02
-6.107388731634344481e-02
-5.852708307931209220e-02
-5.343347460524938697e-02
-5.343347460524938697e-02
-4.833986613118668174e-02
-4.833986613118668174e-02
-5.343347460524938697e-02
-5.088667036821803435e-02
-6.107388731634344481e-02
-5.852708307931209220e-02
-5.343347460524938697e-02
-5.343347460524938697e-02
-4.579306189415532913e-02
-5.343347460524938697e-02
-5.343347460524938697e-02
-5.852708307931209220e-02
-6.107388731634344481e-02
-5.343347460524938697e-02
-5.343347460524938697e-02
-4.579306189415532913e-02
-4.579306189415532913e-02
-5.343347460524938697e-02
-5.343347460524938697e-02
-5.852708307931209220e-02
-5.343347460524938697e-02
-5.343347460524938697e-02
-4.833986613118668174e-02
-5.343347460524938697e-02
-5.343347460524938697e-02
-5.852708307931209220e-02
-6.107388731634344481e-02
-5.852708307931209220e-02
-5.088667036821803435e-02
-5.343347460524938697e-02
-4.833986613118668174e-02
-4.579306189415532913e-02
-5.343347460524938697e-02
-6.107388731634344481e-02
-5.343347460524938697e-02
-5.343347460524938697e-02
-4.833986613118668174e-02
-4.833986613118668174e-02
-5.343347460524938697e-02
-5.343347460524938697e-02
-5.852708307931209220e-02
-5.852708307931209220e-02
-5.598027884228073958e-02
-5.343347460524938697e-02
-4.833986613118668174e-02
-4.579306189415532913e-02
-5.343347460524938697e-02
-5.088667036821803435e-02
-5.852708307931209220e-02
-5.088667036821803435e-02
-4.579306189415532913e-02
-4.833986613118668174e-02
-4.579306189415532913e-02
-5.343347460524938697e-02
-5.088667036821803435e-02
-5.852708307931209220e-02
-5.852708307931209220e-02
-5.343347460524938697e-02
-4.833986613118668174e-02
-4.833986613118668174e-02
-5.343347460524938697e-02
-6.107388731634344481e-02
-5.088667036821803435e-02
-5.343347460524938697e-02
-5.343347460524938697e-02
-4.833986613118668174e-02
-5.343347460524938697e-02
-5.343347460524938697e-02
-5.343347460524938697e-02
-5.852708307931209220e-02
-5.852708307931209220e-02
-5.343347460524938697e-02
-5.343347460524938697e-02
-4.833986613118668174e-02
-5.343347460524938697e-02
-5.343347460524938697e-02
-6.107388731634344481e-02
-5.852708307931209220e-02
-5.343347460524938697e-02
-5.343347460524938697e-02
-4.579306189415532913e-02
-4.579306189415532913e-02
-5.088667036821803435e-02
-6.107388731634344481e-02
-6.107388731634344481e-02
-5.343347460524938697e-02
-5.343347460524938697e-02
-4.833986613118668174e-02
-4.579306189415532913e-02
-5.343347460524938697e-02
-5.343347460524938697e-02
-6.107388731634344481e-02
-5.343347460524938697e-02
-5.343347460524938697e-02
-5.088667036821803435e-02
-5.088667036821803435e-02
-5.343347460524938697e-02
-5.343347460524938697e-02
-6.107388731634344481e-02
-5.852708307931209220e-02
-5.343347460524938697e-02
-5.343347460524938697e-02
-4.833986613118668174e-02
-4.833986613118668174e-02
-5.088667036821803435e-02
-5.343347460524938697e-02
-5.852708307931209220e-02
-5.343347460524938697e-02
-5.343347460524938697e-02
-5.088667036821803435e-02
-4.833986613118668174e-02
-5.343347460524938697e-02
-5.088667036821803435e-02
-6.107388731634344481e-02
-5.852708307931209220e-02
-5.088667036821803435e-02
-4.833986613118668174e-02
-5.088667036821803435e-02
-5.343347460524938697e-02
-6.107388731634344481e-02
-6.107388731634344481e-02
-5.598027884228073958e-02
-5.343347460524938697e-02
-4.833986613118668174e-02
-5.088667036821803435e-02
-5.343347460524938697e-02
-5.343347460524938697e-02
-6.107388731634344481e-02
-5.598027884228073958e-02
-5.343347460524938697e-02
-4.579306189415532913e-02
-4.833986613118668174e-02
-4.579306189415532913e-02
-5.343347460524938697e-02
-5.852708307931209220e-02
-6.107388731634344481e-02
-5.343347460524938697e-02
-5.088667036821803435e-02
-4.833986613118668174e-02
-4.833986613118668174e-02
-5.343347460524938697e-02
-5.088667036821803435e-02
-5.852708307931209220e-02
-5.343347460524938697e-02
-5.343347460524938697e-02
-5.088667036821803435e-02
-4.579306189415532913e-02
-5.343347460524938697e-02
-5.088667036821803435e-02
-6.107388731634344481e-02
-5.343347460524938697e-02
-5.343347460524938697e-02
-4.833986613118668174e-02
-4.833986613118668174e-02
-5.088667036821803435e-02
-5.088667036821803435e-02
-6.107388731634344481e-02
-5.852708307931209220e-02
-5.598027884228073958e-02
-4.833986613118668174e-02
-4.833986613118668174e-02
-5.343347460524938697e-02
-5.343347460524938697e-02
-5.852708307931209220e-02
-5.852708307931209220e-02
-5.343347460524938697e-02
-4.833986613118668174e-02
-4.833986613118668174e-02
-5.088667036821803435e-02
-5.343347460524938697e-02
-6.107388731634344481e-02
-5.852708307931209220e-02
-5.343347460524938697e-02
-5.088667036821803435e-02
-4.833986613118668174e-02
-4.579306189415532913e-02
-5.343347460524938697e-02
-5.852708307931209220e-02
-5.852708307931209220e-02
-5.343347460524938697e-02
-5.343347460524938697e-02
-4.833986613118668174e-02
-4.579306189415532913e-02
-5.343347460524938697e-02
-5.088667036821803435e-02
-6.107388731634344481e-02
-5.343347460524938697e-02
-5.343347460524938697e-02
-4.833986613118668174e-02
-4.579306189415532913e-02
-5.343347460524938697e-02
-6.107388731634344481e-02
-5.088667036821803435e-02
-5.088667036821803435e-02
-5.088667036821803435e-02
-4.833986613118668174e-02
-5.343347460524938697e-02
-5.343347460524938697e-02
-6.107388731634344481e-02
-5.852708307931209220e-02
-5.598027884228073958e-02
-5.343347460524938697e-02
-5.088667036821803435e-02
-5.088667036821803435e-02
-5.598027884228073958e-02
-5.343347460524938697e-02
-5.852708307931209220e-02
-5.852708307931209220e-02
-5.343347460524938697e-02
-5.343347460524938697e-02
-4.833986613118668174e-02
-5.343347460524938697e-02
-5.343347460524938697e-02
-6.107388731634344481e-02
-5.088667036821803435e-02
-5.343347460524938697e-02
-4.579306189415532913e-02
-4.833986613118668174e-02
-5.343347460524938697e-02
-5.852708307931209220e-02
-5.852708307931209220e-02
-5.088667036821803435e-02
-5.343347460524938697e-02
-5.088667036821803435e-02
-4.579306189415532913e-02
-5.343347460524938697e-02
-5.343347460524938697e-02
-5.852708307931209220e-02
-5.343347460524938697e-02
-5.343347460524938697e-02
-4.833986613118668174e-02
-4.833986613118668174e-02
-5.088667036821803435e-02
-5.343347460524938697e-02
-5.852708307931209220e-02
-5.852708307931209220e-02
-5.343347460524938697e-02
-5.343347460524938697e-02
-4.833986613118668174e-02
-4.833986613118668174e-02
-5.343347460524938697e-02
-5.598027884228073958e-02
-6.107388731634344481e-02
-5.343347460524938697e-02
-5.088667036821803435e-02
-4.579306189415532913e-02
-4.833986613118668174e-02
-5.343347460524938697e-02
-5.088667036821803435e-02
-5.852708307931209220e-02
-6.107388731634344481e-02
-5.343347460524938697e-02
-4.833986613118668174e-02
-5.088667036821803435e-02
-5.343347460524938697e-02
-5.343347460524938697e-02
-6.107388731634344481e-02
-6.107388731634344481e-02
-5.088667036821803435e-02
-5.343347460524938697e-02
-4.833986613118668174e-02
-5.343347460524938697e-02
-5.343347460524938697e-02
-6.107388731634344481e-02
-5.852708307931209220e-02
-5.343347460524938697e-02
-5.598027884228073958e-02
-4.579306189415532913e-02
-5.088667036821803435e-02
-5.343347460524938697e-02
-5.343347460524938697e-02
-5.088667036821803435e-02
-6.107388731634344481e-02
-6.107388731634344481e-02
-5.343347460524938697e-02
-5.343347460524938697e-02
-4.833986613118668174e-02
-5.088667036821803435e-02
-5.343347460524938697e-02
-6.107388731634344481e-02
-6.107388731634344481e-02
-5.343347460524938697e-02
-5.088667036821803435e-02
-4.579306189415532913e-02
-4.833986613118668174e-02
-5.343347460524938697e-02
-5.343347460524938697e-02
-6.107388731634344481e-02
-5.343347460524938697e-02
-5.598027884228073958e-02
-5.088667036821803435e-02
-4.833986613118668174e-02
-5.343347460524938697e-02
-5.852708307931209220e-02
-5.852708307931209220e-02
-5.343347460524938697e-02
-5.343347460524938697e-02
-4.833986613118668174e-02
-5.088667036821803435e-02
-5.343347460524938697e-02
-5.343347460524938697e-02
-5.852708307931209220e-02
-5.852708307931209220e-02
-5.088667036821803435e-02
-5.598027884228073958e-02
-5.088667036821803435e-02
-4.579306189415532913e-02
-5.343347460524938697e-02
-5.343347460524938697e-02
-6.107388731634344481e-02
-6.107388731634344481e-02
-5.598027884228073958e-02
-5.088667036821803435e-02
-4.579306189415532913e-02
-5.088667036821803435e-02
-5.343347460524938697e-02
-5.088667036821803435e-02
-5.852708307931209220e-02
-5.852708307931209220e-02
-5.343347460524938697e-02
-4.833986613118668174e-02
-4.833986613118668174e-02
-5.343347460524938697e-02
-5.088667036821803435e-02
-6.362069155337479742e-02
-5.852708307931209220e-02
-5.598027884228073958e-02
-5.088667036821803435e-02
-4.833986613118668174e-02
-5.343347460524938697e-02
-5.343347460524938697e-02
-6.107388731634344481e-02
-5.343347460524938697e-02
-5.343347460524938697e-02
-5.088667036821803435e-02
-4.579306189415532913e-02
-4.579306189415532913e-02
-5.343347460524938697e-02
-6.107388731634344481e-02
-5.852708307931209220e-02
-5.343347460524938697e-02
-5.088667036821803435e-02
-4.579306189415532913e-02
-4.833986613118668174e-02
-5.343347460524938697e-02
-5.088667036821803435e-02
-5.598027884228073958e-02
-5.598027884228073958e-02
-5.088667036821803435e-02
-4.579306189415532913e-02
-4.833986613118668174e-02
-5.343347460524938697e-02
-5.852708307931209220e-02
-6.107388731634344481e-02
-5.343347460524938697e-02
-5.598027884228073958e-02
-4.833986613118668174e-02
-4.833986613118668174e-02
-5.343347460524938697e-02
-5.343347460524938697e-02
-6.107388731634344481e-02
-5.852708307931209220e-02
-5.343347460524938697e-02
-4.579306189415532913e-02
-5.088667036821803435e-02
-4.833986613118668174e-02
-5.343347460524938697e-02
-6.107388731634344481e-02
-6.107388731634344481e-02
-5.343347460524938697e-02
-5.343347460524938697e-02
-5.088667036821803435e-02
-4.833986613118668174e-02
-5.343347460524938697e-02
-5.852708307931209220e-02
-6.107388731634344481e-02
-6.107388731634344481e-02
-5.343347460524938697e-02
-4.833986613118668174e-02
-4.833986613118668174e-02
-4.833986613118668174e-02
-5.343347460524938697e-02
-5.343347460524938697e-02
-6.107388731634344481e-02
-5.852708307931209220e-02
-5.088667036821803435e-02
-4.579306189415532913e-02
-4.833986613118668174e-02
-5.343347460524938697e-02
-5.852708307931209220e-02
-5.088667036821803435e-02
-5.598027884228073958e-02
-5.343347460524938697e-02
-4.579306189415532913e-02
-4.833986613118668174e-02
-5.343347460524938697e-02
-6.107388731634344481e-02
-6.107388731634344481e-02
-5.852708307931209220e-02
-5.088667036821803435e-02
-5.088667036821803435e-02
-4.833986613118668174e-02
-4.833986613118668174e-02
-5.343347460524938697e-02
-6.107388731634344481e-02
-5.852708307931209220e-02
-5.598027884228073958e-02
-5.343347460524938697e-02
-4.833986613118668174e-02
-4.579306189415532913e-02
-5.343347460524938697e-02
-5.343347460524938697e-02
-6.107388731634344481e-02
-5.088667036821803435e-02
-5.598027884228073958e-02
-4.833986613118668174e-02
-5.088667036821803435e-02
-5.343347460524938697e-02
-5.343347460524938697e-02
-6.107388731634344481e-02
-6.107388731634344481e-02
-5.343347460524938697e-02
-5.343347460524938697e-02
-5.088667036821803435e-02
-5.088667036821803435e-02
-5.343347460524938697e-02
-5.343347460524938697e-02
-5.852708307931209220e-02
-5.343347460524938697e-02
-5.343347460524938697e-02
-4.579306189415532913e-02
-5.343347460524938697e-02
-5.343347460524938697e-02
-5.852708307931209220e-02
-6.107388731634344481e-02
-5.852708307931209220e-02
-5.343347460524938697e-02
-5.343347460524938697e-02
-5.088667036821803435e-02
-4.579306189415532913e-02
-5.343347460524938697e-02
-6.107388731634344481e-02
-5.088667036821803435e-02
-5.343347460524938697e-02
-4.579306189415532913e-02
-4.579306189415532913e-02
-4.833986613118668174e-02
-5.088667036821803435e-02
-5.343347460524938697e-02
-6.107388731634344481e-02
-5.852708307931209220e-02
-5.343347460524938697e-02
-5.088667036821803435e-02
-4.833986613118668174e-02
-5.343347460524938697e-02
-5.343347460524938697e-02
-6.107388731634344481e-02
-5.088667036821803435e-02
-4.579306189415532913e-02
-4.833986613118668174e-02
-4.833986613118668174e-02
-5.343347460524938697e-02
-5.852708307931209220e-02
-6.107388731634344481e-02
-5.343347460524938697e-02
-5.088667036821803435e-02
-4.579306189415532913e-02
-5.343347460524938697e-02
-5.343347460524938697e-02
-5.852708307931209220e-02
-5.852708307931209220e-02
-5.343347460524938697e-02
-5.343347460524938697e-02
-5.088667036821803435e-02
-5.088667036821803435e-02
-4.579306189415532913e-02
-5.343347460524938697e-02
-5.343347460524938697e-02
-5.343347460524938697e-02
-5.343347460524938697e-02
-5.343347460524938697e-02
-4.833986613118668174e-02
-4.833986613118668174e-02
-5.343347460524938697e-02
-5.852708307931209220e-02
-5.852708307931209220e-02
-5.343347460524938697e-02
-5.343347460524938697e-02
-5.088667036821803435e-02
-4.833986613118668174e-02
-5.343347460524938697e-02
-5.343347460524938697e-02
-6.107388731634344481e-02
-5.088667036821803435e-02
-5.343347460524938697e-02
-4.579306189415532913e-02
-4.833986613118668174e-02
-5.343347460524938697e-02
-5.343347460524938697e-02
-6.107388731634344481e-02
-6.107388731634344481e-02
-5.343347460524938697e-02
-5.343347460524938697e-02
-4.833986613118668174e-02
-4.579306189415532913e-02
-5.343347460524938697e-02
-5.088667036821803435e-02
-5.852708307931209220e-02
-6.107388731634344481e-02
-5.343347460524938697e-02
-5.343347460524938697e-02
-4.833986613118668174e-02
-4.833986613118668174e-02
-5.343347460524938697e-02
-6.107388731634344481e-02
-5.852708307931209220e-02
-5.343347460524938697e-02
-5.088667036821803435e-02
-4.579306189415532913e-02
-4.579306189415532913e-02
-5.343347460524938697e-02
-5.598027884228073958e-02
-5.852708307931209220e-02
-5.088667036821803435e-02
-5.343347460524938697e-02
-4.833986613118668174e-02
-5.088667036821803435e-02
-5.343347460524938697e-02
-5.852708307931209220e-02
-6.107388731634344481e-02
-5.088667036821803435e-02
-5.343347460524938697e-02
-4.833986613118668174e-02
-5.343347460524938697e-02
-5.343347460524938697e-02
-5.852708307931209220e-02
-5.852708307931209220e-02
-5.088667036821803435e-02
-5.343347460524938697e-02
-4.579306189415532913e-02
-4.833986613118668174e-02
-5.598027884228073958e-02
-5.343347460524938697e-02
-5.852708307931209220e-02
-5.852708307931209220e-02
-5.343347460524938697e-02
-5.343347460524938697e-02
-4.833986613118668174e-02
-5.088667036821803435e-02
-5.343347460524938697e-02
-6.107388731634344481e-02
-5.852708307931209220e-02
-5.088667036821803435e-02
-4.579306189415532913e-02
-4.833986613118668174e-02
-5.343347460524938697e-02
-5.088667036821803435e-02
-6.107388731634344481e-02
-5.598027884228073958e-02
-5.343347460524938697e-02
-4.579306189415532913e-02
-4.833986613118668174e-02
-4.579306189415532913e-02
-5.343347460524938697e-02
-5.343347460524938697e-02
-6.107388731634344481e-02
-5.088667036821803435e-02
-5.088667036821803435e-02
-5.343347460524938697e-02
-4.833986613118668174e-02
-4.833986613118668174e-02
-5.088667036821803435e-02
-6.107388731634344481e-02
-5.852708307931209220e-02
-5.343347460524938697e-02
-5.343347460524938697e-02
-4.833986613118668174e-02
-5.088667036821803435e-02
-5.343347460524938697e-02
-5.343347460524938697e-02
-6.107388731634344481e-02
-5.598027884228073958e-02
-5.343347460524938697e-02
-5.343347460524938697e-02
-4.833986613118668174e-02
-5.598027884228073958e-02
-5.343347460524938697e-02
-6.107388731634344481e-02
-5.088667036821803435e-02
-5.088667036821803435e-02
-4.833986613118668174e-02
-4.833986613118668174e-02
-5.343347460524938697e-02
-5.343347460524938697e-02
-5.852708307931209220e-02
-5.852708307931209220e-02
-5.343347460524938697e-02
-4.833986613118668174e-02
-5.088667036821803435e-02
-5.088667036821803435e-02
-5.343347460524938697e-02
-5.852708307931209220e-02
-5.088667036821803435e-02
-5.598027884228073958e-02
-4.579306189415532913e-02
-4.579306189415532913e-02
-5.343347460524938697e-02
-6.107388731634344481e-02
-6.107388731634344481e-02
-5.852708307931209220e-02
-5.343347460524938697e-02
-5.598027884228073958e-02
-4.833986613118668174e-02
-5.343347460524938697e-02
-5.343347460524938697e-02
-5.852708307931209220e-02
-6.107388731634344481e-02
-5.343347460524938697e-02
-5.343347460524938697e-02
-4.579306189415532913e-02
-4.579306189415532913e-02
-5.088667036821803435e-02
-5.852708307931209220e-02
-6.107388731634344481e-02
-5.852708307931209220e-02
-5.343347460524938697e-02
-5.088667036821803435e-02
-4.833986613118668174e-02
-4.579306189415532913e-02
-5.343347460524938697e-02
-6.107388731634344481e-02
-6.107388731634344481e-02
-5.343347460524938697e-02
-5.598027884228073958e-02
-4.579306189415532913e-02
-4.579306189415532913e-02
-5.343347460524938697e-02
-5.852708307931209220e-02
-5.088667036821803435e-02
-5.598027884228073958e-02
-4.833986613118668174e-02
-4.833986613118668174e-02
-5.343347460524938697e-02
-5.343347460524938697e-02
-6.107388731634344481e-02
-6.107388731634344481e-02
-5.343347460524938697e-02
-5.343347460524938697e-02
-5.088667036821803435e-02
-4.579306189415532913e-02
-5.343347460524938697e-02
-5.343347460524938697e-02
-5.598027884228073958e-02
-6.107388731634344481e-02
-5.343347460524938697e-02
-4.579306189415532913e-02
-4.833986613118668174e-02
-5.088667036821803435e-02
-5.088667036821803435e-02
-6.107388731634344481e-02
-5.343347460524938697e-02
-5.343347460524938697e-02
-5.343347460524938697e-02
-4.833986613118668174e-02
-4.833986613118668174e-02
-5.343347460524938697e-02
-5.343347460524938697e-02
-5.852708307931209220e-02
-5.852708307931209220e-02
-5.088667036821803435e-02
-4.833986613118668174e-02
-4.833986613118668174e-02
-5.088667036821803435e-02
-5.343347460524938697e-02
-5.852708307931209220e-02
-5.852708307931209220e-02
-5.088667036821803435e-02
-4.833986613118668174e-02
-4.579306189415532913e-02
-5.343347460524938697e-02
-5.343347460524938697e-02
-6.107388731634344481e-02
-5.343347460524938697e-02
-5.343347460524938697e-02
-5.088667036821803435e-02
-4.833986613118668174e-02
-5.343347460524938697e-02
-5.343347460524938697e-02
-5.088667036821803435e-02
-5.852708307931209220e-02
-5.852708307931209220e-02
-5.088667036821803435e-02
-5.343347460524938697e-02
-5.088667036821803435e-02
-5.343347460524938697e-02
-5.343347460524938697e-02
-5.852708307931209220e-02
-6.107388731634344481e-02
-5.088667036821803435e-02
-4.833986613118668174e-02
-4.579306189415532913e-02
-5.343347460524938697e-02
-5.088667036821803435e-02
-5.852708307931209220e-02
-5.088667036821803435e-02
-5.598027884228073958e-02
-4.833986613118668174e-02
-4.833986613118668174e-02
-5.088667036821803435e-02
-5.343347460524938697e-02
-5.852708307931209220e-02
-5.852708307931209220e-02
-5.343347460524938697e-02
-5.088667036821803435e-02
-4.833986613118668174e-02
-5.343347460524938697e-02
-5.088667036821803435e-02
-6.107388731634344481e-02
-5.852708307931209220e-02
-5.343347460524938697e-02
-4.833986613118668174e-02
-4.833986613118668174e-02
-5.088667036821803435e-02
-5.343347460524938697e-02
-5.343347460524938697e-02
-6.107388731634344481e-02
-5.343347460524938697e-02
-5.343347460524938697e-02
-4.579306189415532913e-02
-5.088667036821803435e-02
-5.343347460524938697e-02
-5.088667036821803435e-02
-6.107388731634344481e-02
-5.343347460524938697e-02
-5.343347460524938697e-02
-4.579306189415532913e-02
-4.833986613118668174e-02
-5.088667036821803435e-02
-5.598027884228073958e-02
-5.852708307931209220e-02
-5.852708307931209220e-02
-5.343347460524938697e-02
-4.833986613118668174e-02
-4.579306189415532913e-02
-5.088667036821803435e-02
-5.343347460524938697e-02
-5.852708307931209220e-02
-5.852708307931209220e-02
-5.852708307931209220e-02
-5.088667036821803435e-02
-4.833986613118668174e-02
-5.088667036821803435e-02
-5.088667036821803435e-02
-5.852708307931209220e-02
-6.107388731634344481e-02
-5.088667036821803435e-02
-5.343347460524938697e-02
-4.579306189415532913e-02
-5.343347460524938697e-02
-5.343347460524938697e-02
-5.343347460524938697e-02
-6.107388731634344481e-02
-5.088667036821803435e-02
-5.343347460524938697e-02
-4.579306189415532913e-02
-4.833986613118668174e-02
-5.598027884228073958e-02
-5.343347460524938697e-02
-6.107388731634344481e-02
-5.598027884228073958e-02
-5.343347460524938697e-02
-5.343347460524938697e-02
-4.833986613118668174e-02
-4.833986613118668174e-02
-5.343347460524938697e-02
-5.088667036821803435e-02
-5.852708307931209220e-02
-5.598027884228073958e-02
-5.088667036821803435e-02
-5.343347460524938697e-02
-4.579306189415532913e-02
-5.343347460524938697e-02
-5.088667036821803435e-02
-5.852708307931209220e-02
-5.852708307931209220e-02
-5.088667036821803435e-02
-4.579306189415532913e-02
-5.343347460524938697e-02
-4.579306189415532913e-02
-5.088667036821803435e-02
-5.343347460524938697e-02
-5.852708307931209220e-02
-5.088667036821803435e-02
-5.343347460524938697e-02
-4.833986613118668174e-02
-4.579306189415532913e-02
-5.343347460524938697e-02
-6.107388731634344481e-02
-5.852708307931209220e-02
-5.598027884228073958e-02
-5.598027884228073958e-02
-5.088667036821803435e-02
-4.833986613118668174e-02
-4.579306189415532913e-02
-5.343347460524938697e-02
-5.343347460524938697e-02
-5.088667036821803435e-02
-5.088667036821803435e-02
-5.088667036821803435e-02
-4.579306189415532913e-02
-5.088667036821803435e-02
-5.343347460524938697e-02
-5.088667036821803435e-02
-6.107388731634344481e-02
-6.107388731634344481e-02
-5.088667036821803435e-02
-4.579306189415532913e-02
-4.833986613118668174e-02
-5.343347460524938697e-02
-5.343347460524938697e-02
-6.107388731634344481e-02
-5.343347460524938697e-02
-5.343347460524938697e-02
-4.833986613118668174e-02
-5.343347460524938697e-02
-5.088667036821803435e-02
-5.852708307931209220e-02
-5.852708307931209220e-02
-5.343347460524938697e-02
-5.343347460524938697e-02
-4.579306189415532913e-02
-5.088667036821803435e-02
-5.343347460524938697e-02
-5.852708307931209220e-02
-5.343347460524938697e-02
-5.343347460524938697e-02
-5.343347460524938697e-02
-4.833986613118668174e-02
-4.833986613118668174e-02
-5.343347460524938697e-02
-5.852708307931209220e-02
-6.107388731634344481e-02
-5.343347460524938697e-02
-5.343347460524938697e-02
-5.343347460524938697e-02
-4.579306189415532913e-02
-5.343347460524938697e-02
-5.343347460524938697e-02
-5.343347460524938697e-02
-6.107388731634344481e-02
-5.088667036821803435e-02
-5.343347460524938697e-02
-5.088667036821803435e-02
-4.833986613118668174e-02
-5.343347460524938697e-02
-5.088667036821803435e-02
-5.852708307931209220e-02
-6.107388731634344481e-02
-5.343347460524938697e-02
-4.833986613118668174e-02
-4.579306189415532913e-02
-5.343347460524938697e-02
-5.088667036821803435e-02
-5.852708307931209220e-02
-5.343347460524938697e-02
-5.343347460524938697e-02
-5.088667036821803435e-02
-4.579306189415532913e-02
-5.343347460524938697e-02
-5.088667036821803435e-02
-5.852708307931209220e-02
-5.343347460524938697e-02
-5.343347460524938697e-02
-4.833986613118668174e-02
-4.579306189415532913e-02
-5.343347460524938697e-02
-5.343347460524938697e-02
-6.107388731634344481e-02
-5.852708307931209220e-02
-5.088667036821803435e-02
-5.343347460524938697e-02
-4.579306189415532913e-02
-5.343347460524938697e-02
-5.343347460524938697e-02
-5.852708307931209220e-02
-6.107388731634344481e-02
-5.343347460524938697e-02
-5.088667036821803435e-02
-4.579306189415532913e-02
-4.833986613118668174e-02
-5.088667036821803435e-02
-5.343347460524938697e-02
-5.852708307931209220e-02
-5.852708307931209220e-02
-5.343347460524938697e-02
-5.343347460524938697e-02
-4.579306189415532913e-02
-5.088667036821803435e-02
-5.088667036821803435e-02
-5.852708307931209220e-02
-5.852708307931209220e-02
-5.343347460524938697e-02
-5.343347460524938697e-02
-4.833986613118668174e-02
-4.579306189415532913e-02
-5.343347460524938697e-02
-5.343347460524938697e-02
-5.852708307931209220e-02
-5.852708307931209220e-02
-5.343347460524938697e-02
-4.579306189415532913e-02
-4.579306189415532913e-02
-5.343347460524938697e-02
-5.852708307931209220e-02
-6.107388731634344481e-02
-5.088667036821803435e-02
-5.088667036821803435e-02
-4.833986613118668174e-02
-5.088667036821803435e-02
-4.833986613118668174e-02
-5.343347460524938697e-02
-6.107388731634344481e-02
-5.852708307931209220e-02
-5.343347460524938697e-02
-5.598027884228073958e-02
-4.833986613118668174e-02
-4.833986613118668174e-02
-5.343347460524938697e-02
-5.343347460524938697e-02
-6.107388731634344481e-02
-5.088667036821803435e-02
-5.343347460524938697e-02
-4.579306189415532913e-02
-5.343347460524938697e-02
-5.343347460524938697e-02
-6.107388731634344481e-02
-6.107388731634344481e-02
-5.343347460524938697e-02
-5.343347460524938697e-02
-4.833986613118668174e-02
-4.579306189415532913e-02
-5.088667036821803435e-02
-5.343347460524938697e-02
-5.852708307931209220e-02
-5.088667036821803435e-02
-5.088667036821803435e-02
-4.579306189415532913e-02
-5.343347460524938697e-02
-5.088667036821803435e-02
-5.088667036821803435e-02
-5.852708307931209220e-02
-5.088667036821803435e-02
-5.343347460524938697e-02
-4.833986613118668174e-02
-4.833986613118668174e-02
-5.343347460524938697e-02
-5.343347460524938697e-02
-5.852708307931209220e-02
-6.107388731634344481e-02
-5.343347460524938697e-02
-5.343347460524938697e-02
-4.833986613118668174e-02
-4.833986613118668174e-02
-5.343347460524938697e-02
-6.107388731634344481e-02
-5.852708307931209220e-02
-5.088667036821803435e-02
-5.088667036821803435e-02
-4.833986613118668174e-02
-5.343347460524938697e-02
-5.343347460524938697e-02
-6.107388731634344481e-02
-5.852708307931209220e-02
-5.343347460524938697e-02
-5.343347460524938697e-02
-4.579306189415532913e-02
-5.088667036821803435e-02
-5.343347460524938697e-02
-5.343347460524938697e-02
-5.852708307931209220e-02
-5.343347460524938697e-02
-5.343347460524938697e-02
-5.343347460524938697e-02
-4.833986613118668174e-02
-5.343347460524938697e-02
-5.343347460524938697e-02
-5.852708307931209220e-02
-6.107388731634344481e-02
-5.088667036821803435e-02
-5.343347460524938697e-02
-5.088667036821803435e-02
-5.343347460524938697e-02
-5.343347460524938697e-02
-5.852708307931209220e-02
-6.107388731634344481e-02
-5.088667036821803435e-02
-5.343347460524938697e-02
-4.833986613118668174e-02
-5.343347460524938697e-02
-5.088667036821803435e-02
-5.852708307931209220e-02
-5.343347460524938697e-02
-5.343347460524938697e-02
-4.579306189415532913e-02
-4.579306189415532913e-02
-5.343347460524938697e-02
-5.343347460524938697e-02
-5.852708307931209220e-02
-5.343347460524938697e-02
-5.343347460524938697e-02
-5.088667036821803435e-02
-4.579306189415532913e-02
-5.343347460524938697e-02
-5.088667036821803435e-02
-5.852708307931209220e-02
-6.107388731634344481e-02
-5.343347460524938697e-02
-4.833986613118668174e-02
-4.579306189415532913e-02
-5.088667036821803435e-02
-5.343347460524938697e-02
-6.107388731634344481e-02
-5.343347460524938697e-02
-5.088667036821803435e-02
-4.833986613118668174e-02
-4.579306189415532913e-02
-5.088667036821803435e-02
-5.088667036821803435e-02
-5.343347460524938697e-02
-5.852708307931209220e-02
-6.107388731634344481e-02
-5.343347460524938697e-02
-4.833986613118668174e-02
-4.833986613118668174e-02
-5.343347460524938697e-02
-5.852708307931209220e-02
-5.852708307931209220e-02
-6.107388731634344481e-02
-5.088667036821803435e-02
-5.343347460524938697e-02
-4.833986613118668174e-02
-4.833986613118668174e-02
-5.343347460524938697e-02
-6.107388731634344481e-02
-5.852708307931209220e-02
-5.088667036821803435e-02
-5.598027884228073958e-02
-5.088667036821803435e-02
-4.833986613118668174e-02
-6.107388731634344481e-02
-5.852708307931209220e-02
-5.343347460524938697e-02
-5.343347460524938697e-02
-4.833986613118668174e-02
-4.579306189415532913e-02
-5.088667036821803435e-02
-5.088667036821803435e-02
-6.107388731634344481e-02
-5.852708307931209220e-02
-5.343347460524938697e-02
-4.579306189415532913e-02
-4.833986613118668174e-02
-5.088667036821803435e-02
-6.107388731634344481e-02
-5.852708307931209220e-02
-5.852708307931209220e-02
-5.852708307931209220e-02
-5.088667036821803435e-02
-4.833986613118668174e-02
-4.579306189415532913e-02
-5.088667036821803435e-02
-5.343347460524938697e-02
-5.852708307931209220e-02
-5.088667036821803435e-02
-4.833986613118668174e-02
-4.833986613118668174e-02
-4.833986613118668174e-02
-5.088667036821803435e-02
-5.343347460524938697e-02
-6.107388731634344481e-02
-5.343347460524938697e-02
-5.343347460524938697e-02
-5.343347460524938697e-02
-4.833986613118668174e-02
-4.833986613118668174e-02
-5.088667036821803435e-02
-5.343347460524938697e-02
-5.598027884228073958e-02
-5.852708307931209220e-02
-5.343347460524938697e-02
-5.343347460524938697e-02
-4.579306189415532913e-02
-5.088667036821803435e-02
-5.343347460524938697e-02
-5.852708307931209220e-02
-5.598027884228073958e-02
-5.088667036821803435e-02
-4.579306189415532913e-02
-5.343347460524938697e-02
-5.343347460524938697e-02
-5.343347460524938697e-02
-5.343347460524938697e-02
-6.107388731634344481e-02
-5.088667036821803435e-02
-5.343347460524938697e-02
-4.579306189415532913e-02
-5.088667036821803435e-02
-5.343347460524938697e-02
-5.343347460524938697e-02
-5.852708307931209220e-02
-5.852708307931209220e-02
-5.088667036821803435e-02
-4.579306189415532913e-02
-4.833986613118668174e-02
-5.343347460524938697e-02
-6.107388731634344481e-02
-5.852708307931209220e-02
-5.852708307931209220e-02
-5.343347460524938697e-02
-5.343347460524938697e-02
-4.579306189415532913e-02
-4.579306189415532913e-02
-5.343347460524938697e-02
-5.598027884228073958e-02
-5.852708307931209220e-02
-5.343347460524938697e-02
-5.088667036821803435e-02
-4.833986613118668174e-02
-4.833986613118668174e-02
-5.343347460524938697e-02
-5.852708307931209220e-02
-5.852708307931209220e-02
-5.088667036821803435e-02
-5.343347460524938697e-02
-4.579306189415532913e-02
-4.833986613118668174e-02
-5.343347460524938697e-02
-5.852708307931209220e-02
-5.852708307931209220e-02
-5.343347460524938697e-02
-5.598027884228073958e-02
-4.579306189415532913e-02
-4.833986613118668174e-02
-5.343347460524938697e-02
-5.343347460524938697e-02
-5.852708307931209220e-02
-5.088667036821803435e-02
-5.088667036821803435e-02
-4.833986613118668174e-02
-5.088667036821803435e-02
-5.088667036821803435e-02
-5.088667036821803435e-02
-6.107388731634344481e-02
-5.343347460524938697e-02
-5.343347460524938697e-02
-4.579306189415532913e-02
-4.833986613118668174e-02
-5.343347460524938697e-02
-6.107388731634344481e-02
-5.343347460524938697e-02
-5.343347460524938697e-02
-5.343347460524938697e-02
-4.579306189415532913e-02
-5.088667036821803435e-02
-5.343347460524938697e-02
-5.088667036821803435e-02
-5.852708307931209220e-02
-6.107388731634344481e-02
-5.088667036821803435e-02
-4.579306189415532913e-02
-4.833986613118668174e-02
-5.088667036821803435e-02
-5.088667036821803435e-02
-5.852708307931209220e-02
-5.852708307931209220e-02
-5.343347460524938697e-02
-4.579306189415532913e-02
-4.833986613118668174e-02
-5.088667036821803435e-02
-5.088667036821803435e-02
-5.852708307931209220e-02
-5.852708307931209220e-02
-5.343347460524938697e-02
-5.343347460524938697e-02
-4.579306189415532913e-02
-5.343347460524938697e-02
-5.343347460524938697e-02
-5.852708307931209220e-02
-5.852708307931209220e-02
-5.088667036821803435e-02
-5.088667036821803435e-02
-4.579306189415532913e-02
-4.833986613118668174e-02
-5.343347460524938697e-02
-5.852708307931209220e-02
-5.852708307931209220e-02
-5.343347460524938697e-02
-5.088667036821803435e-02
-4.833986613118668174e-02
-4.833986613118668174e-02
-5.088667036821803435e-02
-5.343347460524938697e-02
-6.107388731634344481e-02
-5.343347460524938697e-02
-5.343347460524938697e-02
-4.833986613118668174e-02
-4.833986613118668174e-02
-5.343347460524938697e-02
-5.598027884228073958e-02
-6.107388731634344481e-02
-5.343347460524938697e-02
-5.088667036821803435e-02
-4.579306189415532913e-02
-5.088667036821803435e-02
-5.343347460524938697e-02
-5.852708307931209220e-02
-6.107388731634344481e-02
-5.088667036821803435e-02
-5.343347460524938697e-02
-4.579306189415532913e-02
-4.579306189415532913e-02
-5.088667036821803435e-02
-5.852708307931209220e-02
-5.852708307931209220e-02
-5.343347460524938697e-02
-5.343347460524938697e-02
-4.579306189415532913e-02
-4.833986613118668174e-02
-5.343347460524938697e-02
-5.088667036821803435e-02
-5.852708307931209220e-02
-5.852708307931209220e-02
-5.343347460524938697e-02
-5.343347460524938697e-02
-4.579306189415532913e-02
-5.343347460524938697e-02
-5.343347460524938697e-02
-5.852708307931209220e-02
-5.852708307931209220e-02
-5.088667036821803435e-02
-5.343347460524938697e-02
-4.833986613118668174e-02
-5.088667036821803435e-02
-5.343347460524938697e-02
-5.598027884228073958e-02
-5.598027884228073958e-02
-5.343347460524938697e-02
-5.088667036821803435e-02
-4.579306189415532913e-02
-4.833986613118668174e-02
-5.088667036821803435e-02
-5.343347460524938697e-02
-5.852708307931209220e-02
-5.852708307931209220e-02
-5.088667036821803435e-02
-5.088667036821803435e-02
-4.833986613118668174e-02
-4.833986613118668174e-02
-5.343347460524938697e-02
-5.852708307931209220e-02
-6.107388731634344481e-02
-5.088667036821803435e-02
-4.579306189415532913e-02
-4.579306189415532913e-02
-5.088667036821803435e-02
-6.107388731634344481e-02
-5.852708307931209220e-02
-5.343347460524938697e-02
-5.598027884228073958e-02
-4.833986613118668174e-02
-4.833986613118668174e-02
-5.088667036821803435e-02
-5.343347460524938697e-02
-6.107388731634344481e-02
-6.107388731634344481e-02
-5.343347460524938697e-02
-4.833986613118668174e-02
-4.579306189415532913e-02
-5.343347460524938697e-02
-6.107388731634344481e-02
-6.107388731634344481e-02
-5.852708307931209220e-02
-5.343347460524938697e-02
-4.579306189415532913e-02
-4.579306189415532913e-02
-5.088667036821803435e-02
-5.088667036821803435e-02
-5.343347460524938697e-02
-5.852708307931209220e-02
-5.852708307931209220e-02
-5.343347460524938697e-02
-4.579306189415532913e-02
-4.579306189415532913e-02
-5.343347460524938697e-02
-5.343347460524938697e-02
-5.852708307931209220e-02
-5.343347460524938697e-02
-5.343347460524938697e-02
-4.579306189415532913e-02
-4.833986613118668174e-02
-5.343347460524938697e-02
-5.343347460524938697e-02
-5.852708307931209220e-02
-5.598027884228073958e-02
-5.343347460524938697e-02
-4.579306189415532913e-02
-4.833986613118668174e-02
-5.343347460524938697e-02
-5.088667036821803435e-02
-6.107388731634344481e-02
-5.088667036821803435e-02
-5.343347460524938697e-02
-4.833986613118668174e-02
-4.833986613118668174e-02
-5.343347460524938697e-02
-5.343347460524938697e-02
-5.852708307931209220e-02
-5.343347460524938697e-02
-4.833986613118668174e-02
-4.833986613118668174e-02
-5.088667036821803435e-02
-5.343347460524938697e-02
-6.107388731634344481e-02
-5.598027884228073958e-02
-5.343347460524938697e-02
-5.343347460524938697e-02
-5.088667036821803435e-02
-5.343347460524938697e-02
-5.088667036821803435e-02
-5.852708307931209220e-02
-5.852708307931209220e-02
-5.343347460524938697e-02
-5.343347460524938697e-02
-4.579306189415532913e-02
-4.833986613118668174e-02
-5.343347460524938697e-02
-5.343347460524938697e-02
-5.852708307931209220e-02
-5.852708307931209220e-02
-5.343347460524938697e-02
-5.343347460524938697e-02
-4.579306189415532913e-02
-5.343347460524938697e-02
-5.088667036821803435e-02
-6.107388731634344481e-02
-5.852708307931209220e-02
-5.343347460524938697e-02
-5.343347460524938697e-02
-5.343347460524938697e-02
-5.343347460524938697e-02
-5.852708307931209220e-02
-5.852708307931209220e-02
-5.343347460524938697e-02
-5.343347460524938697e-02
-4.579306189415532913e-02
-4.579306189415532913e-02
-5.088667036821803435e-02
-5.343347460524938697e-02
-5.852708307931209220e-02
-5.852708307931209220e-02
-5.088667036821803435e-02
-4.579306189415532913e-02
-4.833986613118668174e-02
-5.343347460524938697e-02
-5.343347460524938697e-02
-6.107388731634344481e-02
-5.343347460524938697e-02
-5.852708307931209220e-02
-5.343347460524938697e-02
-4.833986613118668174e-02
-4.833986613118668174e-02
-5.088667036821803435e-02
-5.343347460524938697e-02
-5.852708307931209220e-02
-5.852708307931209220e-02
-5.088667036821803435e-02
-4.579306189415532913e-02
-4.833986613118668174e-02
-5.088667036821803435e-02
-5.088667036821803435e-02
-5.343347460524938697e-02
-5.852708307931209220e-02
-5.088667036821803435e-02
-5.343347460524938697e-02
-4.579306189415532913e-02
-4.833986613118668174e-02
-5.343347460524938697e-02
-5.343347460524938697e-02
-5.852708307931209220e-02
-5.343347460524938697e-02
-5.343347460524938697e-02
-4.579306189415532913e-02
-4.579306189415532913e-02
-5.088667036821803435e-02
-6.107388731634344481e-02
-5.852708307931209220e-02
-5.852708307931209220e-02
-5.343347460524938697e-02
-5.598027884228073958e-02
-4.579306189415532913e-02
-4.833986613118668174e-02
-5.343347460524938697e-02
-5.343347460524938697e-02
-5.852708307931209220e-02
-5.852708307931209220e-02
-5.343347460524938697e-02
-4.579306189415532913e-02
-4.579306189415532913e-02
-5.088667036821803435e-02
-5.343347460524938697e-02
-5.852708307931209220e-02
-6.107388731634344481e-02
-5.088667036821803435e-02
-5.343347460524938697e-02
-4.579306189415532913e-02
-4.833986613118668174e-02
-5.088667036821803435e-02
-5.343347460524938697e-02
-6.107388731634344481e-02
-5.343347460524938697e-02
-5.343347460524938697e-02
-4.833986613118668174e-02
-4.579306189415532913e-02
-5.343347460524938697e-02
-5.343347460524938697e-02
-5.852708307931209220e-02
-5.852708307931209220e-02
-5.343347460524938697e-02
-5.343347460524938697e-02
-4.833986613118668174e-02
-5.343347460524938697e-02
-5.343347460524938697e-02
-5.852708307931209220e-02
-5.852708307931209220e-02
-5.088667036821803435e-02
-5.598027884228073958e-02
-4.833986613118668174e-02
-5.343347460524938697e-02
-5.343347460524938697e-02
-5.852708307931209220e-02
-5.343347460524938697e-02
-5.343347460524938697e-02
-5.088667036821803435e-02
-4.579306189415532913e-02
-4.833986613118668174e-02
-5.343347460524938697e-02
-5.598027884228073958e-02
-5.852708307931209220e-02
-5.598027884228073958e-02
-5.088667036821803435e-02
-5.343347460524938697e-02
-4.579306189415532913e-02
-4.833986613118668174e-02
-5.088667036821803435e-02
-5.343347460524938697e-02
-5.852708307931209220e-02
-6.107388731634344481e-02
-5.343347460524938697e-02
-4.833986613118668174e-02
-4.833986613118668174e-02
-5.343347460524938697e-02
-5.343347460524938697e-02
-5.852708307931209220e-02
-6.107388731634344481e-02
-5.343347460524938697e-02
-5.343347460524938697e-02
-4.833986613118668174e-02
-5.343347460524938697e-02
-5.343347460524938697e-02
-5.852708307931209220e-02
-6.107388731634344481e-02
-5.088667036821803435e-02
-5.598027884228073958e-02
-4.833986613118668174e-02
-5.088667036821803435e-02
-5.343347460524938697e-02
-5.852708307931209220e-02
-6.107388731634344481e-02
-5.088667036821803435e-02
-5.088667036821803435e-02
-4.833986613118668174e-02
-4.833986613118668174e-02
-5.343347460524938697e-02
-5.852708307931209220e-02
-5.852708307931209220e-02
-5.343347460524938697e-02
-5.343347460524938697e-02
-4.579306189415532913e-02
-5.088667036821803435e-02
-5.343347460524938697e-02
-5.343347460524938697e-02
-6.107388731634344481e-02
-5.088667036821803435e-02
-5.343347460524938697e-02
-4.833986613118668174e-02
-4.579306189415532913e-02
-5.343347460524938697e-02
-6.107388731634344481e-02
-6.107388731634344481e-02
-5.343347460524938697e-02
-5.088667036821803435e-02
-4.833986613118668174e-02
-5.088667036821803435e-02
-5.343347460524938697e-02
-6.107388731634344481e-02
-5.852708307931209220e-02
-5.343347460524938697e-02
-4.579306189415532913e-02
-4.579306189415532913e-02
-4.579306189415532913e-02
-5.088667036821803435e-02
-5.598027884228073958e-02
-5.852708307931209220e-02
-5.343347460524938697e-02
-5.343347460524938697e-02
-4.833986613118668174e-02
-4.579306189415532913e-02
-5.343347460524938697e-02
-6.107388731634344481e-02
-6.107388731634344481e-02
-5.343347460524938697e-02
-5.343347460524938697e-02
-4.579306189415532913e-02
-4.579306189415532913e-02
-5.088667036821803435e-02
-6.107388731634344481e-02
-6.107388731634344481e-02
-5.852708307931209220e-02
-5.343347460524938697e-02
-5.343347460524938697e-02
-4.579306189415532913e-02
-4.833986613118668174e-02
-5.343347460524938697e-02
-5.343347460524938697e-02
-6.107388731634344481e-02
-5.343347460524938697e-02
-5.598027884228073958e-02
-4.833986613118668174e-02
-4.579306189415532913e-02
-5.343347460524938697e-02
-5.088667036821803435e-02
-5.852708307931209220e-02
-5.343347460524938697e-02
-5.343347460524938697e-02
-4.579306189415532913e-02
-5.343347460524938697e-02
-5.852708307931209220e-02
-6.107388731634344481e-02
-6.107388731634344481e-02
-5.343347460524938697e-02
-5.343347460524938697e-02
-4.833986613118668174e-02
-5.343347460524938697e-02
-5.088667036821803435e-02
-5.343347460524938697e-02
-6.107388731634344481e-02
-5.852708307931209220e-02
-5.088667036821803435e-02
-5.343347460524938697e-02
-4.579306189415532913e-02
-4.579306189415532913e-02
-5.088667036821803435e-02
-5.343347460524938697e-02
-5.852708307931209220e-02
-5.852708307931209220e-02
-5.343347460524938697e-02
-4.833986613118668174e-02
-4.833986613118668174e-02
-5.088667036821803435e-02
-5.343347460524938697e-02
-5.852708307931209220e-02
-5.852708307931209220e-02
-5.343347460524938697e-02
-5.343347460524938697e-02
-4.579306189415532913e-02
-5.343347460524938697e-02
-5.088667036821803435e-02
-5.852708307931209220e-02
-5.852708307931209220e-02
-5.343347460524938697e-02
-5.343347460524938697e-02
-4.579306189415532913e-02
-4.579306189415532913e-02
-5.343347460524938697e-02
-5.343347460524938697e-02
-6.107388731634344481e-02
-6.107388731634344481e-02
-5.343347460524938697e-02
-5.598027884228073958e-02
-4.833986613118668174e-02
-5.343347460524938697e-02
-5.343347460524938697e-02
-6.107388731634344481e-02
-5.088667036821803435e-02
-5.088667036821803435e-02
-4.833986613118668174e-02
-4.579306189415532913e-02
-5.343347460524938697e-02
-5.343347460524938697e-02
-5.343347460524938697e-02
-5.852708307931209220e-02
-6.107388731634344481e-02
-5.598027884228073958e-02
-4.579306189415532913e-02
-5.088667036821803435e-02
-5.088667036821803435e-02
-5.343347460524938697e-02
-5.852708307931209220e-02
-5.343347460524938697e-02
-5.343347460524938697e-02
-4.579306189415532913e-02
-4.833986613118668174e-02
-5.343347460524938697e-02
-6.107388731634344481e-02
-5.852708307931209220e-02
-5.343347460524938697e-02
-5.343347460524938697e-02
-5.343347460524938697e-02
-4.833986613118668174e-02
-4.833986613118668174e-02
-5.088667036821803435e-02
-5.343347460524938697e-02
-6.107388731634344481e-02
-5.088667036821803435e-02
-5.343347460524938697e-02
-4.833986613118668174e-02
-4.833986613118668174e-02
-5.343347460524938697e-02
-5.088667036821803435e-02
-6.107388731634344481e-02
-5.343347460524938697e-02
-5.343347460524938697e-02
-4.579306189415532913e-02
-4.579306189415532913e-02
-5.088667036821803435e-02
-5.852708307931209220e-02
-6.107388731634344481e-02
-5.088667036821803435e-02
-5.343347460524938697e-02
-4.579306189415532913e-02
-4.833986613118668174e-02
-5.343347460524938697e-02
-6.107388731634344481e-02
-5.852708307931209220e-02
-5.343347460524938697e-02
-5.343347460524938697e-02
-5.088667036821803435e-02
-4.833986613118668174e-02
-4.833986613118668174e-02
-5.343347460524938697e-02
-5.852708307931209220e-02
-5.852708307931209220e-02
-5.088667036821803435e-02
-5.343347460524938697e-02
-4.579306189415532913e-02
-4.833986613118668174e-02
-5.343347460524938697e-02
-5.343347460524938697e-02
-6.107388731634344481e-02
-5.852708307931209220e-02
-5.343347460524938697e-02
-4.833986613118668174e-02
-4.833986613118668174e-02
-5.088667036821803435e-02
-5.343347460524938697e-02
-5.852708307931209220e-02
-6.107388731634344481e-02
-4.833986613118668174e-02
-5.088667036821803435e-02
-4.579306189415532913e-02
-5.088667036821803435e-02
-5.852708307931209220e-02
-5.852708307931209220e-02
-5.343347460524938697e-02
-5.088667036821803435e-02
-5.598027884228073958e-02
-4.579306189415532913e-02
-4.833986613118668174e-02
-5.343347460524938697e-02
-6.107388731634344481e-02
-6.107388731634344481e-02
-5.598027884228073958e-02
-5.343347460524938697e-02
-4.833986613118668174e-02
-4.833986613118668174e-02
-5.343347460524938697e-02
-5.852708307931209220e-02
-6.107388731634344481e-02
-5.343347460524938697e-02
-5.088667036821803435e-02
-4.833986613118668174e-02
-4.833986613118668174e-02
-5.343347460524938697e-02
-5.343347460524938697e-02
-5.852708307931209220e-02
-5.343347460524938697e-02
-5.598027884228073958e-02
-4.579306189415532913e-02
-4.579306189415532913e-02
-5.343347460524938697e-02
-5.343347460524938697e-02
-5.852708307931209220e-02
-5.852708307931209220e-02
-5.343347460524938697e-02
-4.579306189415532913e-02
-4.833986613118668174e-02
-5.343347460524938697e-02
-5.088667036821803435e-02
-6.107388731634344481e-02
-5.852708307931209220e-02
-5.088667036821803435e-02
-4.833986613118668174e-02
-4.579306189415532913e-02
-5.088667036821803435e-02
-5.088667036821803435e-02
-5.852708307931209220e-02
-5.852708307931209220e-02
-5.088667036821803435e-02
-5.088667036821803435e-02
-4.833986613118668174e-02
-5.088667036821803435e-02
-5.343347460524938697e-02
-5.598027884228073958e-02
-5.852708307931209220e-02
-5.343347460524938697e-02
-5.343347460524938697e-02
-4.579306189415532913e-02
-5.088667036821803435e-02
-5.343347460524938697e-02
-5.852708307931209220e-02
-5.598027884228073958e-02
-5.343347460524938697e-02
-5.343347460524938697e-02
-4.833986613118668174e-02
-5.088667036821803435e-02
-5.343347460524938697e-02
-5.343347460524938697e-02
-5.852708307931209220e-02
-5.852708307931209220e-02
-5.343347460524938697e-02
-4.833986613118668174e-02
-4.579306189415532913e-02
-5.088667036821803435e-02
-5.343347460524938697e-02
-6.107388731634344481e-02
-6.107388731634344481e-02
-5.343347460524938697e-02
-5.343347460524938697e-02
-4.833986613118668174e-02
-5.598027884228073958e-02
-5.343347460524938697e-02
-6.107388731634344481e-02
-6.107388731634344481e-02
-5.343347460524938697e-02
-5.343347460524938697e-02
-4.833986613118668174e-02
-5.343347460524938697e-02
-5.343347460524938697e-02
-6.107388731634344481e-02
-6.107388731634344481e-02
-5.343347460524938697e-02
-5.088667036821803435e-02
-4.833986613118668174e-02
-5.343347460524938697e-02
-5.343347460524938697e-02
-5.852708307931209220e-02
-6.107388731634344481e-02
-5.343347460524938697e-02
-5.088667036821803435e-02
-4.833986613118668174e-02
-4.833986613118668174e-02
-5.343347460524938697e-02
-5.852708307931209220e-02
-5.852708307931209220e-02
-5.088667036821803435e-02
-5.343347460524938697e-02
-4.833986613118668174e-02
-4.833986613118668174e-02
-5.343347460524938697e-02
-5.852708307931209220e-02
-5.852708307931209220e-02
-5.343347460524938697e-02
-5.088667036821803435e-02
-5.088667036821803435e-02
-4.579306189415532913e-02
-5.343347460524938697e-02
-5.343347460524938697e-02
-6.107388731634344481e-02
-5.852708307931209220e-02
-5.343347460524938697e-02
-4.833986613118668174e-02
-4.579306189415532913e-02
-5.343347460524938697e-02
-5.088667036821803435e-02
-6.107388731634344481e-02
-5.852708307931209220e-02
-5.343347460524938697e-02
-5.598027884228073958e-02
-4.833986613118668174e-02
-4.833986613118668174e-02
-5.343347460524938697e-02
-5.343347460524938697e-02
-5.852708307931209220e-02
-5.343347460524938697e-02
-4.579306189415532913e-02
-4.833986613118668174e-02
-5.598027884228073958e-02
-5.343347460524938697e-02
-5.343347460524938697e-02
-5.598027884228073958e-02
-5.852708307931209220e-02
-5.343347460524938697e-02
-5.343347460524938697e-02
-4.833986613118668174e-02
-4.579306189415532913e-02
-5.343347460524938697e-02
-5.852708307931209220e-02
-6.107388731634344481e-02
-5.343347460524938697e-02
-5.343347460524938697e-02
-5.088667036821803435e-02
-5.343347460524938697e-02
-5.852708307931209220e-02
-6.107388731634344481e-02
-5.088667036821803435e-02
-5.343347460524938697e-02
-5.088667036821803435e-02
-4.833986613118668174e-02
-5.343347460524938697e-02
-5.343347460524938697e-02
-5.852708307931209220e-02
-6.107388731634344481e-02
-5.343347460524938697e-02
-5.343347460524938697e-02
-4.833986613118668174e-02
-4.833986613118668174e-02
-5.343347460524938697e-02
-5.343347460524938697e-02
-6.107388731634344481e-02
-5.343347460524938697e-02
-5.088667036821803435e-02
-4.833986613118668174e-02
-4.579306189415532913e-02
-5.343347460524938697e-02
-5.343347460524938697e-02
-5.852708307931209220e-02
-5.343347460524938697e-02
-5.343347460524938697e-02
-4.833986613118668174e-02
-4.579306189415532913e-02
-5.088667036821803435e-02
-6.107388731634344481e-02
-5.852708307931209220e-02
-5.852708307931209220e-02
-5.343347460524938697e-02
-5.598027884228073958e-02
-4.833986613118668174e-02
-4.579306189415532913e-02
-5.343347460524938697e-02
-6.107388731634344481e-02
-6.107388731634344481e-02
-5.088667036821803435e-02
-5.598027884228073958e-02
-4.833986613118668174e-02
-5.343347460524938697e-02
-5.343347460524938697e-02
-6.107388731634344481e-02
-6.107388731634344481e-02
-5.088667036821803435e-02
-5.343347460524938697e-02
-4.833986613118668174e-02
-5.088667036821803435e-02
-5.088667036821803435e-02
-5.343347460524938697e-02
-5.343347460524938697e-02
-6.107388731634344481e-02
-5.343347460524938697e-02
-5.343347460524938697e-02
-5.088667036821803435e-02
-4.579306189415532913e-02
-5.343347460524938697e-02
-5.343347460524938697e-02
-5.852708307931209220e-02
-5.852708307931209220e-02
-5.343347460524938697e-02
-5.343347460524938697e-02
-4.833986613118668174e-02
-5.343347460524938697e-02
-5.343347460524938697e-02
-5.852708307931209220e-02
-5.852708307931209220e-02
-5.088667036821803435e-02
-5.343347460524938697e-02
-4.579306189415532913e-02
-5.343347460524938697e-02
-5.343347460524938697e-02
-5.852708307931209220e-02
-6.107388731634344481e-02
-5.343347460524938697e-02
-5.088667036821803435e-02
-5.088667036821803435e-02
-4.579306189415532913e-02
-5.343347460524938697e-02
-5.852708307931209220e-02
-5.343347460524938697e-02
-5.343347460524938697e-02
-4.833986613118668174e-02
-5.088667036821803435e-02
-5.088667036821803435e-02
-5.852708307931209220e-02
-5.852708307931209220e-02
-5.088667036821803435e-02
-5.088667036821803435e-02
-4.833986613118668174e-02
-4.833986613118668174e-02
-4.833986613118668174e-02
-5.343347460524938697e-02
-5.343347460524938697e-02
-6.107388731634344481e-02
-5.852708307931209220e-02
-5.088667036821803435e-02
-4.833986613118668174e-02
-4.579306189415532913e-02
-5.343347460524938697e-02
-6.107388731634344481e-02
-5.852708307931209220e-02
-5.343347460524938697e-02
-4.833986613118668174e-02
-4.579306189415532913e-02
-4.833986613118668174e-02
-5.343347460524938697e-02
-5.088667036821803435e-02
-5.852708307931209220e-02
-5.852708307931209220e-02
-5.343347460524938697e-02
-5.343347460524938697e-02
-4.833986613118668174e-02
-4.579306189415532913e-02
-5.088667036821803435e-02
-5.343347460524938697e-02
-6.107388731634344481e-02
-5.343347460524938697e-02
-5.598027884228073958e-02
-4.833986613118668174e-02
-4.833986613118668174e-02
-5.343347460524938697e-02
-5.088667036821803435e-02
-5.852708307931209220e-02
-5.343347460524938697e-02
-5.088667036821803435e-02
-4.833986613118668174e-02
-4.833986613118668174e-02
-5.088667036821803435e-02
-5.852708307931209220e-02
-5.852708307931209220e-02
-5.343347460524938697e-02
-5.343347460524938697e-02
-5.598027884228073958e-02
-5.088667036821803435e-02
-4.833986613118668174e-02
-5.343347460524938697e-02
-6.107388731634344481e-02
-5.852708307931209220e-02
-5.343347460524938697e-02
-5.343347460524938697e-02
-4.579306189415532913e-02
-4.579306189415532913e-02
-5.343347460524938697e-02
-5.343347460524938697e-02
-5.852708307931209220e-02
-5.088667036821803435e-02
-5.343347460524938697e-02
-4.833986613118668174e-02
-4.833986613118668174e-02
-5.343347460524938697e-02
-5.343347460524938697e-02
-5.852708307931209220e-02
-5.598027884228073958e-02
-5.343347460524938697e-02
-5.088667036821803435e-02
-4.833986613118668174e-02
-5.343347460524938697e-02
-5.852708307931209220e-02
-6.107388731634344481e-02
-5.343347460524938697e-02
-5.343347460524938697e-02
-4.833986613118668174e-02
-4.833986613118668174e-02
-5.343347460524938697e-02
-6.107388731634344481e-02
-5.852708307931209220e-02
-5.598027884228073958e-02
-5.343347460524938697e-02
-4.833986613118668174e-02
-5.343347460524938697e-02
-5.343347460524938697e-02
-5.852708307931209220e-02
-6.107388731634344481e-02
-6.107388731634344481e-02
-5.343347460524938697e-02
-5.088667036821803435e-02
-4.833986613118668174e-02
-5.343347460524938697e-02
-5.343347460524938697e-02
-6.107388731634344481e-02
-6.107388731634344481e-02
-5.343347460524938697e-02
-5.343347460524938697e-02
-4.833986613118668174e-02
-4.579306189415532913e-02
-5.343347460524938697e-02
-5.852708307931209220e-02
-6.107388731634344481e-02
-5.343347460524938697e-02
-5.088667036821803435e-02
-4.579306189415532913e-02
-5.088667036821803435e-02
-5.343347460524938697e-02
-6.107388731634344481e-02
-6.107388731634344481e-02
-5.088667036821803435e-02
-5.343347460524938697e-02
-4.579306189415532913e-02
-4.579306189415532913e-02
-5.343347460524938697e-02
-5.343347460524938697e-02
-5.852708307931209220e-02
-5.852708307931209220e-02
-5.598027884228073958e-02
-5.343347460524938697e-02
-4.833986613118668174e-02
-4.579306189415532913e-02
-5.343347460524938697e-02
-5.343347460524938697e-02
-5.852708307931209220e-02
-5.343347460524938697e-02
-5.343347460524938697e-02
-4.833986613118668174e-02
-4.833986613118668174e-02
-5.343347460524938697e-02
-5.343347460524938697e-02
-5.852708307931209220e-02
-6.107388731634344481e-02
-5.343347460524938697e-02
-5.343347460524938697e-02
-4.579306189415532913e-02
-4.833986613118668174e-02
-5.343347460524938697e-02
-6.107388731634344481e-02
-5.852708307931209220e-02
-5.343347460524938697e-02
-5.343347460524938697e-02
-4.833986613118668174e-02
-4.833986613118668174e-02
-5.343347460524938697e-02
-5.343347460524938697e-02
-6.107388731634344481e-02
-5.852708307931209220e-02
-5.343347460524938697e-02
-4.833986613118668174e-02
-4.579306189415532913e-02
-5.343347460524938697e-02
-5.852708307931209220e-02
-6.107388731634344481e-02
-5.343347460524938697e-02
-5.343347460524938697e-02
-4.833986613118668174e-02
-4.579306189415532913e-02
-5.343347460524938697e-02
-5.343347460524938697e-02
-6.107388731634344481e-02
-5.088667036821803435e-02
-5.343347460524938697e-02
-4.579306189415532913e-02
-4.579306189415532913e-02
-4.833986613118668174e-02
-5.088667036821803435e-02
-5.343347460524938697e-02
-5.852708307931209220e-02
-5.852708307931209220e-02
-5.343347460524938697e-02
-5.343347460524938697e-02
-4.833986613118668174e-02
-5.343347460524938697e-02
-5.343347460524938697e-02
-6.107388731634344481e-02
-5.852708307931209220e-02
-5.343347460524938697e-02
-4.833986613118668174e-02
-4.579306189415532913e-02
-5.343347460524938697e-02
-6.107388731634344481e-02
-5.852708307931209220e-02
-5.343347460524938697e-02
-5.343347460524938697e-02
-4.833986613118668174e-02
-4.833986613118668174e-02
-5.343347460524938697e-02
-6.107388731634344481e-02
-6.107388731634344481e-02
-5.343347460524938697e-02
-5.343347460524938697e-02
-4.579306189415532913e-02
-4.833986613118668174e-02
-5.343347460524938697e-02
-5.343347460524938697e-02
-5.852708307931209220e-02
-5.088667036821803435e-02
-5.088667036821803435e-02
-4.833986613118668174e-02
-4.579306189415532913e-02
-4.833986613118668174e-02
-5.343347460524938697e-02
-5.852708307931209220e-02
-5.852708307931209220e-02
-5.343347460524938697e-02
-5.343347460524938697e-02
-5.088667036821803435e-02
-5.343347460524938697e-02
-5.088667036821803435e-02
-5.088667036821803435e-02
-6.107388731634344481e-02
-5.852708307931209220e-02
-5.343347460524938697e-02
-4.833986613118668174e-02
-4.579306189415532913e-02
-5.088667036821803435e-02
-5.088667036821803435e-02
-5.598027884228073958e-02
-6.107388731634344481e-02
-5.088667036821803435e-02
-5.343347460524938697e-02
-4.833986613118668174e-02
-4.833986613118668174e-02
-5.343347460524938697e-02
-5.852708307931209220e-02
-5.852708307931209220e-02
-5.343347460524938697e-02
-5.598027884228073958e-02
-4.833986613118668174e-02
-4.833986613118668174e-02
-5.343347460524938697e-02
-5.852708307931209220e-02
-5.852708307931209220e-02
-5.343347460524938697e-02
-5.343347460524938697e-02
-5.088667036821803435e-02
-4.833986613118668174e-02
-4.833986613118668174e-02
-5.088667036821803435e-02
-5.852708307931209220e-02
-5.852708307931209220e-02
-5.343347460524938697e-02
-5.343347460524938697e-02
-4.833986613118668174e-02
-4.833986613118668174e-02
-5.343347460524938697e-02
-5.343347460524938697e-02
-5.852708307931209220e-02
-5.088667036821803435e-02
-4.833986613118668174e-02
-4.579306189415532913e-02
-4.579306189415532913e-02
-5.343347460524938697e-02
-5.343347460524938697e-02
-5.852708307931209220e-02
-6.107388731634344481e-02
-5.343347460524938697e-02
-5.343347460524938697e-02
-4.579306189415532913e-02
-5.343347460524938697e-02
-5.343347460524938697e-02
-5.852708307931209220e-02
-6.107388731634344481e-02
-5.343347460524938697e-02
-5.343347460524938697e-02
-4.579306189415532913e-02
-5.088667036821803435e-02
-6.107388731634344481e-02
-5.852708307931209220e-02
-5.343347460524938697e-02
-5.343347460524938697e-02
-4.833986613118668174e-02
-4.833986613118668174e-02
-4.833986613118668174e-02
-5.343347460524938697e-02
-5.088667036821803435e-02
-5.852708307931209220e-02
-5.852708307931209220e-02
-5.088667036821803435e-02
-4.833986613118668174e-02
-4.833986613118668174e-02
-5.343347460524938697e-02
-5.088667036821803435e-02
-6.107388731634344481e-02
-5.852708307931209220e-02
-5.343347460524938697e-02
-4.579306189415532913e-02
-4.833986613118668174e-02
-5.343347460524938697e-02
-5.343347460524938697e-02
-6.107388731634344481e-02
-6.107388731634344481e-02
-5.343347460524938697e-02
-5.088667036821803435e-02
-4.579306189415532913e-02
-5.343347460524938697e-02
-5.852708307931209220e-02
-5.852708307931209220e-02
-5.852708307931209220e-02
-5.598027884228073958e-02
-5.088667036821803435e-02
-4.833986613118668174e-02
-5.088667036821803435e-02
-5.343347460524938697e-02
-5.343347460524938697e-02
-5.852708307931209220e-02
-5.852708307931209220e-02
-5.343347460524938697e-02
-5.088667036821803435e-02
-4.833986613118668174e-02
-5.088667036821803435e-02
-5.088667036821803435e-02
-5.852708307931209220e-02
-6.107388731634344481e-02
-5.343347460524938697e-02
-5.088667036821803435e-02
-5.088667036821803435e-02
-5.343347460524938697e-02
-5.088667036821803435e-02
-6.107388731634344481e-02
-6.107388731634344481e-02
-5.343347460524938697e-02
-5.343347460524938697e-02
-4.833986613118668174e-02
-4.579306189415532913e-02
-5.343347460524938697e-02
-5.852708307931209220e-02
-5.852708307931209220e-02
-5.343347460524938697e-02
-5.088667036821803435e-02
-4.833986613118668174e-02
-5.088667036821803435e-02
-5.852708307931209220e-02
-5.852708307931209220e-02
-5.343347460524938697e-02
-5.088667036821803435e-02
-4.833986613118668174e-02
-5.088667036821803435e-02
-5.343347460524938697e-02
-6.107388731634344481e-02
-6.107388731634344481e-02
-5.852708307931209220e-02
-5.598027884228073958e-02
-5.343347460524938697e-02
-4.833986613118668174e-02
-4.579306189415532913e-02
-5.343347460524938697e-02
-5.852708307931209220e-02
-6.107388731634344481e-02
-5.343347460524938697e-02
-5.343347460524938697e-02
-5.088667036821803435e-02
-4.579306189415532913e-02
-5.343347460524938697e-02
-5.852708307931209220e-02
-5.852708307931209220e-02
-5.343347460524938697e-02
-4.833986613118668174e-02
-4.833986613118668174e-02
-4.833986613118668174e-02
-5.343347460524938697e-02
-6.107388731634344481e-02
-5.088667036821803435e-02
-5.343347460524938697e-02
-4.833986613118668174e-02
-4.579306189415532913e-02
-5.088667036821803435e-02
-5.088667036821803435e-02
-6.107388731634344481e-02
-5.852708307931209220e-02
-5.343347460524938697e-02
-5.343347460524938697e-02
-5.343347460524938697e-02
-5.088667036821803435e-02
-5.343347460524938697e-02
-5.852708307931209220e-02
-5.852708307931209220e-02
-5.343347460524938697e-02
-5.343347460524938697e-02
-4.579306189415532913e-02
-5.088667036821803435e-02
-5.343347460524938697e-02
-6.107388731634344481e-02
-5.852708307931209220e-02
-5.598027884228073958e-02
-5.088667036821803435e-02
-5.088667036821803435e-02
-5.088667036821803435e-02
-5.343347460524938697e-02
-5.852708307931209220e-02
-6.107388731634344481e-02
-5.343347460524938697e-02
-5.598027884228073958e-02
-5.088667036821803435e-02
-5.343347460524938697e-02
-5.088667036821803435e-02
-5.852708307931209220e-02
-6.107388731634344481e-02
-5.598027884228073958e-02
-5.343347460524938697e-02
-4.579306189415532913e-02
-4.579306189415532913e-02
-5.088667036821803435e-02
-6.107388731634344481e-02
-5.852708307931209220e-02
-5.343347460524938697e-02
-5.343347460524938697e-02
-5.343347460524938697e-02
-4.833986613118668174e-02
-4.579306189415532913e-02
-5.598027884228073958e-02
-6.107388731634344481e-02
-5.852708307931209220e-02
-5.088667036821803435e-02
-5.343347460524938697e-02
-4.833986613118668174e-02
-4.833986613118668174e-02
-5.088667036821803435e-02
-5.343347460524938697e-02
-5.852708307931209220e-02
-5.343347460524938697e-02
-5.343347460524938697e-02
-4.579306189415532913e-02
-4.579306189415532913e-02
-5.343347460524938697e-02
-5.343347460524938697e-02
-5.852708307931209220e-02
-5.343347460524938697e-02
-5.343347460524938697e-02
-4.833986613118668174e-02
-5.343347460524938697e-02
-5.343347460524938697e-02
-5.852708307931209220e-02
-5.852708307931209220e-02
-5.343347460524938697e-02
-5.343347460524938697e-02
-4.833986613118668174e-02
-5.088667036821803435e-02
-5.343347460524938697e-02
-6.107388731634344481e-02
-5.852708307931209220e-02
-5.343347460524938697e-02
-4.579306189415532913e-02
-4.833986613118668174e-02
-5.343347460524938697e-02
-6.107388731634344481e-02
-5.088667036821803435e-02
-6.107388731634344481e-02
-5.343347460524938697e-02
-5.088667036821803435e-02
-4.579306189415532913e-02
-4.833986613118668174e-02
-5.343347460524938697e-02
-5.343347460524938697e-02
-5.852708307931209220e-02
-5.343347460524938697e-02
-5.088667036821803435e-02
-5.088667036821803435e-02
-4.833986613118668174e-02
-5.343347460524938697e-02
-5.088667036821803435e-02
-5.852708307931209220e-02
-5.343347460524938697e-02
-5.343347460524938697e-02
-4.833986613118668174e-02
-4.579306189415532913e-02
-5.343347460524938697e-02
-6.107388731634344481e-02
-5.598027884228073958e-02
-5.852708307931209220e-02
-5.343347460524938697e-02
-4.579306189415532913e-02
-5.343347460524938697e-02
-5.343347460524938697e-02
-5.852708307931209220e-02
-5.852708307931209220e-02
-5.598027884228073958e-02
-4.833986613118668174e-02
-5.088667036821803435e-02
-5.343347460524938697e-02
-5.343347460524938697e-02
-5.852708307931209220e-02
-5.088667036821803435e-02
-5.343347460524938697e-02
-5.343347460524938697e-02
-4.579306189415532913e-02
-4.579306189415532913e-02
-5.852708307931209220e-02
-5.852708307931209220e-02
-5.343347460524938697e-02
-5.343347460524938697e-02
-4.579306189415532913e-02
-4.833986613118668174e-02
-5.343347460524938697e-02
-5.343347460524938697e-02
-5.852708307931209220e-02
-5.088667036821803435e-02
-5.343347460524938697e-02
-4.833986613118668174e-02
-4.579306189415532913e-02
-5.343347460524938697e-02
-5.343347460524938697e-02
-6.107388731634344481e-02
-5.852708307931209220e-02
-5.343347460524938697e-02
-5.088667036821803435e-02
-4.833986613118668174e-02
-5.343347460524938697e-02
-5.088667036821803435e-02
-6.107388731634344481e-02
-5.343347460524938697e-02
-5.343347460524938697e-02
-4.833986613118668174e-02
-5.343347460524938697e-02
-5.343347460524938697e-02
-5.852708307931209220e-02
-5.852708307931209220e-02
-5.852708307931209220e-02
-5.343347460524938697e-02
-4.833986613118668174e-02
-4.579306189415532913e-02
-5.343347460524938697e-02
-5.343347460524938697e-02
-6.107388731634344481e-02
-5.343347460524938697e-02
-5.343347460524938697e-02
-4.833986613118668174e-02
-4.833986613118668174e-02
-5.088667036821803435e-02
-5.343347460524938697e-02
-6.107388731634344481e-02
-5.343347460524938697e-02
-5.343347460524938697e-02
-4.833986613118668174e-02
-4.579306189415532913e-02
-4.579306189415532913e-02
-5.343347460524938697e-02
-5.088667036821803435e-02
-6.107388731634344481e-02
-5.852708307931209220e-02
-5.343347460524938697e-02
-4.833986613118668174e-02
-4.579306189415532913e-02
-5.598027884228073958e-02
-6.107388731634344481e-02
-5.852708307931209220e-02
-5.852708307931209220e-02
-5.343347460524938697e-02
-4.833986613118668174e-02
-5.088667036821803435e-02
-5.343347460524938697e-02
-5.343347460524938697e-02
-6.107388731634344481e-02
-6.107388731634344481e-02
-5.343347460524938697e-02
-5.343347460524938697e-02
-5.088667036821803435e-02
-5.598027884228073958e-02
-5.343347460524938697e-02
-6.107388731634344481e-02
-5.852708307931209220e-02
-5.852708307931209220e-02
-5.343347460524938697e-02
-5.088667036821803435e-02
-4.579306189415532913e-02
-4.833986613118668174e-02
-5.088667036821803435e-02
-5.343347460524938697e-02
-6.107388731634344481e-02
-5.343347460524938697e-02
-5.088667036821803435e-02
-4.833986613118668174e-02
-5.343347460524938697e-02
-5.343347460524938697e-02
-5.852708307931209220e-02
-6.107388731634344481e-02
-5.343347460524938697e-02
-5.343347460524938697e-02
-4.833986613118668174e-02
-5.343347460524938697e-02
-5.343347460524938697e-02
-5.088667036821803435e-02
-6.107388731634344481e-02
-5.088667036821803435e-02
-5.343347460524938697e-02
-4.833986613118668174e-02
-5.088667036821803435e-02
-5.343347460524938697e-02
-5.088667036821803435e-02
-5.852708307931209220e-02
-6.107388731634344481e-02
-5.088667036821803435e-02
-4.579306189415532913e-02
-4.833986613118668174e-02
-4.833986613118668174e-02
-5.343347460524938697e-02
-5.088667036821803435e-02
-5.852708307931209220e-02
-5.852708307931209220e-02
-5.088667036821803435e-02
-5.343347460524938697e-02
-4.833986613118668174e-02
-5.343347460524938697e-02
-6.107388731634344481e-02
-6.107388731634344481e-02
-5.088667036821803435e-02
-5.088667036821803435e-02
-4.833986613118668174e-02
-4.579306189415532913e-02
-5.343347460524938697e-02
-5.852708307931209220e-02
-5.852708307931209220e-02
-5.343347460524938697e-02
-5.343347460524938697e-02
-4.579306189415532913e-02
-4.833986613118668174e-02
-4.579306189415532913e-02
-5.088667036821803435e-02
-5.088667036821803435e-02
-5.852708307931209220e-02
-5.852708307931209220e-02
-5.088667036821803435e-02
-4.833986613118668174e-02
-4.833986613118668174e-02
-5.343347460524938697e-02
-5.598027884228073958e-02
-6.107388731634344481e-02
-5.343347460524938697e-02
-5.343347460524938697e-02
-4.833986613118668174e-02
-4.833986613118668174e-02
-5.343347460524938697e-02
-5.343347460524938697e-02
-5.598027884228073958e-02
-5.343347460524938697e-02
-5.088667036821803435e-02
-5.088667036821803435e-02
-4.833986613118668174e-02
-5.343347460524938697e-02
-5.088667036821803435e-02
-5.852708307931209220e-02
-5.852708307931209220e-02
-5.343347460524938697e-02
-5.088667036821803435e-02
-4.833986613118668174e-02
-5.343347460524938697e-02
-5.343347460524938697e-02
-6.107388731634344481e-02
-5.852708307931209220e-02
-5.852708307931209220e-02
-5.088667036821803435e-02
-5.088667036821803435e-02
-4.833986613118668174e-02
-4.579306189415532913e-02
-5.343347460524938697e-02
-5.088667036821803435e-02
-5.852708307931209220e-02
-5.598027884228073958e-02
-4.579306189415532913e-02
-4.579306189415532913e-02
-5.343347460524938697e-02
-5.088667036821803435e-02
-5.852708307931209220e-02
-5.852708307931209220e-02
-5.343347460524938697e-02
-5.343347460524938697e-02
-4.579306189415532913e-02
-4.833986613118668174e-02
-5.343347460524938697e-02
-6.107388731634344481e-02
-5.852708307931209220e-02
-5.088667036821803435e-02
-5.343347460524938697e-02
-4.833986613118668174e-02
-4.579306189415532913e-02
-4.833986613118668174e-02
-6.107388731634344481e-02
-6.107388731634344481e-02
-5.343347460524938697e-02
-5.598027884228073958e-02
-5.088667036821803435e-02
-5.088667036821803435e-02
-5.343347460524938697e-02
-5.343347460524938697e-02
-6.107388731634344481e-02
-5.343347460524938697e-02
-5.598027884228073958e-02
-4.833986613118668174e-02
-4.579306189415532913e-02
-5.088667036821803435e-02
-5.343347460524938697e-02
-6.107388731634344481e-02
-5.343347460524938697e-02
-5.088667036821803435e-02
-4.833986613118668174e-02
-5.088667036821803435e-02
-5.343347460524938697e-02
-5.343347460524938697e-02
-5.852708307931209220e-02
-5.852708307931209220e-02
-5.343347460524938697e-02
-4.833986613118668174e-02
-4.833986613118668174e-02
-5.343347460524938697e-02
-5.088667036821803435e-02
-6.107388731634344481e-02
-5.852708307931209220e-02
-5.343347460524938697e-02
-5.598027884228073958e-02
-5.088667036821803435e-02
-4.579306189415532913e-02
-5.088667036821803435e-02
-5.852708307931209220e-02
-5.852708307931209220e-02
-5.343347460524938697e-02
-5.088667036821803435e-02
-5.088667036821803435e-02
-5.088667036821803435e-02
-5.343347460524938697e-02
-5.088667036821803435e-02
-5.598027884228073958e-02
-6.107388731634344481e-02
-5.343347460524938697e-02
-5.343347460524938697e-02
-4.579306189415532913e-02
-4.579306189415532913e-02
-5.343347460524938697e-02
-5.852708307931209220e-02
-5.852708307931209220e-02
-5.343347460524938697e-02
-5.343347460524938697e-02
-4.833986613118668174e-02
-4.579306189415532913e-02
-5.088667036821803435e-02
-5.343347460524938697e-02
-5.598027884228073958e-02
-5.088667036821803435e-02
-5.088667036821803435e-02
-4.833986613118668174e-02
-4.833986613118668174e-02
-5.343347460524938697e-02
-5.343347460524938697e-02
-6.107388731634344481e-02
-5.852708307931209220e-02
-5.343347460524938697e-02
-4.579306189415532913e-02
-4.579306189415532913e-02
-5.343347460524938697e-02
-5.343347460524938697e-02
-5.852708307931209220e-02
-5.343347460524938697e-02
-4.579306189415532913e-02
-5.088667036821803435e-02
-5.343347460524938697e-02
-5.343347460524938697e-02
-5.343347460524938697e-02
-6.107388731634344481e-02
-5.088667036821803435e-02
-5.088667036821803435e-02
-4.833986613118668174e-02
-5.088667036821803435e-02
-5.088667036821803435e-02
-5.343347460524938697e-02
-6.107388731634344481e-02
-5.343347460524938697e-02
-5.088667036821803435e-02
-4.579306189415532913e-02
-4.579306189415532913e-02
-4.579306189415532913e-02
-5.088667036821803435e-02
-6.107388731634344481e-02
-5.852708307931209220e-02
-5.088667036821803435e-02
-5.343347460524938697e-02
-4.579306189415532913e-02
-4.833986613118668174e-02
-5.343347460524938697e-02
-5.852708307931209220e-02
-5.852708307931209220e-02
-5.343347460524938697e-02
-5.343347460524938697e-02
-4.579306189415532913e-02
-4.579306189415532913e-02
-5.343347460524938697e-02
-6.107388731634344481e-02
-6.107388731634344481e-02
-5.343347460524938697e-02
-5.088667036821803435e-02
-4.833986613118668174e-02
-4.579306189415532913e-02
-5.343347460524938697e-02
-5.343347460524938697e-02
-5.598027884228073958e-02
-5.343347460524938697e-02
-5.088667036821803435e-02
-4.833986613118668174e-02
-4.833986613118668174e-02
-5.343347460524938697e-02
-5.343347460524938697e-02
-6.107388731634344481e-02
-6.107388731634344481e-02
-5.343347460524938697e-02
-5.088667036821803435e-02
-4.579306189415532913e-02
-5.088667036821803435e-02
-5.088667036821803435e-02
-5.852708307931209220e-02
-5.343347460524938697e-02
-5.343347460524938697e-02
-5.343347460524938697e-02
-4.833986613118668174e-02
-5.343347460524938697e-02
-5.088667036821803435e-02
-6.107388731634344481e-02
-5.852708307931209220e-02
-5.598027884228073958e-02
-5.088667036821803435e-02
-4.833986613118668174e-02
-4.579306189415532913e-02
-5.343347460524938697e-02
-6.107388731634344481e-02
-6.107388731634344481e-02
-5.343347460524938697e-02
-5.343347460524938697e-02
-4.579306189415532913e-02
-5.088667036821803435e-02
-5.343347460524938697e-02
-5.852708307931209220e-02
-6.107388731634344481e-02
-5.598027884228073958e-02
-4.833986613118668174e-02
-4.579306189415532913e-02
-5.343347460524938697e-02
-5.343347460524938697e-02
-5.852708307931209220e-02
-5.598027884228073958e-02
-5.088667036821803435e-02
-4.579306189415532913e-02
-4.579306189415532913e-02
-5.088667036821803435e-02
-5.343347460524938697e-02
-6.107388731634344481e-02
-6.107388731634344481e-02
-5.343347460524938697e-02
-5.343347460524938697e-02
-4.579306189415532913e-02
-5.343347460524938697e-02
-5.343347460524938697e-02
-6.107388731634344481e-02
-5.852708307931209220e-02
-5.852708307931209220e-02
-5.088667036821803435e-02
-4.833986613118668174e-02
-4.833986613118668174e-02
-5.343347460524938697e-02
-6.107388731634344481e-02
-5.852708307931209220e-02
-5.088667036821803435e-02
-5.088667036821803435e-02
-5.088667036821803435e-02
-4.833986613118668174e-02
-5.343347460524938697e-02
-5.343347460524938697e-02
-5.852708307931209220e-02
-6.107388731634344481e-02
-5.343347460524938697e-02
-4.579306189415532913e-02
-5.088667036821803435e-02
-5.343347460524938697e-02
-5.343347460524938697e-02
-6.107388731634344481e-02
-5.852708307931209220e-02
-5.852708307931209220e-02
-5.343347460524938697e-02
-5.088667036821803435e-02
-4.833986613118668174e-02
-5.343347460524938697e-02
-5.088667036821803435e-02
-6.107388731634344481e-02
-5.598027884228073958e-02
-5.343347460524938697e-02
-5.343347460524938697e-02
-4.833986613118668174e-02
-5.343347460524938697e-02
-5.343347460524938697e-02
-5.343347460524938697e-02
-5.852708307931209220e-02
-5.343347460524938697e-02
-5.088667036821803435e-02
-4.324625765712397651e-02
-4.579306189415532913e-02
-5.343347460524938697e-02
-5.088667036821803435e-02
-6.107388731634344481e-02
-5.852708307931209220e-02
-5.343347460524938697e-02
-5.343347460524938697e-02
-4.833986613118668174e-02
-4.579306189415532913e-02
-5.852708307931209220e-02
-5.852708307931209220e-02
-5.343347460524938697e-02
-5.343347460524938697e-02
-4.579306189415532913e-02
-4.579306189415532913e-02
-4.833986613118668174e-02
-5.088667036821803435e-02
-5.343347460524938697e-02
-5.852708307931209220e-02
-5.852708307931209220e-02
-5.088667036821803435e-02
-5.343347460524938697e-02
-4.833986613118668174e-02
-5.343347460524938697e-02
-5.343347460524938697e-02
-5.852708307931209220e-02
-5.852708307931209220e-02
-5.343347460524938697e-02
-5.343347460524938697e-02
-4.833986613118668174e-02
-5.343347460524938697e-02
-5.343347460524938697e-02
-5.852708307931209220e-02
-5.852708307931209220e-02
-5.088667036821803435e-02
-4.579306189415532913e-02
-4.579306189415532913e-02
-5.088667036821803435e-02
-5.343347460524938697e-02
-5.852708307931209220e-02
-5.852708307931209220e-02
-5.343347460524938697e-02
-4.833986613118668174e-02
-4.833986613118668174e-02
-5.343347460524938697e-02
-5.088667036821803435e-02
-5.852708307931209220e-02
-5.852708307931209220e-02
-5.343347460524938697e-02
-4.579306189415532913e-02
-4.833986613118668174e-02
-5.598027884228073958e-02
-5.343347460524938697e-02
-5.852708307931209220e-02
-5.343347460524938697e-02
-5.852708307931209220e-02
-5.088667036821803435e-02
-4.579306189415532913e-02
-4.833986613118668174e-02
-5.343347460524938697e-02
-5.343347460524938697e-02
-5.852708307931209220e-02
-5.852708307931209220e-02
-5.343347460524938697e-02
-5.343347460524938697e-02
-4.833986613118668174e-02
-4.579306189415532913e-02
-5.598027884228073958e-02
-5.852708307931209220e-02
-5.852708307931209220e-02
-5.343347460524938697e-02
-5.088667036821803435e-02
-4.579306189415532913e-02
-5.088667036821803435e-02
-5.343347460524938697e-02
-5.852708307931209220e-02
-6.107388731634344481e-02
-5.088667036821803435e-02
-5.343347460524938697e-02
-4.833986613118668174e-02
-4.833986613118668174e-02
-5.343347460524938697e-02
-5.343347460524938697e-02
-6.107388731634344481e-02
-5.343347460524938697e-02
-5.088667036821803435e-02
-4.833986613118668174e-02
-5.088667036821803435e-02
-5.088667036821803435e-02
-5.343347460524938697e-02
-5.852708307931209220e-02
-6.107388731634344481e-02
-5.343347460524938697e-02
-4.833986613118668174e-02
-5.088667036821803435e-02
-5.343347460524938697e-02
-5.343347460524938697e-02
-5.598027884228073958e-02
-5.088667036821803435e-02
-5.088667036821803435e-02
-4.833986613118668174e-02
-5.343347460524938697e-02
-5.088667036821803435e-02
-5.852708307931209220e-02
-5.852708307931209220e-02
-5.852708307931209220e-02
-5.343347460524938697e-02
-5.343347460524938697e-02
-4.833986613118668174e-02
-5.343347460524938697e-02
-5.343347460524938697e-02
-5.598027884228073958e-02
-5.343347460524938697e-02
-5.088667036821803435e-02
-4.579306189415532913e-02
-4.833986613118668174e-02
-5.088667036821803435e-02
-5.598027884228073958e-02
-5.852708307931209220e-02
-5.852708307931209220e-02
-5.088667036821803435e-02
-5.088667036821803435e-02
-4.833986613118668174e-02
-5.343347460524938697e-02
-5.088667036821803435e-02
-5.852708307931209220e-02
-5.088667036821803435e-02
-5.343347460524938697e-02
-5.343347460524938697e-02
-4.579306189415532913e-02
-4.833986613118668174e-02
-5.343347460524938697e-02
-5.343347460524938697e-02
-5.852708307931209220e-02
-5.088667036821803435e-02
-5.343347460524938697e-02
-4.833986613118668174e-02
-4.833986613118668174e-02
-5.343347460524938697e-02
-5.343347460524938697e-02
-6.107388731634344481e-02
-5.343347460524938697e-02
-5.088667036821803435e-02
-4.833986613118668174e-02
-4.579306189415532913e-02
-5.343347460524938697e-02
-5.088667036821803435e-02
-5.852708307931209220e-02
-5.088667036821803435e-02
-5.088667036821803435e-02
-4.579306189415532913e-02
-4.833986613118668174e-02
-5.088667036821803435e-02
-5.852708307931209220e-02
-5.852708307931209220e-02
-5.088667036821803435e-02
-4.833986613118668174e-02
-4.579306189415532913e-02
-5.343347460524938697e-02
-5.088667036821803435e-02
-5.852708307931209220e-02
-5.852708307931209220e-02
-5.852708307931209220e-02
-5.343347460524938697e-02
-4.579306189415532913e-02
-5.088667036821803435e-02
-5.088667036821803435e-02
-5.343347460524938697e-02
-6.107388731634344481e-02
-5.343347460524938697e-02
-5.088667036821803435e-02
-4.579306189415532913e-02
-4.833986613118668174e-02
-5.343347460524938697e-02
-5.088667036821803435e-02
-6.107388731634344481e-02
-6.107388731634344481e-02
-5.343347460524938697e-02
-5.343347460524938697e-02
-5.343347460524938697e-02
-5.088667036821803435e-02
-5.088667036821803435e-02
-5.343347460524938697e-02
-5.852708307931209220e-02
-5.852708307931209220e-02
-5.343347460524938697e-02
-5.343347460524938697e-02
-4.579306189415532913e-02
-4.579306189415532913e-02
-5.343347460524938697e-02
-6.107388731634344481e-02
-5.852708307931209220e-02
-5.343347460524938697e-02
-5.343347460524938697e-02
-4.579306189415532913e-02
-5.343347460524938697e-02
-5.343347460524938697e-02
-6.107388731634344481e-02
-6.107388731634344481e-02
-5.088667036821803435e-02
-5.343347460524938697e-02
-4.833986613118668174e-02
-4.579306189415532913e-02
-5.088667036821803435e-02
-5.088667036821803435e-02
-6.107388731634344481e-02
-5.852708307931209220e-02
-5.343347460524938697e-02
-4.833986613118668174e-02
-4.833986613118668174e-02
-4.833986613118668174e-02
-5.088667036821803435e-02
-5.343347460524938697e-02
-5.852708307931209220e-02
-6.107388731634344481e-02
-5.343347460524938697e-02
-5.088667036821803435e-02
-4.833986613118668174e-02
-5.088667036821803435e-02
-5.343347460524938697e-02
-5.852708307931209220e-02
-6.107388731634344481e-02
-5.088667036821803435e-02
-5.343347460524938697e-02
-4.833986613118668174e-02
-4.579306189415532913e-02
-5.852708307931209220e-02
-5.852708307931209220e-02
-6.107388731634344481e-02
-5.088667036821803435e-02
-4.579306189415532913e-02
-5.088667036821803435e-02
-5.343347460524938697e-02
-6.107388731634344481e-02
-6.107388731634344481e-02
-5.852708307931209220e-02
-5.343347460524938697e-02
-5.343347460524938697e-02
-4.833986613118668174e-02
-5.343347460524938697e-02
-5.343347460524938697e-02
-5.852708307931209220e-02
-5.852708307931209220e-02
-5.088667036821803435e-02
-5.343347460524938697e-02
-4.579306189415532913e-02
-5.343347460524938697e-02
-5.343347460524938697e-02
-5.852708307931209220e-02
-5.598027884228073958e-02
-5.088667036821803435e-02
-5.343347460524938697e-02
-4.833986613118668174e-02
-4.833986613118668174e-02
-5.343347460524938697e-02
-5.343347460524938697e-02
-6.107388731634344481e-02
-5.343347460524938697e-02
-5.343347460524938697e-02
-4.579306189415532913e-02
-4.579306189415532913e-02
-5.343347460524938697e-02
-6.107388731634344481e-02
-5.852708307931209220e-02
-5.343347460524938697e-02
-5.088667036821803435e-02
-4.833986613118668174e-02
-4.579306189415532913e-02
-4.833986613118668174e-02
-5.343347460524938697e-02
-5.343347460524938697e-02
-5.852708307931209220e-02
-5.343347460524938697e-02
-5.343347460524938697e-02
-4.833986613118668174e-02
-4.833986613118668174e-02
-5.343347460524938697e-02
-5.343347460524938697e-02
-5.598027884228073958e-02
-5.852708307931209220e-02
-5.343347460524938697e-02
-5.088667036821803435e-02
-4.579306189415532913e-02
-5.343347460524938697e-02
-5.343347460524938697e-02
-5.852708307931209220e-02
-5.343347460524938697e-02
-5.343347460524938697e-02
-4.833986613118668174e-02
-4.833986613118668174e-02
-5.343347460524938697e-02
-5.343347460524938697e-02
-5.852708307931209220e-02
-5.852708307931209220e-02
-5.343347460524938697e-02
-4.579306189415532913e-02
-4.833986613118668174e-02
-5.343347460524938697e-02
-5.343347460524938697e-02
-5.852708307931209220e-02
-5.852708307931209220e-02
-5.598027884228073958e-02
-5.343347460524938697e-02
-4.579306189415532913e-02
-5.343347460524938697e-02
-5.343347460524938697e-02
-5.852708307931209220e-02
-5.852708307931209220e-02
-5.598027884228073958e-02
-5.343347460524938697e-02
-4.833986613118668174e-02
-4.833986613118668174e-02
-5.343347460524938697e-02
-5.852708307931209220e-02
-5.852708307931209220e-02
-5.088667036821803435e-02
-5.088667036821803435e-02
-4.579306189415532913e-02
-4.579306189415532913e-02
-5.598027884228073958e-02
-5.852708307931209220e-02
-5.598027884228073958e-02
-5.343347460524938697e-02
-5.343347460524938697e-02
-4.833986613118668174e-02
-4.833986613118668174e-02
-5.088667036821803435e-02
-5.852708307931209220e-02
-5.852708307931209220e-02
-5.343347460524938697e-02
-5.343347460524938697e-02
-4.833986613118668174e-02
-4.833986613118668174e-02
-5.343347460524938697e-02
-5.852708307931209220e-02
-6.107388731634344481e-02
-5.343347460524938697e-02
-5.088667036821803435e-02
-4.833986613118668174e-02
-5.343347460524938697e-02
-6.107388731634344481e-02
-5.852708307931209220e-02
-5.343347460524938697e-02
-5.343347460524938697e-02
-4.579306189415532913e-02
-5.343347460524938697e-02
-5.343347460524938697e-02
-5.852708307931209220e-02
-5.852708307931209220e-02
-5.343347460524938697e-02
-5.343347460524938697e-02
-4.579306189415532913e-02
-4.833986613118668174e-02
-5.343347460524938697e-02
-5.343347460524938697e-02
-5.852708307931209220e-02
-5.343347460524938697e-02
-5.343347460524938697e-02
-5.088667036821803435e-02
-4.833986613118668174e-02
-5.088667036821803435e-02
-5.343347460524938697e-02
-5.852708307931209220e-02
-5.852708307931209220e-02
-5.343347460524938697e-02
-5.598027884228073958e-02
-4.833986613118668174e-02
-4.833986613118668174e-02
-5.343347460524938697e-02
-5.852708307931209220e-02
-6.107388731634344481e-02
-5.088667036821803435e-02
-5.343347460524938697e-02
-4.579306189415532913e-02
-4.833986613118668174e-02
-5.088667036821803435e-02
-6.107388731634344481e-02
-5.852708307931209220e-02
-5.343347460524938697e-02
-5.088667036821803435e-02
-4.579306189415532913e-02
-5.088667036821803435e-02
-5.088667036821803435e-02
-5.852708307931209220e-02
-6.107388731634344481e-02
-5.088667036821803435e-02
-4.833986613118668174e-02
-4.579306189415532913e-02
-4.579306189415532913e-02
-5.343347460524938697e-02
-5.343347460524938697e-02
-5.852708307931209220e-02
-5.343347460524938697e-02
-5.598027884228073958e-02
-4.579306189415532913e-02
-5.088667036821803435e-02
-5.343347460524938697e-02
-5.852708307931209220e-02
-5.852708307931209220e-02
-5.343347460524938697e-02
-5.343347460524938697e-02
-4.579306189415532913e-02
-5.343347460524938697e-02
-5.088667036821803435e-02
-5.852708307931209220e-02
-5.852708307931209220e-02
-6.107388731634344481e-02
-5.088667036821803435e-02
-5.343347460524938697e-02
-4.833986613118668174e-02
-5.088667036821803435e-02
-6.107388731634344481e-02
-5.852708307931209220e-02
-5.598027884228073958e-02
-5.088667036821803435e-02
-4.579306189415532913e-02
-4.579306189415532913e-02
-5.598027884228073958e-02
-5.088667036821803435e-02
-5.343347460524938697e-02
-5.852708307931209220e-02
-6.107388731634344481e-02
-5.088667036821803435e-02
-5.343347460524938697e-02
-4.324625765712397651e-02
-5.088667036821803435e-02
-5.343347460524938697e-02
-5.852708307931209220e-02
-5.852708307931209220e-02
-5.343347460524938697e-02
-5.088667036821803435e-02
-4.833986613118668174e-02
-5.088667036821803435e-02
-5.343347460524938697e-02
-5.598027884228073958e-02
-6.107388731634344481e-02
-6.107388731634344481e-02
-5.343347460524938697e-02
-4.833986613118668174e-02
-4.579306189415532913e-02
-5.343347460524938697e-02
-5.343347460524938697e-02
-5.852708307931209220e-02
-6.107388731634344481e-02
-5.088667036821803435e-02
-4.833986613118668174e-02
-4.833986613118668174e-02
-5.343347460524938697e-02
-5.343347460524938697e-02
-5.598027884228073958e-02
-5.852708307931209220e-02
-5.343347460524938697e-02
-5.343347460524938697e-02
-4.579306189415532913e-02
-4.833986613118668174e-02
-5.088667036821803435e-02
-5.088667036821803435e-02
-5.852708307931209220e-02
-5.852708307931209220e-02
-5.343347460524938697e-02
-4.579306189415532913e-02
-4.579306189415532913e-02
-5.343347460524938697e-02
-5.852708307931209220e-02
-5.598027884228073958e-02
-5.343347460524938697e-02
-5.343347460524938697e-02
-4.833986613118668174e-02
-4.833986613118668174e-02
-5.088667036821803435e-02
-5.088667036821803435e-02
-6.107388731634344481e-02
-5.852708307931209220e-02
-5.343347460524938697e-02
-5.598027884228073958e-02
-4.579306189415532913e-02
-4.833986613118668174e-02
-5.343347460524938697e-02
-5.343347460524938697e-02
-6.107388731634344481e-02
-5.343347460524938697e-02
-5.088667036821803435e-02
-4.579306189415532913e-02
-4.579306189415532913e-02
-5.343347460524938697e-02
-5.343347460524938697e-02
-5.852708307931209220e-02
-6.107388731634344481e-02
-5.598027884228073958e-02
-5.343347460524938697e-02
-4.833986613118668174e-02
-5.343347460524938697e-02
-5.343347460524938697e-02
-6.107388731634344481e-02
-5.598027884228073958e-02
-5.088667036821803435e-02
-5.088667036821803435e-02
-4.579306189415532913e-02
-4.579306189415532913e-02
-5.343347460524938697e-02
-5.343347460524938697e-02
-5.598027884228073958e-02
-5.343347460524938697e-02
-5.088667036821803435e-02
-4.579306189415532913e-02
-4.833986613118668174e-02
-5.343347460524938697e-02
-6.107388731634344481e-02
-5.852708307931209220e-02
-5.088667036821803435e-02
-5.343347460524938697e-02
-4.579306189415532913e-02
-4.833986613118668174e-02
-5.343347460524938697e-02
-5.343347460524938697e-02
-5.852708307931209220e-02
-6.107388731634344481e-02
-5.343347460524938697e-02
-4.833986613118668174e-02
-5.088667036821803435e-02
-5.343347460524938697e-02
-5.343347460524938697e-02
-5.852708307931209220e-02
-5.852708307931209220e-02
-5.343347460524938697e-02
-4.579306189415532913e-02
-5.343347460524938697e-02
-5.343347460524938697e-02
-5.852708307931209220e-02
-5.852708307931209220e-02
-5.343347460524938697e-02
-5.088667036821803435e-02
-4.833986613118668174e-02
-4.833986613118668174e-02
-5.343347460524938697e-02
-5.088667036821803435e-02
-5.852708307931209220e-02
-5.852708307931209220e-02
-5.598027884228073958e-02
-5.343347460524938697e-02
-4.579306189415532913e-02
-5.088667036821803435e-02
-5.343347460524938697e-02
-5.852708307931209220e-02
-5.852708307931209220e-02
-5.088667036821803435e-02
-4.579306189415532913e-02
-4.579306189415532913e-02
-4.833986613118668174e-02
-5.088667036821803435e-02
-5.852708307931209220e-02
-6.107388731634344481e-02
-5.343347460524938697e-02
-5.088667036821803435e-02
-5.343347460524938697e-02
-4.579306189415532913e-02
-4.579306189415532913e-02
-5.343347460524938697e-02
-5.852708307931209220e-02
-5.088667036821803435e-02
-5.343347460524938697e-02
-4.833986613118668174e-02
-4.833986613118668174e-02
-4.833986613118668174e-02
-5.088667036821803435e-02
-6.107388731634344481e-02
-6.107388731634344481e-02
-5.343347460524938697e-02
-4.833986613118668174e-02
-4.579306189415532913e-02
-5.343347460524938697e-02
-5.343347460524938697e-02
-5.343347460524938697e-02
-5.852708307931209220e-02
-6.107388731634344481e-02
-5.343347460524938697e-02
-4.833986613118668174e-02
-4.579306189415532913e-02
-5.343347460524938697e-02
-5.088667036821803435e-02
-5.852708307931209220e-02
-5.852708307931209220e-02
-4.579306189415532913e-02
-4.579306189415532913e-02
-5.088667036821803435e-02
-5.088667036821803435e-02
-5.852708307931209220e-02
-6.107388731634344481e-02
-5.343347460524938697e-02
-4.833986613118668174e-02
-4.833986613118668174e-02
-4.579306189415532913e-02
-5.343347460524938697e-02
-5.852708307931209220e-02
-5.852708307931209220e-02
-5.343347460524938697e-02
-5.343347460524938697e-02
-4.833986613118668174e-02
-4.579306189415532913e-02
-5.088667036821803435e-02
-5.343347460524938697e-02
-6.107388731634344481e-02
-5.852708307931209220e-02
-5.343347460524938697e-02
-4.833986613118668174e-02
-4.833986613118668174e-02
-5.343347460524938697e-02
-5.343347460524938697e-02
-6.107388731634344481e-02
-5.343347460524938697e-02
-5.088667036821803435e-02
-4.579306189415532913e-02
-4.579306189415532913e-02
-5.088667036821803435e-02
-5.343347460524938697e-02
-5.343347460524938697e-02
-5.852708307931209220e-02
-5.343347460524938697e-02
-5.343347460524938697e-02
-4.579306189415532913e-02
-5.088667036821803435e-02
-5.343347460524938697e-02
-5.343347460524938697e-02
-5.852708307931209220e-02
-5.852708307931209220e-02
-5.088667036821803435e-02
-4.833986613118668174e-02
-4.579306189415532913e-02
-5.088667036821803435e-02
-5.343347460524938697e-02
-5.852708307931209220e-02
-5.852708307931209220e-02
-5.088667036821803435e-02
-5.088667036821803435e-02
-4.833986613118668174e-02
-4.833986613118668174e-02
-5.088667036821803435e-02
-5.598027884228073958e-02
-5.852708307931209220e-02
-5.088667036821803435e-02
-5.343347460524938697e-02
-4.833986613118668174e-02
-4.833986613118668174e-02
-5.343347460524938697e-02
-5.343347460524938697e-02
-5.852708307931209220e-02
-5.088667036821803435e-02
-5.343347460524938697e-02
-4.833986613118668174e-02
-4.833986613118668174e-02
-5.088667036821803435e-02
-5.852708307931209220e-02
-5.852708307931209220e-02
-5.088667036821803435e-02
-5.343347460524938697e-02
-4.833986613118668174e-02
-4.833986613118668174e-02
-5.088667036821803435e-02
-5.598027884228073958e-02
-5.852708307931209220e-02
-6.107388731634344481e-02
-5.343347460524938697e-02
-5.088667036821803435e-02
-4.579306189415532913e-02
-5.088667036821803435e-02
-5.343347460524938697e-02
-6.107388731634344481e-02
-5.852708307931209220e-02
-5.598027884228073958e-02
-5.598027884228073958e-02
-4.833986613118668174e-02
-5.088667036821803435e-02
-5.343347460524938697e-02
-5.852708307931209220e-02
-6.107388731634344481e-02
-5.598027884228073958e-02
-5.343347460524938697e-02
-4.579306189415532913e-02
-4.833986613118668174e-02
-4.833986613118668174e-02
-5.343347460524938697e-02
-5.343347460524938697e-02
-5.852708307931209220e-02
-5.852708307931209220e-02
-5.343347460524938697e-02
-4.833986613118668174e-02
-4.833986613118668174e-02
-5.343347460524938697e-02
-5.343347460524938697e-02
-5.852708307931209220e-02
-6.107388731634344481e-02
-5.343347460524938697e-02
-5.598027884228073958e-02
-4.579306189415532913e-02
-5.598027884228073958e-02
-5.343347460524938697e-02
-6.107388731634344481e-02
-5.343347460524938697e-02
-5.343347460524938697e-02
-4.579306189415532913e-02
-4.833986613118668174e-02
-5.088667036821803435e-02
-5.343347460524938697e-02
-5.852708307931209220e-02
-6.107388731634344481e-02
-5.343347460524938697e-02
-5.343347460524938697e-02
-4.833986613118668174e-02
-5.088667036821803435e-02
-5.343347460524938697e-02
-5.852708307931209220e-02
-5.088667036821803435e-02
-5.598027884228073958e-02
-4.833986613118668174e-02
-4.579306189415532913e-02
-5.343347460524938697e-02
-5.343347460524938697e-02
-5.598027884228073958e-02
-6.107388731634344481e-02
-5.343347460524938697e-02
-5.343347460524938697e-02
-4.833986613118668174e-02
-4.579306189415532913e-02
-5.088667036821803435e-02
-5.343347460524938697e-02
-5.852708307931209220e-02
-5.852708307931209220e-02
-5.343347460524938697e-02
-4.579306189415532913e-02
-4.324625765712397651e-02
-5.598027884228073958e-02
-5.343347460524938697e-02
-6.107388731634344481e-02
-5.852708307931209220e-02
-5.598027884228073958e-02
-5.343347460524938697e-02
-4.579306189415532913e-02
-5.343347460524938697e-02
-5.343347460524938697e-02
-5.852708307931209220e-02
-5.088667036821803435e-02
-5.088667036821803435e-02
-4.579306189415532913e-02
-4.833986613118668174e-02
-5.088667036821803435e-02
-5.852708307931209220e-02
-5.852708307931209220e-02
-5.852708307931209220e-02
-5.343347460524938697e-02
-4.833986613118668174e-02
-4.833986613118668174e-02
-5.088667036821803435e-02
-5.852708307931209220e-02
-5.852708307931209220e-02
-5.852708307931209220e-02
-5.088667036821803435e-02
-4.579306189415532913e-02
-4.833986613118668174e-02
-5.088667036821803435e-02
-5.343347460524938697e-02
-6.107388731634344481e-02
-5.852708307931209220e-02
-6.107388731634344481e-02
-5.343347460524938697e-02
-5.598027884228073958e-02
-4.833986613118668174e-02
-5.343347460524938697e-02
-5.343347460524938697e-02
-5.852708307931209220e-02
-5.343347460524938697e-02
-5.343347460524938697e-02
-4.579306189415532913e-02
-4.833986613118668174e-02
-5.088667036821803435e-02
-5.343347460524938697e-02
-5.852708307931209220e-02
-5.852708307931209220e-02
-5.343347460524938697e-02
-5.088667036821803435e-02
-4.579306189415532913e-02
-5.088667036821803435e-02
-5.343347460524938697e-02
-5.852708307931209220e-02
-5.852708307931209220e-02
-5.343347460524938697e-02
-5.598027884228073958e-02
-4.579306189415532913e-02
-5.343347460524938697e-02
-5.343347460524938697e-02
-6.107388731634344481e-02
-6.107388731634344481e-02
-5.088667036821803435e-02
-5.343347460524938697e-02
-4.579306189415532913e-02
-4.833986613118668174e-02
-5.088667036821803435e-02
-5.852708307931209220e-02
-5.852708307931209220e-02
-5.852708307931209220e-02
-5.088667036821803435e-02
-4.579306189415532913e-02
-4.833986613118668174e-02
-4.833986613118668174e-02
-5.343347460524938697e-02
-5.088667036821803435e-02
-5.852708307931209220e-02
-5.088667036821803435e-02
-4.579306189415532913e-02
-4.579306189415532913e-02
-5.598027884228073958e-02
-5.088667036821803435e-02
-5.598027884228073958e-02
-5.088667036821803435e-02
-5.343347460524938697e-02
-4.579306189415532913e-02
-5.088667036821803435e-02
-5.088667036821803435e-02
-5.343347460524938697e-02
-5.343347460524938697e-02
-5.852708307931209220e-02
-5.343347460524938697e-02
-5.343347460524938697e-02
-4.833986613118668174e-02
-4.579306189415532913e-02
-5.343347460524938697e-02
-5.343347460524938697e-02
-6.107388731634344481e-02
-5.343347460524938697e-02
-5.343347460524938697e-02
-4.833986613118668174e-02
-5.088667036821803435e-02
-5.343347460524938697e-02
-5.343347460524938697e-02
-6.107388731634344481e-02
-5.343347460524938697e-02
-5.343347460524938697e-02
-4.579306189415532913e-02
-5.088667036821803435e-02
-5.343347460524938697e-02
-5.852708307931209220e-02
-6.107388731634344481e-02
-5.343347460524938697e-02
-4.579306189415532913e-02
-4.833986613118668174e-02
-5.088667036821803435e-02
-5.343347460524938697e-02
-6.107388731634344481e-02
-6.107388731634344481e-02
-5.343347460524938697e-02
-5.343347460524938697e-02
-4.579306189415532913e-02
-5.088667036821803435e-02
-5.088667036821803435e-02
-5.852708307931209220e-02
-5.852708307931209220e-02
-5.343347460524938697e-02
-5.343347460524938697e-02
-4.579306189415532913e-02
-5.343347460524938697e-02
-5.088667036821803435e-02
-6.107388731634344481e-02
-5.088667036821803435e-02
-6.107388731634344481e-02
-5.343347460524938697e-02
-4.833986613118668174e-02
-5.088667036821803435e-02
-5.343347460524938697e-02
-5.343347460524938697e-02
-5.598027884228073958e-02
-5.598027884228073958e-02
-5.088667036821803435e-02
-5.343347460524938697e-02
-4.833986613118668174e-02
-5.343347460524938697e-02
-5.852708307931209220e-02
-5.852708307931209220e-02
-5.088667036821803435e-02
-5.343347460524938697e-02
-4.833986613118668174e-02
-5.088667036821803435e-02
-5.343347460524938697e-02
-5.852708307931209220e-02
-6.107388731634344481e-02
-6.107388731634344481e-02
-5.343347460524938697e-02
-4.579306189415532913e-02
-5.343347460524938697e-02
-5.088667036821803435e-02
-5.852708307931209220e-02
-6.107388731634344481e-02
-5.088667036821803435e-02
-5.343347460524938697e-02
-4.833986613118668174e-02
-5.343347460524938697e-02
-5.343347460524938697e-02
-5.852708307931209220e-02
-5.852708307931209220e-02
-6.107388731634344481e-02
-5.088667036821803435e-02
-5.598027884228073958e-02
-4.833986613118668174e-02
-5.343347460524938697e-02
-5.343347460524938697e-02
-5.852708307931209220e-02
-5.852708307931209220e-02
-5.343347460524938697e-02
-4.833986613118668174e-02
-4.579306189415532913e-02
-5.088667036821803435e-02
-5.343347460524938697e-02
-5.598027884228073958e-02
-5.852708307931209220e-02
-5.088667036821803435e-02
-5.343347460524938697e-02
-4.833986613118668174e-02
-5.088667036821803435e-02
-5.343347460524938697e-02
-6.107388731634344481e-02
-5.088667036821803435e-02
-5.343347460524938697e-02
-4.579306189415532913e-02
-4.579306189415532913e-02
-5.343347460524938697e-02
-5.088667036821803435e-02
-5.598027884228073958e-02
-6.107388731634344481e-02
-5.343347460524938697e-02
-5.343347460524938697e-02
-4.833986613118668174e-02
-4.833986613118668174e-02
-5.343347460524938697e-02
-5.343347460524938697e-02
-5.852708307931209220e-02
-6.107388731634344481e-02
-5.088667036821803435e-02
-5.088667036821803435e-02
-4.833986613118668174e-02
-4.579306189415532913e-02
-5.598027884228073958e-02
-5.852708307931209220e-02
-5.852708307931209220e-02
-5.088667036821803435e-02
-5.343347460524938697e-02
-4.579306189415532913e-02
-5.088667036821803435e-02
-5.343347460524938697e-02
-5.852708307931209220e-02
-6.107388731634344481e-02
-5.088667036821803435e-02
-4.833986613118668174e-02
-4.833986613118668174e-02
-5.088667036821803435e-02
-5.088667036821803435e-02
-5.343347460524938697e-02
-5.852708307931209220e-02
-5.343347460524938697e-02
-5.343347460524938697e-02
-4.579306189415532913e-02
-4.833986613118668174e-02
-5.088667036821803435e-02
-5.343347460524938697e-02
-6.107388731634344481e-02
-5.598027884228073958e-02
-5.343347460524938697e-02
-5.343347460524938697e-02
-5.088667036821803435e-02
-5.343347460524938697e-02
-5.343347460524938697e-02
-5.852708307931209220e-02
-5.852708307931209220e-02
-5.598027884228073958e-02
-5.343347460524938697e-02
-4.833986613118668174e-02
-5.088667036821803435e-02
-5.598027884228073958e-02
-5.852708307931209220e-02
-5.088667036821803435e-02
-4.833986613118668174e-02
-4.579306189415532913e-02
-4.833986613118668174e-02
-5.343347460524938697e-02
-5.852708307931209220e-02
-5.852708307931209220e-02
-5.088667036821803435e-02
-5.088667036821803435e-02
-4.579306189415532913e-02
-4.579306189415532913e-02
-5.343347460524938697e-02
-5.343347460524938697e-02
-5.598027884228073958e-02
-5.598027884228073958e-02
-5.088667036821803435e-02
-4.579306189415532913e-02
-4.579306189415532913e-02
-5.343347460524938697e-02
-5.343347460524938697e-02
-5.852708307931209220e-02
-5.343347460524938697e-02
-5.343347460524938697e-02
-4.833986613118668174e-02
-4.579306189415532913e-02
-5.343347460524938697e-02
-5.343347460524938697e-02
-6.107388731634344481e-02
-5.852708307931209220e-02
-5.088667036821803435e-02
-5.343347460524938697e-02
-4.579306189415532913e-02
-4.833986613118668174e-02
-5.343347460524938697e-02
-5.852708307931209220e-02
-5.852708307931209220e-02
-5.343347460524938697e-02
-5.343347460524938697e-02
-4.579306189415532913e-02
-4.579306189415532913e-02
-5.088667036821803435e-02
-5.343347460524938697e-02
-6.107388731634344481e-02
-5.343347460524938697e-02
-5.088667036821803435e-02
-4.579306189415532913e-02
-4.833986613118668174e-02
-5.343347460524938697e-02
-5.852708307931209220e-02
-6.107388731634344481e-02
-5.852708307931209220e-02
-5.343347460524938697e-02
-5.343347460524938697e-02
-4.833986613118668174e-02
-5.088667036821803435e-02
-5.088667036821803435e-02
-5.852708307931209220e-02
-5.852708307931209220e-02
-5.088667036821803435e-02
-5.343347460524938697e-02
-4.579306189415532913e-02
-4.833986613118668174e-02
-5.343347460524938697e-02
-5.343347460524938697e-02
-5.852708307931209220e-02
-6.107388731634344481e-02
-5.088667036821803435e-02
-5.343347460524938697e-02
-4.833986613118668174e-02
-4.833986613118668174e-02
-5.343347460524938697e-02
-5.852708307931209220e-02
-5.852708307931209220e-02
-5.343347460524938697e-02
-4.833986613118668174e-02
-4.579306189415532913e-02
-5.343347460524938697e-02
-5.343347460524938697e-02
-5.852708307931209220e-02
-5.852708307931209220e-02
-5.088667036821803435e-02
-5.343347460524938697e-02
-5.088667036821803435e-02
-4.579306189415532913e-02
-5.088667036821803435e-02
-5.852708307931209220e-02
-5.852708307931209220e-02
-5.343347460524938697e-02
-5.088667036821803435e-02
-4.579306189415532913e-02
-4.579306189415532913e-02
-5.088667036821803435e-02
-5.343347460524938697e-02
-5.343347460524938697e-02
-5.852708307931209220e-02
-6.107388731634344481e-02
-5.343347460524938697e-02
-5.343347460524938697e-02
-4.579306189415532913e-02
-4.833986613118668174e-02
-5.343347460524938697e-02
-6.107388731634344481e-02
-6.107388731634344481e-02
-5.343347460524938697e-02
-4.579306189415532913e-02
-4.579306189415532913e-02
-5.088667036821803435e-02
-5.343347460524938697e-02
-5.852708307931209220e-02
-5.088667036821803435e-02
-5.088667036821803435e-02
-4.833986613118668174e-02
-4.833986613118668174e-02
-5.343347460524938697e-02
-5.598027884228073958e-02
-5.852708307931209220e-02
-5.852708307931209220e-02
-5.088667036821803435e-02
-5.343347460524938697e-02
-4.833986613118668174e-02
-4.833986613118668174e-02
-5.343347460524938697e-02
-5.343347460524938697e-02
-5.852708307931209220e-02
-5.852708307931209220e-02
-5.088667036821803435e-02
-5.598027884228073958e-02
-4.579306189415532913e-02
-5.343347460524938697e-02
-5.088667036821803435e-02
-6.107388731634344481e-02
-5.343347460524938697e-02
-5.598027884228073958e-02
-4.579306189415532913e-02
-4.579306189415532913e-02
-5.343347460524938697e-02
-5.343347460524938697e-02
-5.852708307931209220e-02
-6.107388731634344481e-02
-5.343347460524938697e-02
-5.343347460524938697e-02
-4.833986613118668174e-02
-4.833986613118668174e-02
-5.343347460524938697e-02
-5.852708307931209220e-02
-6.107388731634344481e-02
-5.343347460524938697e-02
-5.343347460524938697e-02
-4.579306189415532913e-02
-4.579306189415532913e-02
-5.088667036821803435e-02
-6.107388731634344481e-02
-5.852708307931209220e-02
-5.343347460524938697e-02
-4.579306189415532913e-02
-4.579306189415532913e-02
-5.088667036821803435e-02
-5.088667036821803435e-02
-5.852708307931209220e-02
-6.107388731634344481e-02
-5.088667036821803435e-02
-5.343347460524938697e-02
-4.579306189415532913e-02
-4.833986613118668174e-02
-5.343347460524938697e-02
-5.598027884228073958e-02
-5.852708307931209220e-02
-5.343347460524938697e-02
-4.833986613118668174e-02
-4.833986613118668174e-02
-5.343347460524938697e-02
-6.107388731634344481e-02
-6.107388731634344481e-02
-5.088667036821803435e-02
-5.088667036821803435e-02
-4.833986613118668174e-02
-4.833986613118668174e-02
-5.088667036821803435e-02
-5.343347460524938697e-02
-5.598027884228073958e-02
-5.852708307931209220e-02
-5.343347460524938697e-02
-5.343347460524938697e-02
-4.833986613118668174e-02
-4.833986613118668174e-02
-5.343347460524938697e-02
-5.343347460524938697e-02
-5.852708307931209220e-02
-5.088667036821803435e-02
-5.343347460524938697e-02
-4.833986613118668174e-02
-4.833986613118668174e-02
-5.088667036821803435e-02
-5.343347460524938697e-02
-5.852708307931209220e-02
-5.088667036821803435e-02
-5.343347460524938697e-02
-4.579306189415532913e-02
-4.833986613118668174e-02
-5.343347460524938697e-02
-5.343347460524938697e-02
-6.107388731634344481e-02
-5.343347460524938697e-02
-5.343347460524938697e-02
-4.579306189415532913e-02
-4.579306189415532913e-02
-5.343347460524938697e-02
-5.852708307931209220e-02
-5.852708307931209220e-02
-5.343347460524938697e-02
-4.833986613118668174e-02
-4.833986613118668174e-02
-4.579306189415532913e-02
-5.343347460524938697e-02
-5.852708307931209220e-02
-5.598027884228073958e-02
-5.343347460524938697e-02
-5.088667036821803435e-02
-4.579306189415532913e-02
-5.088667036821803435e-02
-5.343347460524938697e-02
-5.343347460524938697e-02
-5.852708307931209220e-02
-5.343347460524938697e-02
-4.579306189415532913e-02
-4.579306189415532913e-02
-5.343347460524938697e-02
-5.343347460524938697e-02
-5.343347460524938697e-02
-5.852708307931209220e-02
-6.107388731634344481e-02
-5.343347460524938697e-02
-4.833986613118668174e-02
-4.833986613118668174e-02
-5.343347460524938697e-02
-5.088667036821803435e-02
-5.852708307931209220e-02
-6.107388731634344481e-02
-5.343347460524938697e-02
-5.343347460524938697e-02
-4.579306189415532913e-02
-4.579306189415532913e-02
-5.088667036821803435e-02
-5.852708307931209220e-02
-5.852708307931209220e-02
-5.088667036821803435e-02
-5.343347460524938697e-02
-4.579306189415532913e-02
-4.833986613118668174e-02
-5.343347460524938697e-02
-5.343347460524938697e-02
-5.852708307931209220e-02
-6.107388731634344481e-02
-5.343347460524938697e-02
-4.833986613118668174e-02
-4.833986613118668174e-02
-5.343347460524938697e-02
-5.343347460524938697e-02
-5.852708307931209220e-02
-5.852708307931209220e-02
-5.343347460524938697e-02
-5.343347460524938697e-02
-4.833986613118668174e-02
-5.088667036821803435e-02
-5.343347460524938697e-02
-5.852708307931209220e-02
-5.852708307931209220e-02
-5.088667036821803435e-02
-4.833986613118668174e-02
-4.833986613118668174e-02
-5.088667036821803435e-02
-5.343347460524938697e-02
-5.852708307931209220e-02
-6.107388731634344481e-02
-5.343347460524938697e-02
-4.833986613118668174e-02
-5.088667036821803435e-02
-4.579306189415532913e-02
-5.088667036821803435e-02
-6.107388731634344481e-02
-5.852708307931209220e-02
-5.343347460524938697e-02
-5.343347460524938697e-02
-5.088667036821803435e-02
-5.343347460524938697e-02
-5.343347460524938697e-02
-5.852708307931209220e-02
-5.852708307931209220e-02
-5.088667036821803435e-02
-5.088667036821803435e-02
-4.579306189415532913e-02
-4.833986613118668174e-02
-5.343347460524938697e-02
-5.088667036821803435e-02
-5.852708307931209220e-02
-5.852708307931209220e-02
-5.343347460524938697e-02
-5.343347460524938697e-02
-4.833986613118668174e-02
-5.343347460524938697e-02
-5.088667036821803435e-02
-5.852708307931209220e-02
-5.852708307931209220e-02
-5.088667036821803435e-02
-5.088667036821803435e-02
-4.579306189415532913e-02
-5.088667036821803435e-02
-5.343347460524938697e-02
-5.852708307931209220e-02
-5.852708307931209220e-02
-5.088667036821803435e-02
-5.088667036821803435e-02
-4.833986613118668174e-02
-5.343347460524938697e-02
-5.852708307931209220e-02
-6.107388731634344481e-02
-5.598027884228073958e-02
-5.088667036821803435e-02
-4.833986613118668174e-02
-4.579306189415532913e-02
-5.343347460524938697e-02
-5.343347460524938697e-02
-5.852708307931209220e-02
-5.852708307931209220e-02
-5.343347460524938697e-02
-5.343347460524938697e-02
-4.833986613118668174e-02
-4.833986613118668174e-02
-5.343347460524938697e-02
-5.343347460524938697e-02
-5.852708307931209220e-02
-5.088667036821803435e-02
-5.088667036821803435e-02
-4.833986613118668174e-02
-5.343347460524938697e-02
-5.088667036821803435e-02
-6.107388731634344481e-02
-6.107388731634344481e-02
-5.343347460524938697e-02
-4.579306189415532913e-02
-4.833986613118668174e-02
-4.579306189415532913e-02
-5.088667036821803435e-02
-5.343347460524938697e-02
-5.852708307931209220e-02
-5.343347460524938697e-02
-4.833986613118668174e-02
-4.833986613118668174e-02
-5.088667036821803435e-02
-5.088667036821803435e-02
-5.852708307931209220e-02
-6.107388731634344481e-02
-5.343347460524938697e-02
-4.579306189415532913e-02
-4.833986613118668174e-02
-5.343347460524938697e-02
-5.343347460524938697e-02
-5.852708307931209220e-02
-6.107388731634344481e-02
-5.088667036821803435e-02
-5.343347460524938697e-02
-4.579306189415532913e-02
-4.833986613118668174e-02
-5.343347460524938697e-02
-5.598027884228073958e-02
-6.107388731634344481e-02
-5.343347460524938697e-02
-5.088667036821803435e-02
-4.579306189415532913e-02
-4.579306189415532913e-02
-5.343347460524938697e-02
-5.088667036821803435e-02
-5.852708307931209220e-02
-5.852708307931209220e-02
-5.088667036821803435e-02
-4.833986613118668174e-02
-4.833986613118668174e-02
-5.343347460524938697e-02
-5.852708307931209220e-02
-5.852708307931209220e-02
-5.088667036821803435e-02
-5.343347460524938697e-02
-4.579306189415532913e-02
-4.579306189415532913e-02
-5.343347460524938697e-02
-5.343347460524938697e-02
-5.852708307931209220e-02
-5.852708307931209220e-02
-5.598027884228073958e-02
-5.088667036821803435e-02
-4.833986613118668174e-02
-5.343347460524938697e-02
-5.343347460524938697e-02
-6.107388731634344481e-02
-5.852708307931209220e-02
-5.343347460524938697e-02
-5.088667036821803435e-02
-5.088667036821803435e-02
-4.833986613118668174e-02
-5.343347460524938697e-02
-5.343347460524938697e-02
-6.107388731634344481e-02
-5.852708307931209220e-02
-5.088667036821803435e-02
-5.343347460524938697e-02
-4.579306189415532913e-02
-5.088667036821803435e-02
-5.088667036821803435e-02
-6.107388731634344481e-02
-5.852708307931209220e-02
-5.088667036821803435e-02
-5.343347460524938697e-02
-4.579306189415532913e-02
-4.579306189415532913e-02
-5.343347460524938697e-02
-5.343347460524938697e-02
-5.852708307931209220e-02
-5.088667036821803435e-02
-5.343347460524938697e-02
-4.833986613118668174e-02
-4.579306189415532913e-02
-5.343347460524938697e-02
-5.088667036821803435e-02
-5.852708307931209220e-02
-5.852708307931209220e-02
-5.343347460524938697e-02
-5.088667036821803435e-02
-4.833986613118668174e-02
-5.088667036821803435e-02
-5.088667036821803435e-02
-6.107388731634344481e-02
-5.852708307931209220e-02
-5.343347460524938697e-02
-5.343347460524938697e-02
-4.579306189415532913e-02
-5.088667036821803435e-02
-5.343347460524938697e-02
-5.852708307931209220e-02
-5.852708307931209220e-02
-5.343347460524938697e-02
-5.088667036821803435e-02
-4.833986613118668174e-02
-4.579306189415532913e-02
-5.088667036821803435e-02
-5.343347460524938697e-02
-5.852708307931209220e-02
-6.107388731634344481e-02
-5.343347460524938697e-02
-5.343347460524938697e-02
-4.833986613118668174e-02
-5.343347460524938697e-02
-5.343347460524938697e-02
-6.107388731634344481e-02
-5.343347460524938697e-02
-5.343347460524938697e-02
-4.579306189415532913e-02
-4.579306189415532913e-02
-5.088667036821803435e-02
-5.343347460524938697e-02
-5.852708307931209220e-02
-5.598027884228073958e-02
-5.343347460524938697e-02
-5.088667036821803435e-02
-4.833986613118668174e-02
-5.343347460524938697e-02
-5.343347460524938697e-02
-5.343347460524938697e-02
-6.107388731634344481e-02
-5.852708307931209220e-02
-5.343347460524938697e-02
-4.833986613118668174e-02
-4.579306189415532913e-02
-5.343347460524938697e-02
-5.343347460524938697e-02
-5.852708307931209220e-02
-5.852708307931209220e-02
-5.343347460524938697e-02
-4.579306189415532913e-02
-4.833986613118668174e-02
-5.343347460524938697e-02
-6.107388731634344481e-02
-5.598027884228073958e-02
-5.343347460524938697e-02
-5.343347460524938697e-02
-4.579306189415532913e-02
-4.833986613118668174e-02
-5.088667036821803435e-02
-5.343347460524938697e-02
-6.107388731634344481e-02
-5.852708307931209220e-02
-5.088667036821803435e-02
-5.088667036821803435e-02
-4.579306189415532913e-02
-4.579306189415532913e-02
-5.343347460524938697e-02
-5.343347460524938697e-02
-5.852708307931209220e-02
-5.088667036821803435e-02
-5.088667036821803435e-02
-4.833986613118668174e-02
-4.833986613118668174e-02
-5.343347460524938697e-02
-5.343347460524938697e-02
-5.852708307931209220e-02
-5.852708307931209220e-02
-5.343347460524938697e-02
-4.833986613118668174e-02
-4.833986613118668174e-02
-5.088667036821803435e-02
-5.088667036821803435e-02
-5.852708307931209220e-02
-5.852708307931209220e-02
-5.343347460524938697e-02
-5.343347460524938697e-02
-4.833986613118668174e-02
-5.343347460524938697e-02
-5.088667036821803435e-02
-5.852708307931209220e-02
-5.852708307931209220e-02
-5.343347460524938697e-02
-4.579306189415532913e-02
-4.579306189415532913e-02
-5.343347460524938697e-02
-6.107388731634344481e-02
-6.107388731634344481e-02
-5.852708307931209220e-02
-5.088667036821803435e-02
-4.579306189415532913e-02
-4.579306189415532913e-02
-5.343347460524938697e-02
-5.088667036821803435e-02
-6.107388731634344481e-02
-5.852708307931209220e-02
-5.088667036821803435e-02
-5.343347460524938697e-02
-4.579306189415532913e-02
-4.579306189415532913e-02
-5.343347460524938697e-02
-5.088667036821803435e-02
-5.852708307931209220e-02
-5.852708307931209220e-02
-5.343347460524938697e-02
-4.579306189415532913e-02
-4.833986613118668174e-02
-5.343347460524938697e-02
-6.107388731634344481e-02
-5.852708307931209220e-02
-5.852708307931209220e-02
-5.343347460524938697e-02
-5.343347460524938697e-02
-5.088667036821803435e-02
-4.833986613118668174e-02
-5.343347460524938697e-02
-5.088667036821803435e-02
-5.852708307931209220e-02
-5.852708307931209220e-02
-5.343347460524938697e-02
-5.088667036821803435e-02
-4.579306189415532913e-02
-4.833986613118668174e-02
-5.343347460524938697e-02
-5.852708307931209220e-02
-6.107388731634344481e-02
-5.088667036821803435e-02
-5.088667036821803435e-02
-4.833986613118668174e-02
-5.088667036821803435e-02
-5.343347460524938697e-02
-5.852708307931209220e-02
-5.088667036821803435e-02
-5.598027884228073958e-02
-4.833986613118668174e-02
-4.579306189415532913e-02
-4.833986613118668174e-02
-5.343347460524938697e-02
-5.343347460524938697e-02
-6.107388731634344481e-02
-6.107388731634344481e-02
-5.088667036821803435e-02
-5.343347460524938697e-02
-4.579306189415532913e-02
-5.343347460524938697e-02
-5.088667036821803435e-02
-6.107388731634344481e-02
-6.107388731634344481e-02
-5.343347460524938697e-02
-5.343347460524938697e-02
-5.088667036821803435e-02
-4.579306189415532913e-02
-5.088667036821803435e-02
-6.107388731634344481e-02
-6.107388731634344481e-02
-5.343347460524938697e-02
-5.088667036821803435e-02
-4.579306189415532913e-02
-4.579306189415532913e-02
-5.088667036821803435e-02
-6.107388731634344481e-02
-5.852708307931209220e-02
-5.343347460524938697e-02
-5.343347460524938697e-02
-4.833986613118668174e-02
-4.579306189415532913e-02
-5.343347460524938697e-02
-6.107388731634344481e-02
-5.598027884228073958e-02
-5.343347460524938697e-02
-5.088667036821803435e-02
-4.833986613118668174e-02
-5.343347460524938697e-02
-5.343347460524938697e-02
-6.107388731634344481e-02
-5.852708307931209220e-02
-5.088667036821803435e-02
-5.088667036821803435e-02
-4.579306189415532913e-02
-5.088667036821803435e-02
-5.343347460524938697e-02
-6.107388731634344481e-02
-6.107388731634344481e-02
-5.343347460524938697e-02
-4.579306189415532913e-02
-4.833986613118668174e-02
-5.343347460524938697e-02
-5.343347460524938697e-02
-5.852708307931209220e-02
-5.343347460524938697e-02
-5.088667036821803435e-02
-4.579306189415532913e-02
-4.833986613118668174e-02
-5.343347460524938697e-02
-5.343347460524938697e-02
-6.107388731634344481e-02
-5.343347460524938697e-02
-5.343347460524938697e-02
-4.833986613118668174e-02
-4.833986613118668174e-02
-5.343347460524938697e-02
-5.343347460524938697e-02
-5.852708307931209220e-02
-5.852708307931209220e-02
-5.088667036821803435e-02
-5.088667036821803435e-02
-4.579306189415532913e-02
-5.343347460524938697e-02
-6.107388731634344481e-02
-5.852708307931209220e-02
-5.852708307931209220e-02
-5.598027884228073958e-02
-5.088667036821803435e-02
-5.343347460524938697e-02
-5.343347460524938697e-02
-6.107388731634344481e-02
-5.852708307931209220e-02
-5.598027884228073958e-02
-5.343347460524938697e-02
-4.833986613118668174e-02
-5.598027884228073958e-02
-5.343347460524938697e-02
-5.852708307931209220e-02
-5.852708307931209220e-02
-5.343347460524938697e-02
-4.833986613118668174e-02
-4.833986613118668174e-02
-5.343347460524938697e-02
-5.343347460524938697e-02
-5.343347460524938697e-02
-5.598027884228073958e-02
-5.852708307931209220e-02
-5.343347460524938697e-02
-4.833986613118668174e-02
-4.579306189415532913e-02
-5.343347460524938697e-02
-5.088667036821803435e-02
-6.107388731634344481e-02
-6.107388731634344481e-02
-5.343347460524938697e-02
-4.579306189415532913e-02
-4.579306189415532913e-02
-5.088667036821803435e-02
-5.343347460524938697e-02
-6.107388731634344481e-02
-5.343347460524938697e-02
-5.343347460524938697e-02
-4.833986613118668174e-02
-4.579306189415532913e-02
-5.343347460524938697e-02
-5.852708307931209220e-02
-6.107388731634344481e-02
-5.852708307931209220e-02
-5.343347460524938697e-02
-5.343347460524938697e-02
-4.833986613118668174e-02
-4.579306189415532913e-02
-5.088667036821803435e-02
-5.852708307931209220e-02
-5.852708307931209220e-02
-5.343347460524938697e-02
-5.088667036821803435e-02
-4.833986613118668174e-02
-5.343347460524938697e-02
-5.088667036821803435e-02
-6.107388731634344481e-02
-6.107388731634344481e-02
-5.598027884228073958e-02
-5.088667036821803435e-02
-4.579306189415532913e-02
-4.579306189415532913e-02
-5.343347460524938697e-02
-6.107388731634344481e-02
-5.852708307931209220e-02
-5.343347460524938697e-02
-5.088667036821803435e-02
-4.579306189415532913e-02
-4.833986613118668174e-02
-5.343347460524938697e-02
-5.343347460524938697e-02
-6.107388731634344481e-02
-6.107388731634344481e-02
-5.343347460524938697e-02
-4.833986613118668174e-02
-4.833986613118668174e-02
-5.343347460524938697e-02
-5.343347460524938697e-02
-6.107388731634344481e-02
-6.107388731634344481e-02
-5.598027884228073958e-02
-5.088667036821803435e-02
-4.833986613118668174e-02
-5.343347460524938697e-02
-5.088667036821803435e-02
-5.852708307931209220e-02
-5.852708307931209220e-02
-5.343347460524938697e-02
-5.088667036821803435e-02
-4.833986613118668174e-02
-5.343347460524938697e-02
-5.343347460524938697e-02
-5.343347460524938697e-02
-5.852708307931209220e-02
-6.107388731634344481e-02
-5.343347460524938697e-02
-4.579306189415532913e-02
-4.579306189415532913e-02
-5.343347460524938697e-02
-6.107388731634344481e-02
-5.598027884228073958e-02
-5.343347460524938697e-02
-5.343347460524938697e-02
-5.088667036821803435e-02
-5.088667036821803435e-02
-5.598027884228073958e-02
-5.343347460524938697e-02
-6.107388731634344481e-02
-5.852708307931209220e-02
-5.343347460524938697e-02
-5.088667036821803435e-02
-4.579306189415532913e-02
-4.579306189415532913e-02
-5.343347460524938697e-02
-5.852708307931209220e-02
-5.852708307931209220e-02
-5.343347460524938697e-02
-5.088667036821803435e-02
-4.579306189415532913e-02
-4.833986613118668174e-02
-5.343347460524938697e-02
-5.852708307931209220e-02
-5.852708307931209220e-02
-5.343347460524938697e-02
-5.343347460524938697e-02
-4.579306189415532913e-02
-4.579306189415532913e-02
-5.088667036821803435e-02
-5.343347460524938697e-02
-5.852708307931209220e-02
-5.088667036821803435e-02
-5.343347460524938697e-02
-4.833986613118668174e-02
-4.579306189415532913e-02
-5.343347460524938697e-02
-5.088667036821803435e-02
-5.852708307931209220e-02
-5.852708307931209220e-02
-5.343347460524938697e-02
-5.088667036821803435e-02
-4.833986613118668174e-02
-5.343347460524938697e-02
-6.107388731634344481e-02
-5.852708307931209220e-02
-5.343347460524938697e-02
-5.343347460524938697e-02
-4.833986613118668174e-02
-4.579306189415532913e-02
-5.343347460524938697e-02
-5.343347460524938697e-02
-5.852708307931209220e-02
-5.598027884228073958e-02
-5.088667036821803435e-02
-5.343347460524938697e-02
-4.833986613118668174e-02
-4.579306189415532913e-02
-5.088667036821803435e-02
-5.343347460524938697e-02
-5.852708307931209220e-02
-5.852708307931209220e-02
-5.343347460524938697e-02
-4.833986613118668174e-02
-5.088667036821803435e-02
-5.343347460524938697e-02
-6.107388731634344481e-02
-5.598027884228073958e-02
-5.598027884228073958e-02
-5.088667036821803435e-02
-4.833986613118668174e-02
-5.343347460524938697e-02
-5.598027884228073958e-02
-6.107388731634344481e-02
-6.107388731634344481e-02
-5.598027884228073958e-02
-5.343347460524938697e-02
-5.088667036821803435e-02
-4.579306189415532913e-02
-5.343347460524938697e-02
-5.343347460524938697e-02
-5.852708307931209220e-02
-5.598027884228073958e-02
-5.343347460524938697e-02
-4.579306189415532913e-02
-4.833986613118668174e-02
-5.343347460524938697e-02
-5.343347460524938697e-02
-6.107388731634344481e-02
-5.343347460524938697e-02
-5.343347460524938697e-02
-5.088667036821803435e-02
-4.833986613118668174e-02
-5.343347460524938697e-02
-5.088667036821803435e-02
-6.107388731634344481e-02
-5.852708307931209220e-02
-5.343347460524938697e-02
-5.088667036821803435e-02
-4.579306189415532913e-02
-4.833986613118668174e-02
-5.343347460524938697e-02
-6.107388731634344481e-02
-5.852708307931209220e-02
-5.852708307931209220e-02
-5.088667036821803435e-02
-5.088667036821803435e-02
-4.833986613118668174e-02
-5.343347460524938697e-02
-5.088667036821803435e-02
-5.852708307931209220e-02
-5.343347460524938697e-02
-5.343347460524938697e-02
-5.343347460524938697e-02
-4.833986613118668174e-02
-5.088667036821803435e-02
-5.343347460524938697e-02
-6.107388731634344481e-02
-5.852708307931209220e-02
-5.088667036821803435e-02
-5.343347460524938697e-02
-4.579306189415532913e-02
-4.579306189415532913e-02
-5.343347460524938697e-02
-5.088667036821803435e-02
-5.852708307931209220e-02
-5.343347460524938697e-02
-5.088667036821803435e-02
-4.833986613118668174e-02
-4.579306189415532913e-02
-5.343347460524938697e-02
-5.852708307931209220e-02
-5.852708307931209220e-02
-5.343347460524938697e-02
-5.343347460524938697e-02
-5.088667036821803435e-02
-4.579306189415532913e-02
-5.343347460524938697e-02
-5.852708307931209220e-02
-6.107388731634344481e-02
-5.343347460524938697e-02
-5.343347460524938697e-02
-4.833986613118668174e-02
-4.579306189415532913e-02
-5.598027884228073958e-02
-5.852708307931209220e-02
-6.107388731634344481e-02
-5.343347460524938697e-02
-5.088667036821803435e-02
-4.833986613118668174e-02
-4.833986613118668174e-02
-4.833986613118668174e-02
-5.343347460524938697e-02
-6.107388731634344481e-02
-6.107388731634344481e-02
-5.343347460524938697e-02
-5.343347460524938697e-02
-4.579306189415532913e-02
-4.579306189415532913e-02
-5.343347460524938697e-02
-6.107388731634344481e-02
-5.088667036821803435e-02
-4.833986613118668174e-02
-4.833986613118668174e-02
-5.343347460524938697e-02
-5.598027884228073958e-02
-5.088667036821803435e-02
-6.107388731634344481e-02
-5.852708307931209220e-02
-5.343347460524938697e-02
-5.343347460524938697e-02
-4.833986613118668174e-02
-4.833986613118668174e-02
-5.343347460524938697e-02
-5.088667036821803435e-02
-5.598027884228073958e-02
-5.343347460524938697e-02
-5.088667036821803435e-02
-4.833986613118668174e-02
-5.343347460524938697e-02
-5.343347460524938697e-02
-5.852708307931209220e-02
-6.107388731634344481e-02
-5.088667036821803435e-02
-4.833986613118668174e-02
-5.343347460524938697e-02
-4.579306189415532913e-02
-5.343347460524938697e-02
-5.343347460524938697e-02
-5.852708307931209220e-02
-5.852708307931209220e-02
-5.088667036821803435e-02
-5.088667036821803435e-02
-4.833986613118668174e-02
-5.343347460524938697e-02
-5.343347460524938697e-02
-5.852708307931209220e-02
-5.343347460524938697e-02
-5.343347460524938697e-02
-4.579306189415532913e-02
-4.833986613118668174e-02
-4.833986613118668174e-02
-5.088667036821803435e-02
-5.343347460524938697e-02
-5.852708307931209220e-02
-5.598027884228073958e-02
-5.088667036821803435e-02
-4.833986613118668174e-02
-4.579306189415532913e-02
-5.088667036821803435e-02
-5.852708307931209220e-02
-5.852708307931209220e-02
-5.088667036821803435e-02
-4.833986613118668174e-02
-4.833986613118668174e-02
-5.343347460524938697e-02
-5.088667036821803435e-02
-5.852708307931209220e-02
-6.107388731634344481e-02
-5.343347460524938697e-02
-4.833986613118668174e-02
-4.833986613118668174e-02
-4.833986613118668174e-02
-5.343347460524938697e-02
-5.088667036821803435e-02
-5.852708307931209220e-02
-5.852708307931209220e-02
-5.088667036821803435e-02
-5.343347460524938697e-02
-4.579306189415532913e-02
-5.343347460524938697e-02
-5.343347460524938697e-02
-5.852708307931209220e-02
-5.852708307931209220e-02
-4.833986613118668174e-02
-4.833986613118668174e-02
-4.579306189415532913e-02
-5.343347460524938697e-02
-5.088667036821803435e-02
-5.852708307931209220e-02
-5.852708307931209220e-02
-5.343347460524938697e-02
-5.088667036821803435e-02
-4.833986613118668174e-02
-5.343347460524938697e-02
-5.343347460524938697e-02
-5.852708307931209220e-02
-6.107388731634344481e-02
-5.343347460524938697e-02
-5.598027884228073958e-02
-4.833986613118668174e-02
-4.324625765712397651e-02
-5.343347460524938697e-02
-5.343347460524938697e-02
-6.107388731634344481e-02
-5.598027884228073958e-02
-5.343347460524938697e-02
-4.833986613118668174e-02
-4.579306189415532913e-02
-4.833986613118668174e-02
-5.343347460524938697e-02
-5.088667036821803435e-02
-6.107388731634344481e-02
-5.852708307931209220e-02
-5.343347460524938697e-02
-5.088667036821803435e-02
-4.833986613118668174e-02
-5.343347460524938697e-02
-5.343347460524938697e-02
-6.107388731634344481e-02
-6.107388731634344481e-02
-5.343347460524938697e-02
-5.088667036821803435e-02
-4.833986613118668174e-02
-5.088667036821803435e-02
-5.088667036821803435e-02
-6.107388731634344481e-02
-5.852708307931209220e-02
-5.343347460524938697e-02
-5.343347460524938697e-02
-4.833986613118668174e-02
-4.579306189415532913e-02
-5.088667036821803435e-02
-6.107388731634344481e-02
-6.362069155337479742e-02
-5.343347460524938697e-02
-5.088667036821803435e-02
-4.833986613118668174e-02
-4.833986613118668174e-02
-5.343347460524938697e-02
-5.343347460524938697e-02
-6.107388731634344481e-02
-6.107388731634344481e-02
-5.343347460524938697e-02
-4.833986613118668174e-02
-4.833986613118668174e-02
-5.343347460524938697e-02
-5.343347460524938697e-02
-5.088667036821803435e-02
-5.852708307931209220e-02
-6.107388731634344481e-02
-5.343347460524938697e-02
-5.088667036821803435e-02
-4.833986613118668174e-02
-5.343347460524938697e-02
-5.343347460524938697e-02
-5.852708307931209220e-02
-5.598027884228073958e-02
-5.343347460524938697e-02
-5.343347460524938697e-02
-4.579306189415532913e-02
-4.579306189415532913e-02
-5.343347460524938697e-02
-5.343347460524938697e-02
-6.107388731634344481e-02
-5.343347460524938697e-02
-5.343347460524938697e-02
-4.833986613118668174e-02
-5.598027884228073958e-02
-5.088667036821803435e-02
-6.107388731634344481e-02
-5.852708307931209220e-02
-5.598027884228073958e-02
-5.088667036821803435e-02
-4.833986613118668174e-02
-5.343347460524938697e-02
-5.343347460524938697e-02
-6.107388731634344481e-02
-5.343347460524938697e-02
-5.343347460524938697e-02
-5.088667036821803435e-02
-4.833986613118668174e-02
-5.343347460524938697e-02
-5.598027884228073958e-02
-5.852708307931209220e-02
-5.343347460524938697e-02
-5.343347460524938697e-02
-5.343347460524938697e-02
-4.833986613118668174e-02
-4.579306189415532913e-02
-5.343347460524938697e-02
-6.107388731634344481e-02
-5.852708307931209220e-02
-6.107388731634344481e-02
-5.343347460524938697e-02
-5.088667036821803435e-02
-4.833986613118668174e-02
-4.579306189415532913e-02
-5.343347460524938697e-02
-5.088667036821803435e-02
-5.852708307931209220e-02
-5.852708307931209220e-02
-5.343347460524938697e-02
-5.343347460524938697e-02
-4.579306189415532913e-02
-5.088667036821803435e-02
-5.343347460524938697e-02
-6.107388731634344481e-02
-5.852708307931209220e-02
-5.343347460524938697e-02
-5.088667036821803435e-02
-4.833986613118668174e-02
-5.343347460524938697e-02
-5.343347460524938697e-02
-5.852708307931209220e-02
-5.088667036821803435e-02
-5.598027884228073958e-02
-4.833986613118668174e-02
-4.833986613118668174e-02
-5.343347460524938697e-02
-5.088667036821803435e-02
-6.107388731634344481e-02
-6.107388731634344481e-02
-5.343347460524938697e-02
-5.343347460524938697e-02
-5.088667036821803435e-02
-5.088667036821803435e-02
-5.343347460524938697e-02
-5.343347460524938697e-02
-6.107388731634344481e-02
-5.343347460524938697e-02
-5.343347460524938697e-02
-5.088667036821803435e-02
-5.088667036821803435e-02
-4.833986613118668174e-02
-5.088667036821803435e-02
-6.107388731634344481e-02
-5.852708307931209220e-02
-5.343347460524938697e-02
-5.343347460524938697e-02
-4.833986613118668174e-02
-5.343347460524938697e-02
-5.343347460524938697e-02
-6.107388731634344481e-02
-5.852708307931209220e-02
-5.343347460524938697e-02
-5.088667036821803435e-02
-4.579306189415532913e-02
-5.343347460524938697e-02
-5.088667036821803435e-02
-5.343347460524938697e-02
-6.107388731634344481e-02
-5.852708307931209220e-02
-5.343347460524938697e-02
-4.833986613118668174e-02
-4.833986613118668174e-02
-5.343347460524938697e-02
-5.088667036821803435e-02
-5.852708307931209220e-02
-6.107388731634344481e-02
-4.579306189415532913e-02
-4.579306189415532913e-02
-5.343347460524938697e-02
-5.088667036821803435e-02
-5.852708307931209220e-02
-5.852708307931209220e-02
-6.107388731634344481e-02
-5.343347460524938697e-02
-5.343347460524938697e-02
-4.579306189415532913e-02
-5.343347460524938697e-02
-5.343347460524938697e-02
-5.598027884228073958e-02
-5.852708307931209220e-02
-5.343347460524938697e-02
-5.088667036821803435e-02
-5.088667036821803435e-02
-4.833986613118668174e-02
-5.343347460524938697e-02
-5.852708307931209220e-02
-5.852708307931209220e-02
-5.598027884228073958e-02
-5.088667036821803435e-02
-4.579306189415532913e-02
-4.579306189415532913e-02
-6.107388731634344481e-02
-5.852708307931209220e-02
-5.852708307931209220e-02
-5.343347460524938697e-02
-4.579306189415532913e-02
-4.833986613118668174e-02
-5.343347460524938697e-02
-5.343347460524938697e-02
-5.088667036821803435e-02
-6.107388731634344481e-02
-5.852708307931209220e-02
-5.343347460524938697e-02
-5.343347460524938697e-02
-4.579306189415532913e-02
-4.833986613118668174e-02
-5.343347460524938697e-02
-5.852708307931209220e-02
-5.852708307931209220e-02
-5.343347460524938697e-02
-5.343347460524938697e-02
-4.833986613118668174e-02
-4.833986613118668174e-02
-5.343347460524938697e-02
-5.343347460524938697e-02
-5.852708307931209220e-02
-5.343347460524938697e-02
-5.343347460524938697e-02
-4.833986613118668174e-02
-5.343347460524938697e-02
-5.343347460524938697e-02
-5.852708307931209220e-02
-5.852708307931209220e-02
-5.343347460524938697e-02
-5.343347460524938697e-02
-4.579306189415532913e-02
-4.579306189415532913e-02
-5.343347460524938697e-02
-5.852708307931209220e-02
-5.852708307931209220e-02
-5.088667036821803435e-02
-5.343347460524938697e-02
-5.343347460524938697e-02
-4.579306189415532913e-02
-5.088667036821803435e-02
-5.343347460524938697e-02
-5.852708307931209220e-02
-5.343347460524938697e-02
-5.598027884228073958e-02
-5.343347460524938697e-02
-4.579306189415532913e-02
-5.343347460524938697e-02
-5.343347460524938697e-02
-5.852708307931209220e-02
-6.107388731634344481e-02
-5.343347460524938697e-02
-5.343347460524938697e-02
-4.579306189415532913e-02
-4.579306189415532913e-02
-5.343347460524938697e-02
-5.088667036821803435e-02
-5.852708307931209220e-02
-5.852708307931209220e-02
-5.343347460524938697e-02
-5.088667036821803435e-02
-4.833986613118668174e-02
-5.088667036821803435e-02
-6.107388731634344481e-02
-5.852708307931209220e-02
-5.852708307931209220e-02
-5.343347460524938697e-02
-4.833986613118668174e-02
-4.579306189415532913e-02
-5.343347460524938697e-02
-5.343347460524938697e-02
-6.107388731634344481e-02
-6.107388731634344481e-02
-5.343347460524938697e-02
-4.833986613118668174e-02
-4.833986613118668174e-02
-5.343347460524938697e-02
-5.343347460524938697e-02
-5.088667036821803435e-02
-5.852708307931209220e-02
-5.852708307931209220e-02
-5.343347460524938697e-02
-4.833986613118668174e-02
-5.088667036821803435e-02
-5.088667036821803435e-02
-5.343347460524938697e-02
-5.852708307931209220e-02
-6.107388731634344481e-02
-5.343347460524938697e-02
-5.343347460524938697e-02
-4.833986613118668174e-02
-4.833986613118668174e-02
-5.343347460524938697e-02
-5.852708307931209220e-02
-6.107388731634344481e-02
-5.343347460524938697e-02
-5.343347460524938697e-02
-4.579306189415532913e-02
-5.088667036821803435e-02
-5.343347460524938697e-02
-5.343347460524938697e-02
-6.107388731634344481e-02
-5.852708307931209220e-02
-5.343347460524938697e-02
-5.343347460524938697e-02
-5.088667036821803435e-02
-5.343347460524938697e-02
-6.107388731634344481e-02
-6.107388731634344481e-02
-5.088667036821803435e-02
-5.343347460524938697e-02
-4.579306189415532913e-02
-4.579306189415532913e-02
-5.343347460524938697e-02
-6.107388731634344481e-02
-5.852708307931209220e-02
-6.107388731634344481e-02
-5.088667036821803435e-02
-5.343347460524938697e-02
-4.833986613118668174e-02
-4.833986613118668174e-02
-5.343347460524938697e-02
-5.343347460524938697e-02
-6.107388731634344481e-02
-5.343347460524938697e-02
-5.343347460524938697e-02
-5.088667036821803435e-02
-4.833986613118668174e-02
-5.343347460524938697e-02
-6.107388731634344481e-02
-6.107388731634344481e-02
-5.852708307931209220e-02
-5.343347460524938697e-02
-4.833986613118668174e-02
-5.088667036821803435e-02
-5.343347460524938697e-02
-5.343347460524938697e-02
-6.107388731634344481e-02
-5.343347460524938697e-02
-5.343347460524938697e-02
-5.088667036821803435e-02
-4.833986613118668174e-02
-5.343347460524938697e-02
-5.343347460524938697e-02
-6.107388731634344481e-02
-6.107388731634344481e-02
-5.088667036821803435e-02
-5.343347460524938697e-02
-5.088667036821803435e-02
-4.833986613118668174e-02
-5.343347460524938697e-02
-5.852708307931209220e-02
-6.107388731634344481e-02
-5.343347460524938697e-02
-5.343347460524938697e-02
-5.088667036821803435e-02
-4.833986613118668174e-02
-5.343347460524938697e-02
-5.088667036821803435e-02
-6.107388731634344481e-02
-6.107388731634344481e-02
-5.343347460524938697e-02
-5.343347460524938697e-02
-5.088667036821803435e-02
-5.088667036821803435e-02
-5.343347460524938697e-02
-5.343347460524938697e-02
-5.598027884228073958e-02
-5.343347460524938697e-02
-5.343347460524938697e-02
-4.833986613118668174e-02
-5.088667036821803435e-02
-5.343347460524938697e-02
-5.598027884228073958e-02
-5.343347460524938697e-02
-6.107388731634344481e-02
-5.343347460524938697e-02
-5.343347460524938697e-02
-4.833986613118668174e-02
-4.833986613118668174e-02
-5.343347460524938697e-02
-5.088667036821803435e-02
-6.107388731634344481e-02
-5.852708307931209220e-02
-5.598027884228073958e-02
-4.579306189415532913e-02
-4.833986613118668174e-02
-5.343347460524938697e-02
-5.343347460524938697e-02
-6.107388731634344481e-02
-5.852708307931209220e-02
-5.598027884228073958e-02
-5.088667036821803435e-02
-4.579306189415532913e-02
-5.343347460524938697e-02
-5.343347460524938697e-02
-6.107388731634344481e-02
-6.107388731634344481e-02
-5.343347460524938697e-02
-4.833986613118668174e-02
-4.579306189415532913e-02
-5.088667036821803435e-02
-5.088667036821803435e-02
-6.107388731634344481e-02
-6.107388731634344481e-02
-5.088667036821803435e-02
-5.598027884228073958e-02
-4.833986613118668174e-02
-4.833986613118668174e-02
-5.343347460524938697e-02
-5.343347460524938697e-02
-6.107388731634344481e-02
-5.852708307931209220e-02
-5.598027884228073958e-02
-4.833986613118668174e-02
-4.833986613118668174e-02
-5.343347460524938697e-02
-5.852708307931209220e-02
-6.362069155337479742e-02
-5.088667036821803435e-02
-5.343347460524938697e-02
-4.833986613118668174e-02
-5.088667036821803435e-02
-5.343347460524938697e-02
-5.343347460524938697e-02
-5.852708307931209220e-02
-6.107388731634344481e-02
-5.343347460524938697e-02
-4.579306189415532913e-02
-4.579306189415532913e-02
-5.343347460524938697e-02
-5.343347460524938697e-02
-6.107388731634344481e-02
-6.107388731634344481e-02
-5.343347460524938697e-02
-5.343347460524938697e-02
-4.833986613118668174e-02
-5.343347460524938697e-02
-5.343347460524938697e-02
-5.852708307931209220e-02
-5.852708307931209220e-02
-5.343347460524938697e-02
-4.579306189415532913e-02
-5.343347460524938697e-02
-5.343347460524938697e-02
-5.343347460524938697e-02
-6.107388731634344481e-02
-6.107388731634344481e-02
-5.343347460524938697e-02
-4.579306189415532913e-02
-4.833986613118668174e-02
-5.088667036821803435e-02
-5.088667036821803435e-02
-5.088667036821803435e-02
-5.852708307931209220e-02
-6.107388731634344481e-02
-5.343347460524938697e-02
-4.579306189415532913e-02
-4.833986613118668174e-02
-5.343347460524938697e-02
-5.343347460524938697e-02
-6.107388731634344481e-02
-5.852708307931209220e-02
-5.598027884228073958e-02
-4.833986613118668174e-02
-4.833986613118668174e-02
-5.088667036821803435e-02
-5.088667036821803435e-02
-5.852708307931209220e-02
-5.343347460524938697e-02
-5.088667036821803435e-02
-4.833986613118668174e-02
-4.579306189415532913e-02
-5.343347460524938697e-02
-5.598027884228073958e-02
-5.852708307931209220e-02
-6.107388731634344481e-02
-5.088667036821803435e-02
-5.088667036821803435e-02
-4.833986613118668174e-02
-4.579306189415532913e-02
-5.343347460524938697e-02
-5.343347460524938697e-02
-5.852708307931209220e-02
-6.107388731634344481e-02
-5.343347460524938697e-02
-4.833986613118668174e-02
-4.833986613118668174e-02
-5.343347460524938697e-02
-5.852708307931209220e-02
-6.107388731634344481e-02
-5.343347460524938697e-02
-5.343347460524938697e-02
-4.579306189415532913e-02
-4.833986613118668174e-02
-5.343347460524938697e-02
-5.343347460524938697e-02
-5.852708307931209220e-02
-5.852708307931209220e-02
-5.343347460524938697e-02
-4.833986613118668174e-02
-5.088667036821803435e-02
-5.088667036821803435e-02
-5.343347460524938697e-02
-6.107388731634344481e-02
-6.107388731634344481e-02
-5.343347460524938697e-02
-4.579306189415532913e-02
-4.579306189415532913e-02
-5.343347460524938697e-02
-5.343347460524938697e-02
-5.088667036821803435e-02
-5.088667036821803435e-02
-5.343347460524938697e-02
-4.579306189415532913e-02
-4.833986613118668174e-02
-5.343347460524938697e-02
-5.598027884228073958e-02
-5.852708307931209220e-02
-5.088667036821803435e-02
-5.088667036821803435e-02
-4.579306189415532913e-02
-4.833986613118668174e-02
-5.343347460524938697e-02
-5.343347460524938697e-02
-6.107388731634344481e-02
-6.107388731634344481e-02
-5.343347460524938697e-02
-4.833986613118668174e-02
-4.833986613118668174e-02
-5.088667036821803435e-02
-5.343347460524938697e-02
-5.852708307931209220e-02
-5.852708307931209220e-02
-5.343347460524938697e-02
-4.579306189415532913e-02
-4.579306189415532913e-02
-5.343347460524938697e-02
-5.343347460524938697e-02
-5.852708307931209220e-02
-5.343347460524938697e-02
-5.088667036821803435e-02
-5.598027884228073958e-02
-4.833986613118668174e-02
-5.088667036821803435e-02
-5.343347460524938697e-02
-6.107388731634344481e-02
-5.852708307931209220e-02
-5.088667036821803435e-02
-5.343347460524938697e-02
-4.579306189415532913e-02
-4.833986613118668174e-02
-5.343347460524938697e-02
-5.852708307931209220e-02
-6.107388731634344481e-02
-5.088667036821803435e-02
-5.343347460524938697e-02
-4.833986613118668174e-02
-4.833986613118668174e-02
-5.088667036821803435e-02
-5.343347460524938697e-02
-5.852708307931209220e-02
-5.852708307931209220e-02
-5.343347460524938697e-02
-5.343347460524938697e-02
-4.833986613118668174e-02
-4.579306189415532913e-02
-5.343347460524938697e-02
-5.343347460524938697e-02
-5.852708307931209220e-02
-5.343347460524938697e-02
-5.343347460524938697e-02
-4.579306189415532913e-02
-4.833986613118668174e-02
-5.343347460524938697e-02
-5.852708307931209220e-02
-5.852708307931209220e-02
-5.088667036821803435e-02
-5.088667036821803435e-02
-4.833986613118668174e-02
-4.833986613118668174e-02
-5.343347460524938697e-02
-5.343347460524938697e-02
-6.107388731634344481e-02
-6.107388731634344481e-02
-5.343347460524938697e-02
-5.598027884228073958e-02
-4.833986613118668174e-02
-4.833986613118668174e-02
-5.088667036821803435e-02
-5.852708307931209220e-02
-5.852708307931209220e-02
-5.088667036821803435e-02
-5.343347460524938697e-02
-4.833986613118668174e-02
-5.088667036821803435e-02
-5.343347460524938697e-02
-5.598027884228073958e-02
-6.107388731634344481e-02
-5.343347460524938697e-02
-5.343347460524938697e-02
-4.833986613118668174e-02
-5.088667036821803435e-02
-5.343347460524938697e-02
-6.107388731634344481e-02
-5.852708307931209220e-02
-5.852708307931209220e-02
-5.343347460524938697e-02
-4.833986613118668174e-02
-4.833986613118668174e-02
-5.343347460524938697e-02
-5.852708307931209220e-02
-5.343347460524938697e-02
-5.343347460524938697e-02
-5.343347460524938697e-02
-4.833986613118668174e-02
-5.088667036821803435e-02
-5.343347460524938697e-02
-5.852708307931209220e-02
-6.107388731634344481e-02
-5.088667036821803435e-02
-5.343347460524938697e-02
-4.579306189415532913e-02
-5.088667036821803435e-02
-5.852708307931209220e-02
-6.107388731634344481e-02
-5.852708307931209220e-02
-5.088667036821803435e-02
-4.833986613118668174e-02
-5.088667036821803435e-02
-5.088667036821803435e-02
-5.343347460524938697e-02
-5.598027884228073958e-02
-5.852708307931209220e-02
-5.088667036821803435e-02
-5.343347460524938697e-02
-4.579306189415532913e-02
-5.088667036821803435e-02
-5.343347460524938697e-02
-5.852708307931209220e-02
-5.088667036821803435e-02
-5.088667036821803435e-02
-5.598027884228073958e-02
-4.579306189415532913e-02
-5.343347460524938697e-02
-5.088667036821803435e-02
-5.852708307931209220e-02
-5.852708307931209220e-02
-5.343347460524938697e-02
-5.343347460524938697e-02
-4.579306189415532913e-02
-4.833986613118668174e-02
-5.343347460524938697e-02
-6.107388731634344481e-02
-5.852708307931209220e-02
-5.088667036821803435e-02
-5.343347460524938697e-02
-4.579306189415532913e-02
-4.579306189415532913e-02
-5.088667036821803435e-02
-5.852708307931209220e-02
-5.852708307931209220e-02
-6.107388731634344481e-02
-5.088667036821803435e-02
-5.343347460524938697e-02
-4.833986613118668174e-02
-4.833986613118668174e-02
-5.343347460524938697e-02
-5.852708307931209220e-02
-5.852708307931209220e-02
-5.343347460524938697e-02
-5.343347460524938697e-02
-4.579306189415532913e-02
-4.579306189415532913e-02
-5.343347460524938697e-02
-5.852708307931209220e-02
-6.107388731634344481e-02
-5.343347460524938697e-02
-5.343347460524938697e-02
-4.579306189415532913e-02
-5.088667036821803435e-02
-5.088667036821803435e-02
-5.343347460524938697e-02
-6.107388731634344481e-02
-5.343347460524938697e-02
-5.598027884228073958e-02
-4.833986613118668174e-02
-4.579306189415532913e-02
-5.343347460524938697e-02
-5.343347460524938697e-02
-5.852708307931209220e-02
-5.088667036821803435e-02
-5.343347460524938697e-02
-4.579306189415532913e-02
-5.088667036821803435e-02
-5.343347460524938697e-02
-5.598027884228073958e-02
-5.852708307931209220e-02
-5.088667036821803435e-02
-4.833986613118668174e-02
-4.579306189415532913e-02
-5.088667036821803435e-02
-5.343347460524938697e-02
-5.852708307931209220e-02
-5.343347460524938697e-02
-5.088667036821803435e-02
-4.579306189415532913e-02
-4.579306189415532913e-02
-5.088667036821803435e-02
-5.343347460524938697e-02
-5.852708307931209220e-02
-5.343347460524938697e-02
-5.343347460524938697e-02
-4.833986613118668174e-02
-4.579306189415532913e-02
-5.343347460524938697e-02
-5.088667036821803435e-02
-5.598027884228073958e-02
-5.852708307931209220e-02
-5.088667036821803435e-02
-5.598027884228073958e-02
-4.579306189415532913e-02
-5.088667036821803435e-02
-5.598027884228073958e-02
-5.598027884228073958e-02
-5.852708307931209220e-02
-5.088667036821803435e-02
-5.343347460524938697e-02
-4.833986613118668174e-02
-4.833986613118668174e-02
-5.343347460524938697e-02
-5.852708307931209220e-02
-5.852708307931209220e-02
-5.343347460524938697e-02
-5.598027884228073958e-02
-4.579306189415532913e-02
-5.343347460524938697e-02
-5.343347460524938697e-02
-5.852708307931209220e-02
-5.852708307931209220e-02
-5.088667036821803435e-02
-5.343347460524938697e-02
-4.579306189415532913e-02
-5.088667036821803435e-02
-5.343347460524938697e-02
-5.343347460524938697e-02
-6.107388731634344481e-02
-5.852708307931209220e-02
-5.088667036821803435e-02
-5.343347460524938697e-02
-4.833986613118668174e-02
-5.088667036821803435e-02
-5.343347460524938697e-02
-5.852708307931209220e-02
-6.107388731634344481e-02
-5.343347460524938697e-02
-5.598027884228073958e-02
-4.579306189415532913e-02
-4.833986613118668174e-02
-5.343347460524938697e-02
-5.852708307931209220e-02
-5.852708307931209220e-02
-5.343347460524938697e-02
-5.598027884228073958e-02
-4.579306189415532913e-02
-4.833986613118668174e-02
-5.343347460524938697e-02
-5.343347460524938697e-02
-5.852708307931209220e-02
-5.343347460524938697e-02
-4.833986613118668174e-02
-4.579306189415532913e-02
-5.088667036821803435e-02
-5.343347460524938697e-02
-5.852708307931209220e-02
-6.107388731634344481e-02
-5.088667036821803435e-02
-5.088667036821803435e-02
-4.833986613118668174e-02
-5.088667036821803435e-02
-5.343347460524938697e-02
-5.852708307931209220e-02
-5.852708307931209220e-02
-5.088667036821803435e-02
-5.088667036821803435e-02
-4.579306189415532913e-02
-4.833986613118668174e-02
-5.343347460524938697e-02
-6.107388731634344481e-02
-6.107388731634344481e-02
-5.598027884228073958e-02
-5.343347460524938697e-02
-4.579306189415532913e-02
-4.579306189415532913e-02
-5.343347460524938697e-02
-5.343347460524938697e-02
-6.107388731634344481e-02
-5.852708307931209220e-02
-5.088667036821803435e-02
-5.343347460524938697e-02
-4.833986613118668174e-02
-5.598027884228073958e-02
-5.852708307931209220e-02
-5.598027884228073958e-02
-5.088667036821803435e-02
-5.598027884228073958e-02
-4.579306189415532913e-02
-5.343347460524938697e-02
-5.088667036821803435e-02
-5.852708307931209220e-02
-5.598027884228073958e-02
-5.088667036821803435e-02
-4.833986613118668174e-02
-4.579306189415532913e-02
-4.579306189415532913e-02
-5.088667036821803435e-02
-5.852708307931209220e-02
-5.852708307931209220e-02
-5.343347460524938697e-02
-5.343347460524938697e-02
-4.579306189415532913e-02
-4.579306189415532913e-02
-5.343347460524938697e-02
-5.598027884228073958e-02
-6.107388731634344481e-02
-5.088667036821803435e-02
-5.088667036821803435e-02
-5.343347460524938697e-02
-4.833986613118668174e-02
-4.833986613118668174e-02
-5.088667036821803435e-02
-5.343347460524938697e-02
-5.852708307931209220e-02
-5.088667036821803435e-02
-5.343347460524938697e-02
-4.833986613118668174e-02
-4.833986613118668174e-02
-5.088667036821803435e-02
-5.343347460524938697e-02
-5.852708307931209220e-02
-6.107388731634344481e-02
-4.833986613118668174e-02
-4.833986613118668174e-02
-4.833986613118668174e-02
-5.343347460524938697e-02
-5.088667036821803435e-02
-5.852708307931209220e-02
-6.107388731634344481e-02
-5.088667036821803435e-02
-5.343347460524938697e-02
-4.833986613118668174e-02
-4.833986613118668174e-02
-5.343347460524938697e-02
-5.343347460524938697e-02
-5.598027884228073958e-02
-5.343347460524938697e-02
-5.598027884228073958e-02
-4.579306189415532913e-02
-4.579306189415532913e-02
-5.343347460524938697e-02
-5.343347460524938697e-02
-6.107388731634344481e-02
-5.343347460524938697e-02
-5.343347460524938697e-02
-4.833986613118668174e-02
-4.833986613118668174e-02
-5.343347460524938697e-02
-5.343347460524938697e-02
-5.852708307931209220e-02
-5.852708307931209220e-02
-5.343347460524938697e-02
-5.088667036821803435e-02
-4.833986613118668174e-02
-5.343347460524938697e-02
-5.343347460524938697e-02
-6.107388731634344481e-02
-6.107388731634344481e-02
-5.343347460524938697e-02
-5.343347460524938697e-02
-4.833986613118668174e-02
-4.833986613118668174e-02
-5.343347460524938697e-02
-6.107388731634344481e-02
-6.107388731634344481e-02
-5.088667036821803435e-02
-5.088667036821803435e-02
-4.579306189415532913e-02
-4.833986613118668174e-02
-5.088667036821803435e-02
-5.852708307931209220e-02
-6.107388731634344481e-02
-5.598027884228073958e-02
-5.343347460524938697e-02
-4.579306189415532913e-02
-4.579306189415532913e-02
-5.088667036821803435e-02
-5.343347460524938697e-02
-6.107388731634344481e-02
-5.598027884228073958e-02
-5.598027884228073958e-02
-4.579306189415532913e-02
-5.088667036821803435e-02
-5.088667036821803435e-02
-5.343347460524938697e-02
-6.107388731634344481e-02
-6.107388731634344481e-02
-5.343347460524938697e-02
-5.598027884228073958e-02
-4.579306189415532913e-02
-5.343347460524938697e-02
-5.343347460524938697e-02
-5.852708307931209220e-02
-5.852708307931209220e-02
-5.088667036821803435e-02
-5.343347460524938697e-02
-4.833986613118668174e-02
-4.579306189415532913e-02
-5.343347460524938697e-02
-5.343347460524938697e-02
-6.107388731634344481e-02
-5.343347460524938697e-02
-5.088667036821803435e-02
-4.579306189415532913e-02
-5.343347460524938697e-02
-5.088667036821803435e-02
-5.852708307931209220e-02
-5.852708307931209220e-02
-5.343347460524938697e-02
-5.343347460524938697e-02
-4.579306189415532913e-02
-4.833986613118668174e-02
-5.088667036821803435e-02
-5.343347460524938697e-02
-6.107388731634344481e-02
-6.107388731634344481e-02
-5.088667036821803435e-02
-4.833986613118668174e-02
-4.833986613118668174e-02
-5.088667036821803435e-02
-5.343347460524938697e-02
-5.852708307931209220e-02
-5.852708307931209220e-02
-5.343347460524938697e-02
-5.343347460524938697e-02
-4.833986613118668174e-02
-5.343347460524938697e-02
-5.852708307931209220e-02
-5.852708307931209220e-02
-5.343347460524938697e-02
-5.343347460524938697e-02
-4.579306189415532913e-02
-4.579306189415532913e-02
-5.088667036821803435e-02
-5.852708307931209220e-02
-5.598027884228073958e-02
-5.088667036821803435e-02
-5.343347460524938697e-02
-4.579306189415532913e-02
-4.579306189415532913e-02
-5.343347460524938697e-02
-5.852708307931209220e-02
-5.852708307931209220e-02
-5.852708307931209220e-02
-5.088667036821803435e-02
-5.343347460524938697e-02
-4.579306189415532913e-02
-4.579306189415532913e-02
-5.343347460524938697e-02
-5.852708307931209220e-02
-5.852708307931209220e-02
-5.343347460524938697e-02
-5.343347460524938697e-02
-4.833986613118668174e-02
-4.833986613118668174e-02
-5.343347460524938697e-02
-5.343347460524938697e-02
-6.107388731634344481e-02
-5.343347460524938697e-02
-5.343347460524938697e-02
-4.579306189415532913e-02
-4.833986613118668174e-02
-5.343347460524938697e-02
-5.598027884228073958e-02
-5.852708307931209220e-02
-6.107388731634344481e-02
-5.343347460524938697e-02
-5.343347460524938697e-02
-4.833986613118668174e-02
-5.343347460524938697e-02
-5.343347460524938697e-02
-6.107388731634344481e-02
-6.107388731634344481e-02
-5.343347460524938697e-02
-5.343347460524938697e-02
-4.833986613118668174e-02
-5.088667036821803435e-02
-5.343347460524938697e-02
-5.852708307931209220e-02
-5.852708307931209220e-02
-6.107388731634344481e-02
-5.343347460524938697e-02
-4.833986613118668174e-02
-4.833986613118668174e-02
-5.088667036821803435e-02
-5.343347460524938697e-02
-5.852708307931209220e-02
-6.107388731634344481e-02
-5.343347460524938697e-02
-5.343347460524938697e-02
-4.833986613118668174e-02
-5.088667036821803435e-02
-5.088667036821803435e-02
-5.852708307931209220e-02
-5.088667036821803435e-02
-5.088667036821803435e-02
-4.579306189415532913e-02
-4.579306189415532913e-02
-5.343347460524938697e-02
-6.107388731634344481e-02
-5.852708307931209220e-02
-5.598027884228073958e-02
-5.343347460524938697e-02
-5.088667036821803435e-02
-4.833986613118668174e-02
-5.343347460524938697e-02
-5.343347460524938697e-02
-5.343347460524938697e-02
-6.107388731634344481e-02
-5.088667036821803435e-02
-5.088667036821803435e-02
-4.833986613118668174e-02
-5.088667036821803435e-02
-4.833986613118668174e-02
-5.343347460524938697e-02
-6.107388731634344481e-02
-5.852708307931209220e-02
-5.088667036821803435e-02
-5.343347460524938697e-02
-4.579306189415532913e-02
-4.579306189415532913e-02
-5.343347460524938697e-02
-5.343347460524938697e-02
-5.852708307931209220e-02
-5.343347460524938697e-02
-5.343347460524938697e-02
-5.343347460524938697e-02
-4.833986613118668174e-02
-4.833986613118668174e-02
-5.343347460524938697e-02
-5.852708307931209220e-02
-5.852708307931209220e-02
-5.088667036821803435e-02
-5.343347460524938697e-02
-4.579306189415532913e-02
-4.833986613118668174e-02
-5.343347460524938697e-02
-5.343347460524938697e-02
-5.852708307931209220e-02
-5.852708307931209220e-02
-4.833986613118668174e-02
-4.579306189415532913e-02
-4.833986613118668174e-02
-5.343347460524938697e-02
-6.107388731634344481e-02
-5.598027884228073958e-02
-5.852708307931209220e-02
-5.343347460524938697e-02
-4.579306189415532913e-02
-4.833986613118668174e-02
-5.343347460524938697e-02
-5.343347460524938697e-02
-6.107388731634344481e-02
-6.107388731634344481e-02
-5.343347460524938697e-02
-4.579306189415532913e-02
-4.579306189415532913e-02
-5.343347460524938697e-02
-5.088667036821803435e-02
-5.598027884228073958e-02
-6.107388731634344481e-02
-5.343347460524938697e-02
-4.579306189415532913e-02
-4.833986613118668174e-02
-5.088667036821803435e-02
-5.852708307931209220e-02
-6.107388731634344481e-02
-5.343347460524938697e-02
-5.088667036821803435e-02
-5.088667036821803435e-02
-5.088667036821803435e-02
-5.343347460524938697e-02
-5.088667036821803435e-02
-5.852708307931209220e-02
-6.107388731634344481e-02
-5.343347460524938697e-02
-5.343347460524938697e-02
-4.833986613118668174e-02
-4.833986613118668174e-02
-5.088667036821803435e-02
-6.107388731634344481e-02
-5.852708307931209220e-02
-5.343347460524938697e-02
-5.088667036821803435e-02
-4.579306189415532913e-02
-4.579306189415532913e-02
-5.343347460524938697e-02
-5.852708307931209220e-02
-6.107388731634344481e-02
-5.343347460524938697e-02
-5.343347460524938697e-02
-4.833986613118668174e-02
-4.579306189415532913e-02
-5.343347460524938697e-02
-5.343347460524938697e-02
-5.852708307931209220e-02
-5.088667036821803435e-02
-5.343347460524938697e-02
-4.579306189415532913e-02
-4.833986613118668174e-02
-5.343347460524938697e-02
-5.343347460524938697e-02
-6.107388731634344481e-02
-5.852708307931209220e-02
-5.343347460524938697e-02
-4.833986613118668174e-02
-4.579306189415532913e-02
-5.343347460524938697e-02
-5.343347460524938697e-02
-5.852708307931209220e-02
-5.598027884228073958e-02
-5.088667036821803435e-02
-4.833986613118668174e-02
-4.833986613118668174e-02
-5.343347460524938697e-02
-5.343347460524938697e-02
-5.852708307931209220e-02
-5.598027884228073958e-02
-5.088667036821803435e-02
-5.343347460524938697e-02
-4.833986613118668174e-02
-5.343347460524938697e-02
-5.343347460524938697e-02
-5.598027884228073958e-02
-5.088667036821803435e-02
-5.343347460524938697e-02
-4.833986613118668174e-02
-4.833986613118668174e-02
-4.579306189415532913e-02
-5.343347460524938697e-02
-5.343347460524938697e-02
-5.852708307931209220e-02
-5.088667036821803435e-02
-5.343347460524938697e-02
-4.579306189415532913e-02
-4.833986613118668174e-02
-5.088667036821803435e-02
-5.343347460524938697e-02
-6.107388731634344481e-02
-6.107388731634344481e-02
-5.343347460524938697e-02
-4.579306189415532913e-02
-4.833986613118668174e-02
-5.088667036821803435e-02
-5.343347460524938697e-02
-6.107388731634344481e-02
-6.107388731634344481e-02
-5.088667036821803435e-02
-5.343347460524938697e-02
-5.088667036821803435e-02
-5.343347460524938697e-02
-5.343347460524938697e-02
-5.852708307931209220e-02
-5.852708307931209220e-02
-5.343347460524938697e-02
-5.088667036821803435e-02
-4.833986613118668174e-02
-4.579306189415532913e-02
-5.343347460524938697e-02
-5.852708307931209220e-02
-6.107388731634344481e-02
-5.088667036821803435e-02
-5.088667036821803435e-02
-4.579306189415532913e-02
-5.088667036821803435e-02
-5.343347460524938697e-02
-5.088667036821803435e-02
-5.852708307931209220e-02
-5.343347460524938697e-02
-5.598027884228073958e-02
-4.579306189415532913e-02
-4.833986613118668174e-02
-5.343347460524938697e-02
-5.088667036821803435e-02
-6.107388731634344481e-02
-6.107388731634344481e-02
-5.088667036821803435e-02
-5.343347460524938697e-02
-4.833986613118668174e-02
-4.579306189415532913e-02
-5.343347460524938697e-02
-5.343347460524938697e-02
-6.107388731634344481e-02
-5.852708307931209220e-02
-5.088667036821803435e-02
-4.833986613118668174e-02
-5.088667036821803435e-02
-5.088667036821803435e-02
-5.343347460524938697e-02
-5.852708307931209220e-02
-5.852708307931209220e-02
-5.343347460524938697e-02
-5.598027884228073958e-02
-4.579306189415532913e-02
-5.343347460524938697e-02
-5.343347460524938697e-02
-5.852708307931209220e-02
-6.107388731634344481e-02
-5.343347460524938697e-02
-5.088667036821803435e-02
-4.833986613118668174e-02
-4.833986613118668174e-02
-5.343347460524938697e-02
-5.852708307931209220e-02
-6.107388731634344481e-02
-5.343347460524938697e-02
-5.343347460524938697e-02
-4.833986613118668174e-02
-4.833986613118668174e-02
-5.343347460524938697e-02
-5.343347460524938697e-02
-5.852708307931209220e-02
-5.852708307931209220e-02
-5.343347460524938697e-02
-5.343347460524938697e-02
-4.833986613118668174e-02
-5.343347460524938697e-02
-5.343347460524938697e-02
-5.852708307931209220e-02
-5.852708307931209220e-02
-5.088667036821803435e-02
-5.088667036821803435e-02
-4.579306189415532913e-02
-4.579306189415532913e-02
-5.343347460524938697e-02
-5.852708307931209220e-02
-5.852708307931209220e-02
-5.088667036821803435e-02
-5.088667036821803435e-02
-4.579306189415532913e-02
-4.833986613118668174e-02
-5.343347460524938697e-02
-5.088667036821803435e-02
-5.852708307931209220e-02
-5.088667036821803435e-02
-5.598027884228073958e-02
-4.833986613118668174e-02
-4.833986613118668174e-02
-5.088667036821803435e-02
-5.343347460524938697e-02
-6.107388731634344481e-02
-5.088667036821803435e-02
-5.343347460524938697e-02
-4.579306189415532913e-02
-4.833986613118668174e-02
-5.343347460524938697e-02
-5.343347460524938697e-02
-5.852708307931209220e-02
-5.598027884228073958e-02
-5.343347460524938697e-02
-4.579306189415532913e-02
-4.579306189415532913e-02
-5.088667036821803435e-02
-5.343347460524938697e-02
-5.852708307931209220e-02
-5.852708307931209220e-02
-5.343347460524938697e-02
-4.579306189415532913e-02
-4.579306189415532913e-02
-4.833986613118668174e-02
-5.343347460524938697e-02
-6.107388731634344481e-02
-5.852708307931209220e-02
-5.343347460524938697e-02
-5.343347460524938697e-02
-5.088667036821803435e-02
-4.833986613118668174e-02
-5.343347460524938697e-02
-5.088667036821803435e-02
-5.852708307931209220e-02
-5.852708307931209220e-02
-5.343347460524938697e-02
-5.343347460524938697e-02
-4.833986613118668174e-02
-4.579306189415532913e-02
-5.343347460524938697e-02
-5.343347460524938697e-02
-6.107388731634344481e-02
-5.343347460524938697e-02
-5.088667036821803435e-02
-4.833986613118668174e-02
-4.579306189415532913e-02
-5.343347460524938697e-02
-5.852708307931209220e-02
-6.107388731634344481e-02
-5.088667036821803435e-02
-5.088667036821803435e-02
-4.833986613118668174e-02
-4.833986613118668174e-02
-4.833986613118668174e-02
-5.343347460524938697e-02
-6.362069155337479742e-02
-6.107388731634344481e-02
-5.088667036821803435e-02
-5.088667036821803435e-02
-4.833986613118668174e-02
-4.833986613118668174e-02
-5.343347460524938697e-02
-5.088667036821803435e-02
-5.852708307931209220e-02
-5.343347460524938697e-02
-5.088667036821803435e-02
-4.579306189415532913e-02
-5.343347460524938697e-02
-5.598027884228073958e-02
-6.107388731634344481e-02
-5.852708307931209220e-02
-5.343347460524938697e-02
-4.579306189415532913e-02
-4.833986613118668174e-02
-5.598027884228073958e-02
-5.343347460524938697e-02
-6.107388731634344481e-02
-5.852708307931209220e-02
-5.343347460524938697e-02
-5.343347460524938697e-02
-5.088667036821803435e-02
-4.833986613118668174e-02
-5.343347460524938697e-02
-5.343347460524938697e-02
-6.107388731634344481e-02
-6.107388731634344481e-02
-5.343347460524938697e-02
-5.343347460524938697e-02
-4.833986613118668174e-02
-5.088667036821803435e-02
-5.343347460524938697e-02
-6.107388731634344481e-02
-5.852708307931209220e-02
-5.343347460524938697e-02
-5.343347460524938697e-02
-4.833986613118668174e-02
-5.343347460524938697e-02
-5.343347460524938697e-02
-6.107388731634344481e-02
-5.852708307931209220e-02
-5.852708307931209220e-02
-5.343347460524938697e-02
-4.579306189415532913e-02
-4.833986613118668174e-02
-5.088667036821803435e-02
-5.343347460524938697e-02
-5.852708307931209220e-02
-5.852708307931209220e-02
-5.598027884228073958e-02
-5.343347460524938697e-02
-4.833986613118668174e-02
-5.343347460524938697e-02
-5.343347460524938697e-02
-5.852708307931209220e-02
-5.852708307931209220e-02
-5.343347460524938697e-02
-4.579306189415532913e-02
-4.833986613118668174e-02
-5.343347460524938697e-02
-5.343347460524938697e-02
-5.852708307931209220e-02
-5.598027884228073958e-02
-5.343347460524938697e-02
-4.833986613118668174e-02
-4.833986613118668174e-02
-4.579306189415532913e-02
-5.088667036821803435e-02
-5.343347460524938697e-02
-5.852708307931209220e-02
-5.343347460524938697e-02
-5.088667036821803435e-02
-4.833986613118668174e-02
-4.579306189415532913e-02
-5.343347460524938697e-02
-5.088667036821803435e-02
-6.107388731634344481e-02
-5.343347460524938697e-02
-5.343347460524938697e-02
-4.833986613118668174e-02
-4.579306189415532913e-02
-5.343347460524938697e-02
-6.107388731634344481e-02
-5.852708307931209220e-02
-6.107388731634344481e-02
-5.598027884228073958e-02
-5.343347460524938697e-02
-4.579306189415532913e-02
-4.833986613118668174e-02
-5.343347460524938697e-02
-5.343347460524938697e-02
-5.852708307931209220e-02
-6.107388731634344481e-02
-5.088667036821803435e-02
-5.088667036821803435e-02
-4.579306189415532913e-02
-5.088667036821803435e-02
-5.088667036821803435e-02
-5.088667036821803435e-02
-6.107388731634344481e-02
-5.343347460524938697e-02
-5.343347460524938697e-02
-4.833986613118668174e-02
-4.579306189415532913e-02
-5.343347460524938697e-02
-5.852708307931209220e-02
-5.852708307931209220e-02
-5.598027884228073958e-02
-5.343347460524938697e-02
-5.088667036821803435e-02
-4.579306189415532913e-02
-5.088667036821803435e-02
-5.343347460524938697e-02
-5.598027884228073958e-02
-6.107388731634344481e-02
-5.088667036821803435e-02
-5.343347460524938697e-02
-4.579306189415532913e-02
-4.833986613118668174e-02
-5.343347460524938697e-02
-5.088667036821803435e-02
-5.343347460524938697e-02
-5.852708307931209220e-02
-5.343347460524938697e-02
-5.343347460524938697e-02
-4.833986613118668174e-02
-4.579306189415532913e-02
-5.343347460524938697e-02
-5.343347460524938697e-02
-5.852708307931209220e-02
-5.852708307931209220e-02
-5.343347460524938697e-02
-5.088667036821803435e-02
-4.833986613118668174e-02
-5.343347460524938697e-02
-5.852708307931209220e-02
-5.852708307931209220e-02
-5.343347460524938697e-02
-5.343347460524938697e-02
-5.088667036821803435e-02
-5.088667036821803435e-02
-5.088667036821803435e-02
-5.343347460524938697e-02
-5.852708307931209220e-02
-5.343347460524938697e-02
-5.088667036821803435e-02
-4.579306189415532913e-02
-4.833986613118668174e-02
-5.343347460524938697e-02
-5.343347460524938697e-02
-5.852708307931209220e-02
-5.852708307931209220e-02
-5.343347460524938697e-02
-5.343347460524938697e-02
-4.833986613118668174e-02
-4.579306189415532913e-02
-5.088667036821803435e-02
-6.107388731634344481e-02
-6.107388731634344481e-02
-5.088667036821803435e-02
-5.088667036821803435e-02
-4.833986613118668174e-02
-4.833986613118668174e-02
-5.343347460524938697e-02
-5.088667036821803435e-02
-6.107388731634344481e-02
-5.852708307931209220e-02
-5.343347460524938697e-02
-4.833986613118668174e-02
-4.833986613118668174e-02
-5.598027884228073958e-02
-6.107388731634344481e-02
-6.107388731634344481e-02
-5.598027884228073958e-02
-5.343347460524938697e-02
-4.833986613118668174e-02
-4.833986613118668174e-02
-5.598027884228073958e-02
-5.088667036821803435e-02
-6.107388731634344481e-02
-5.343347460524938697e-02
-5.343347460524938697e-02
-4.833986613118668174e-02
-4.579306189415532913e-02
-5.343347460524938697e-02
-5.343347460524938697e-02
-5.343347460524938697e-02
-5.852708307931209220e-02
-5.598027884228073958e-02
-5.088667036821803435e-02
-4.579306189415532913e-02
-4.579306189415532913e-02
-5.343347460524938697e-02
-5.852708307931209220e-02
-5.852708307931209220e-02
-5.343347460524938697e-02
-4.579306189415532913e-02
-5.088667036821803435e-02
-4.833986613118668174e-02
-5.343347460524938697e-02
-5.852708307931209220e-02
-5.852708307931209220e-02
-6.107388731634344481e-02
-5.598027884228073958e-02
-5.343347460524938697e-02
-5.088667036821803435e-02
-4.579306189415532913e-02
-5.343347460524938697e-02
-5.343347460524938697e-02
-5.852708307931209220e-02
-5.343347460524938697e-02
-5.088667036821803435e-02
-4.833986613118668174e-02
-4.579306189415532913e-02
-5.343347460524938697e-02
-5.598027884228073958e-02
-5.852708307931209220e-02
-5.852708307931209220e-02
-5.343347460524938697e-02
-5.343347460524938697e-02
-4.833986613118668174e-02
-5.343347460524938697e-02
-5.343347460524938697e-02
-5.852708307931209220e-02
-5.598027884228073958e-02
-5.343347460524938697e-02
-5.088667036821803435e-02
-4.833986613118668174e-02
-5.343347460524938697e-02
-6.107388731634344481e-02
-5.852708307931209220e-02
-5.343347460524938697e-02
-5.343347460524938697e-02
-4.833986613118668174e-02
-4.579306189415532913e-02
-5.598027884228073958e-02
-5.343347460524938697e-02
-6.107388731634344481e-02
-5.852708307931209220e-02
-5.343347460524938697e-02
-5.343347460524938697e-02
-4.579306189415532913e-02
-4.833986613118668174e-02
-5.343347460524938697e-02
-5.343347460524938697e-02
-5.598027884228073958e-02
-5.343347460524938697e-02
-5.343347460524938697e-02
-4.579306189415532913e-02
-4.579306189415532913e-02
-5.343347460524938697e-02
-5.852708307931209220e-02
-5.852708307931209220e-02
-5.088667036821803435e-02
-4.833986613118668174e-02
-4.833986613118668174e-02
-4.833986613118668174e-02
-5.343347460524938697e-02
-5.343347460524938697e-02
-6.107388731634344481e-02
-5.852708307931209220e-02
-5.598027884228073958e-02
-5.088667036821803435e-02
-5.088667036821803435e-02
-5.343347460524938697e-02
-5.343347460524938697e-02
-5.088667036821803435e-02
-5.852708307931209220e-02
-6.107388731634344481e-02
-5.343347460524938697e-02
-5.598027884228073958e-02
-4.579306189415532913e-02
-4.833986613118668174e-02
-5.343347460524938697e-02
-6.107388731634344481e-02
-5.852708307931209220e-02
-5.088667036821803435e-02
-5.088667036821803435e-02
-4.833986613118668174e-02
-4.833986613118668174e-02
-5.088667036821803435e-02
-5.343347460524938697e-02
-5.852708307931209220e-02
-5.343347460524938697e-02
-5.343347460524938697e-02
-4.833986613118668174e-02
-5.088667036821803435e-02
-5.343347460524938697e-02
-5.852708307931209220e-02
-5.852708307931209220e-02
-5.343347460524938697e-02
-5.343347460524938697e-02
-4.833986613118668174e-02
-4.579306189415532913e-02
-5.343347460524938697e-02
-5.343347460524938697e-02
-6.107388731634344481e-02
-5.852708307931209220e-02
-5.343347460524938697e-02
-5.088667036821803435e-02
-5.088667036821803435e-02
-4.833986613118668174e-02
-5.088667036821803435e-02
-5.343347460524938697e-02
-5.852708307931209220e-02
-5.852708307931209220e-02
-5.343347460524938697e-02
-5.343347460524938697e-02
-4.833986613118668174e-02
-4.833986613118668174e-02
-5.343347460524938697e-02
-6.107388731634344481e-02
-5.852708307931209220e-02
-5.343347460524938697e-02
-5.343347460524938697e-02
-4.579306189415532913e-02
-4.579306189415532913e-02
-5.343347460524938697e-02
-5.343347460524938697e-02
-6.107388731634344481e-02
-6.107388731634344481e-02
-5.343347460524938697e-02
-5.088667036821803435e-02
-4.833986613118668174e-02
-4.579306189415532913e-02
-5.343347460524938697e-02
-5.852708307931209220e-02
-5.852708307931209220e-02
-5.343347460524938697e-02
-5.088667036821803435e-02
-4.579306189415532913e-02
-4.833986613118668174e-02
-5.343347460524938697e-02
-5.088667036821803435e-02
-5.852708307931209220e-02
-5.852708307931209220e-02
-5.343347460524938697e-02
-5.343347460524938697e-02
-4.579306189415532913e-02
-5.598027884228073958e-02
-5.343347460524938697e-02
-5.852708307931209220e-02
-6.107388731634344481e-02
-5.343347460524938697e-02
-4.833986613118668174e-02
-4.579306189415532913e-02
-5.343347460524938697e-02
-5.343347460524938697e-02
-6.107388731634344481e-02
-6.107388731634344481e-02
-5.343347460524938697e-02
-5.343347460524938697e-02
-5.088667036821803435e-02
-4.833986613118668174e-02
-5.088667036821803435e-02
-6.107388731634344481e-02
-5.852708307931209220e-02
-5.852708307931209220e-02
-5.598027884228073958e-02
-5.343347460524938697e-02
-4.579306189415532913e-02
-5.598027884228073958e-02
-5.343347460524938697e-02
-6.107388731634344481e-02
-5.852708307931209220e-02
-5.343347460524938697e-02
-5.343347460524938697e-02
-4.833986613118668174e-02
-4.579306189415532913e-02
-5.088667036821803435e-02
-5.088667036821803435e-02
-5.852708307931209220e-02
-5.598027884228073958e-02
-5.598027884228073958e-02
-5.088667036821803435e-02
-5.088667036821803435e-02
-5.343347460524938697e-02
-5.343347460524938697e-02
-6.107388731634344481e-02
-6.107388731634344481e-02
-5.598027884228073958e-02
-5.343347460524938697e-02
-4.579306189415532913e-02
-5.343347460524938697e-02
-4.833986613118668174e-02
-5.343347460524938697e-02
-6.107388731634344481e-02
-6.107388731634344481e-02
-5.343347460524938697e-02
-5.088667036821803435e-02
-4.579306189415532913e-02
-4.833986613118668174e-02
-5.343347460524938697e-02
-5.088667036821803435e-02
-5.852708307931209220e-02
-6.107388731634344481e-02
-5.343347460524938697e-02
-5.088667036821803435e-02
-4.833986613118668174e-02
-4.833986613118668174e-02
-5.343347460524938697e-02
-5.852708307931209220e-02
-6.107388731634344481e-02
-5.343347460524938697e-02
-5.088667036821803435e-02
-4.833986613118668174e-02
-4.833986613118668174e-02
-5.088667036821803435e-02
-5.852708307931209220e-02
-5.852708307931209220e-02
-5.598027884228073958e-02
-4.833986613118668174e-02
-4.833986613118668174e-02
-5.343347460524938697e-02
-5.343347460524938697e-02
-6.107388731634344481e-02
-5.852708307931209220e-02
-5.852708307931209220e-02
-5.343347460524938697e-02
-5.343347460524938697e-02
-4.579306189415532913e-02
-5.343347460524938697e-02
-5.088667036821803435e-02
-5.852708307931209220e-02
-5.852708307931209220e-02
-5.088667036821803435e-02
-5.343347460524938697e-02
-4.833986613118668174e-02
-4.833986613118668174e-02
-5.343347460524938697e-02
-5.343347460524938697e-02
-5.852708307931209220e-02
-5.343347460524938697e-02
-5.343347460524938697e-02
-4.833986613118668174e-02
-5.343347460524938697e-02
-5.088667036821803435e-02
-5.852708307931209220e-02
-6.107388731634344481e-02
-5.852708307931209220e-02
-5.088667036821803435e-02
-5.343347460524938697e-02
-4.833986613118668174e-02
-4.579306189415532913e-02
-5.088667036821803435e-02
-5.852708307931209220e-02
-5.852708307931209220e-02
-5.598027884228073958e-02
-5.088667036821803435e-02
-4.833986613118668174e-02
-4.579306189415532913e-02
-5.343347460524938697e-02
-6.107388731634344481e-02
-5.088667036821803435e-02
-5.343347460524938697e-02
-5.088667036821803435e-02
-4.833986613118668174e-02
-4.833986613118668174e-02
-5.343347460524938697e-02
-6.107388731634344481e-02
-5.852708307931209220e-02
-5.343347460524938697e-02
-5.343347460524938697e-02
-5.088667036821803435e-02
-5.343347460524938697e-02
-5.088667036821803435e-02
-5.343347460524938697e-02
-6.107388731634344481e-02
-5.852708307931209220e-02
-5.343347460524938697e-02
-5.343347460524938697e-02
-4.833986613118668174e-02
-5.343347460524938697e-02
-5.852708307931209220e-02
-5.852708307931209220e-02
-5.343347460524938697e-02
-5.343347460524938697e-02
-4.833986613118668174e-02
-5.343347460524938697e-02
-4.324625765712397651e-02
-5.343347460524938697e-02
-5.343347460524938697e-02
-6.107388731634344481e-02
-5.343347460524938697e-02
-5.343347460524938697e-02
-4.833986613118668174e-02
-4.833986613118668174e-02
-5.088667036821803435e-02
-5.088667036821803435e-02
-5.852708307931209220e-02
-5.852708307931209220e-02
-5.088667036821803435e-02
-4.833986613118668174e-02
-5.343347460524938697e-02
-5.343347460524938697e-02
-6.107388731634344481e-02
-5.852708307931209220e-02
-5.343347460524938697e-02
-5.343347460524938697e-02
-5.088667036821803435e-02
-4.579306189415532913e-02
-5.343347460524938697e-02
-5.852708307931209220e-02
-5.852708307931209220e-02
-5.088667036821803435e-02
-5.088667036821803435e-02
-4.833986613118668174e-02
-4.833986613118668174e-02
-5.088667036821803435e-02
-5.852708307931209220e-02
-6.107388731634344481e-02
-5.852708307931209220e-02
-5.343347460524938697e-02
-4.833986613118668174e-02
-5.088667036821803435e-02
-4.579306189415532913e-02
-5.343347460524938697e-02
-5.343347460524938697e-02
-5.852708307931209220e-02
-5.088667036821803435e-02
-4.833986613118668174e-02
-4.579306189415532913e-02
-5.343347460524938697e-02
-5.343347460524938697e-02
-5.852708307931209220e-02
-6.107388731634344481e-02
-5.088667036821803435e-02
-5.343347460524938697e-02
-4.833986613118668174e-02
-4.833986613118668174e-02
-5.343347460524938697e-02
-5.343347460524938697e-02
-5.852708307931209220e-02
-5.852708307931209220e-02
-5.343347460524938697e-02
-4.833986613118668174e-02
-4.579306189415532913e-02
-5.343347460524938697e-02
-5.343347460524938697e-02
-6.107388731634344481e-02
-5.852708307931209220e-02
-5.343347460524938697e-02
-5.343347460524938697e-02
-4.579306189415532913e-02
-5.343347460524938697e-02
-5.343347460524938697e-02
-6.107388731634344481e-02
-5.343347460524938697e-02
-5.088667036821803435e-02
-5.088667036821803435e-02
-5.343347460524938697e-02
-5.343347460524938697e-02
-6.107388731634344481e-02
-5.852708307931209220e-02
-5.343347460524938697e-02
-5.343347460524938697e-02
-4.579306189415532913e-02
-5.343347460524938697e-02
-5.598027884228073958e-02
-5.852708307931209220e-02
-6.107388731634344481e-02
-5.852708307931209220e-02
-5.088667036821803435e-02
-4.579306189415532913e-02
-4.579306189415532913e-02
-5.598027884228073958e-02
-5.852708307931209220e-02
-6.107388731634344481e-02
-5.852708307931209220e-02
-5.343347460524938697e-02
-4.833986613118668174e-02
-4.833986613118668174e-02
-5.343347460524938697e-02
-5.343347460524938697e-02
-6.107388731634344481e-02
-5.852708307931209220e-02
-5.598027884228073958e-02
-4.833986613118668174e-02
-5.088667036821803435e-02
-5.343347460524938697e-02
-5.343347460524938697e-02
-6.107388731634344481e-02
-5.343347460524938697e-02
-5.343347460524938697e-02
-4.579306189415532913e-02
-4.833986613118668174e-02
-4.579306189415532913e-02
-5.088667036821803435e-02
-6.107388731634344481e-02
-6.107388731634344481e-02
-5.088667036821803435e-02
-5.343347460524938697e-02
-4.833986613118668174e-02
-4.579306189415532913e-02
-5.343347460524938697e-02
-5.343347460524938697e-02
-6.107388731634344481e-02
-6.107388731634344481e-02
-5.343347460524938697e-02
-4.833986613118668174e-02
-4.579306189415532913e-02
-4.579306189415532913e-02
-5.343347460524938697e-02
-5.343347460524938697e-02
-5.852708307931209220e-02
-6.107388731634344481e-02
-5.343347460524938697e-02
-5.088667036821803435e-02
-4.833986613118668174e-02
-5.343347460524938697e-02
-5.343347460524938697e-02
-6.107388731634344481e-02
-6.107388731634344481e-02
-5.343347460524938697e-02
-5.088667036821803435e-02
-5.088667036821803435e-02
-4.833986613118668174e-02
-5.343347460524938697e-02
-5.343347460524938697e-02
-5.852708307931209220e-02
-5.343347460524938697e-02
-5.343347460524938697e-02
-4.833986613118668174e-02
-4.833986613118668174e-02
-5.343347460524938697e-02
-5.088667036821803435e-02
-5.852708307931209220e-02
-5.852708307931209220e-02
-5.343347460524938697e-02
-4.833986613118668174e-02
-4.833986613118668174e-02
-5.088667036821803435e-02
-6.107388731634344481e-02
-6.107388731634344481e-02
-5.598027884228073958e-02
-5.343347460524938697e-02
-4.579306189415532913e-02
-5.088667036821803435e-02
-5.343347460524938697e-02
-5.343347460524938697e-02
-5.852708307931209220e-02
-5.852708307931209220e-02
-5.852708307931209220e-02
-5.343347460524938697e-02
-5.343347460524938697e-02
-4.833986613118668174e-02
-5.343347460524938697e-02
-5.343347460524938697e-02
-5.852708307931209220e-02
-5.088667036821803435e-02
-5.598027884228073958e-02
-4.833986613118668174e-02
-4.833986613118668174e-02
-5.343347460524938697e-02
-5.343347460524938697e-02
-5.852708307931209220e-02
-6.107388731634344481e-02
-5.343347460524938697e-02
-5.088667036821803435e-02
-4.579306189415532913e-02
-5.343347460524938697e-02
-5.343347460524938697e-02
-6.107388731634344481e-02
-5.852708307931209220e-02
-5.343347460524938697e-02
-5.343347460524938697e-02
-4.833986613118668174e-02
-5.088667036821803435e-02
-5.343347460524938697e-02
-6.107388731634344481e-02
-6.107388731634344481e-02
-5.343347460524938697e-02
-5.343347460524938697e-02
-5.088667036821803435e-02
-4.833986613118668174e-02
-5.343347460524938697e-02
-6.107388731634344481e-02
-5.852708307931209220e-02
-5.343347460524938697e-02
-5.343347460524938697e-02
-4.833986613118668174e-02
-4.833986613118668174e-02
-5.343347460524938697e-02
-5.598027884228073958e-02
-6.107388731634344481e-02
-5.343347460524938697e-02
-5.598027884228073958e-02
-4.833986613118668174e-02
-4.833986613118668174e-02
-5.343347460524938697e-02
-5.343347460524938697e-02
-5.088667036821803435e-02
-5.852708307931209220e-02
-5.598027884228073958e-02
-5.343347460524938697e-02
-4.833986613118668174e-02
-5.343347460524938697e-02
-5.343347460524938697e-02
-6.107388731634344481e-02
-6.107388731634344481e-02
-5.088667036821803435e-02
-5.343347460524938697e-02
-4.833986613118668174e-02
-4.579306189415532913e-02
-5.598027884228073958e-02
-5.088667036821803435e-02
-5.852708307931209220e-02
-6.107388731634344481e-02
-5.343347460524938697e-02
-4.579306189415532913e-02
-4.833986613118668174e-02
-5.343347460524938697e-02
-5.343347460524938697e-02
-5.852708307931209220e-02
-5.088667036821803435e-02
-5.343347460524938697e-02
-4.833986613118668174e-02
-4.833986613118668174e-02
-5.343347460524938697e-02
-5.343347460524938697e-02
-5.852708307931209220e-02
-5.343347460524938697e-02
-5.088667036821803435e-02
-5.343347460524938697e-02
-4.579306189415532913e-02
-5.343347460524938697e-02
-5.088667036821803435e-02
-5.088667036821803435e-02
-6.107388731634344481e-02
-5.088667036821803435e-02
-5.598027884228073958e-02
-5.088667036821803435e-02
-4.833986613118668174e-02
-5.343347460524938697e-02
-6.107388731634344481e-02
-5.852708307931209220e-02
-6.107388731634344481e-02
-5.598027884228073958e-02
-5.343347460524938697e-02
-4.833986613118668174e-02
-5.343347460524938697e-02
-5.343347460524938697e-02
-6.107388731634344481e-02
-6.107388731634344481e-02
-5.088667036821803435e-02
-5.088667036821803435e-02
-5.343347460524938697e-02
-4.833986613118668174e-02
-5.343347460524938697e-02
-5.343347460524938697e-02
-5.852708307931209220e-02
-6.107388731634344481e-02
-5.343347460524938697e-02
-5.343347460524938697e-02
-4.579306189415532913e-02
-4.833986613118668174e-02
-5.343347460524938697e-02
-5.343347460524938697e-02
-6.107388731634344481e-02
-6.107388731634344481e-02
-5.598027884228073958e-02
-5.088667036821803435e-02
-4.579306189415532913e-02
-5.343347460524938697e-02
-5.088667036821803435e-02
-5.852708307931209220e-02
-5.343347460524938697e-02
-5.088667036821803435e-02
-4.579306189415532913e-02
-4.579306189415532913e-02
-5.343347460524938697e-02
-5.343347460524938697e-02
-6.107388731634344481e-02
-5.088667036821803435e-02
-5.088667036821803435e-02
-5.343347460524938697e-02
-4.579306189415532913e-02
-4.579306189415532913e-02
-5.343347460524938697e-02
-5.343347460524938697e-02
-6.107388731634344481e-02
-5.852708307931209220e-02
-5.088667036821803435e-02
-5.343347460524938697e-02
-4.833986613118668174e-02
-4.579306189415532913e-02
-5.343347460524938697e-02
-5.343347460524938697e-02
-5.852708307931209220e-02
-5.343347460524938697e-02
-5.088667036821803435e-02
-4.579306189415532913e-02
-5.343347460524938697e-02
-6.107388731634344481e-02
-6.107388731634344481e-02
-5.852708307931209220e-02
-5.343347460524938697e-02
-5.088667036821803435e-02
-5.088667036821803435e-02
-4.833986613118668174e-02
-5.598027884228073958e-02
-5.343347460524938697e-02
-5.852708307931209220e-02
-5.852708307931209220e-02
-5.343347460524938697e-02
-4.833986613118668174e-02
-4.833986613118668174e-02
-5.088667036821803435e-02
-5.343347460524938697e-02
-5.598027884228073958e-02
-5.852708307931209220e-02
-5.343347460524938697e-02
-5.343347460524938697e-02
-4.324625765712397651e-02
-5.343347460524938697e-02
-5.343347460524938697e-02
-5.343347460524938697e-02
-5.852708307931209220e-02
-5.088667036821803435e-02
-5.343347460524938697e-02
-4.833986613118668174e-02
-4.833986613118668174e-02
-4.833986613118668174e-02
-5.343347460524938697e-02
-6.107388731634344481e-02
-5.852708307931209220e-02
-5.852708307931209220e-02
-5.343347460524938697e-02
-4.579306189415532913e-02
-5.088667036821803435e-02
-5.343347460524938697e-02
-5.343347460524938697e-02
-5.852708307931209220e-02
-5.343347460524938697e-02
-5.088667036821803435e-02
-4.833986613118668174e-02
-4.579306189415532913e-02
-5.343347460524938697e-02
-5.088667036821803435e-02
-5.852708307931209220e-02
-5.852708307931209220e-02
-5.088667036821803435e-02
-4.579306189415532913e-02
-4.833986613118668174e-02
-5.088667036821803435e-02
-5.343347460524938697e-02
-5.852708307931209220e-02
-5.852708307931209220e-02
-5.343347460524938697e-02
-5.343347460524938697e-02
-4.833986613118668174e-02
-4.833986613118668174e-02
-5.088667036821803435e-02
-5.343347460524938697e-02
-6.107388731634344481e-02
-6.107388731634344481e-02
-5.343347460524938697e-02
-5.343347460524938697e-02
-4.833986613118668174e-02
-4.833986613118668174e-02
-5.088667036821803435e-02
-5.088667036821803435e-02
-5.598027884228073958e-02
-5.852708307931209220e-02
-5.343347460524938697e-02
-4.833986613118668174e-02
-5.343347460524938697e-02
-5.343347460524938697e-02
-5.088667036821803435e-02
-5.852708307931209220e-02
